202002,Beauty,Apparel,Взрослая одежда,0,Fact,1035892264,3902999910,22.01.2021 12:40:23
202002,Beauty,Apparel,Бижутерия и часы бижутерные,0,Fact,382445226,4178226484,22.01.2021 12:40:23
202002,Beauty,Apparel,Детская одежда,0,Fact,3269124983,354317284,22.01.2021 12:40:23
202002,Beauty,Apparel,Детская обувь,0,Fact,661832393,2150596089,22.01.2021 12:40:23
202002,Beauty,Apparel,Аксессуары для взрослых и детей,1,Fact,3852104585,3183125392,22.01.2021 12:40:23
202002,Beauty,Apparel,Аксессуары для взрослых и детей,0,Fact,768535284,1898971041,22.01.2021 12:40:23
202002,Beauty,Apparel,Взрослая обувь,0,Fact,610425156,3544118450,22.01.2021 12:40:23
202002,Beauty,Apparel,Взрослая одежда,0,Fact,4247043051,3196189922,22.12.2020 12:40:23
202002,Beauty,Apparel,Аксессуары для взрослых и детей,1,Fact,2494270623,350696907,22.12.2020 12:40:23
202002,Beauty,Apparel,Детская обувь,0,Fact,2882445383,196811862,22.12.2020 12:40:23
202002,Beauty,Apparel,Аксессуары для взрослых и детей,0,Fact,909505007,2904887893,22.12.2020 12:40:23
202002,Beauty,Apparel,Бижутерия и часы бижутерные,0,Fact,4097203440,217572602,22.12.2020 12:40:23
202002,Beauty,Apparel,Детская одежда,0,Fact,4178756920,4088833752,22.12.2020 12:40:23
202002,Beauty,Apparel,Взрослая обувь,0,Fact,2859738618,1284244894,22.12.2020 12:40:23
202002,Beauty,Health&Beauty,Косметические аксессуары,0,Fact,2018572498,2450029613,22.01.2021 12:40:23
202002,Beauty,Health&Beauty,Косметика для ухода за волосами,1,Fact,2007956711,1840475116,22.01.2021 12:40:23
202002,Beauty,Health&Beauty,Косметика для ухода за волосами,0,Fact,1940630086,429542344,22.01.2021 12:40:23
202002,Beauty,Health&Beauty,Парфюмерия  ароматерапия,0,Fact,2947116715,2037860,22.01.2021 12:40:23
202002,Beauty,Health&Beauty,Косметические средства для детей и беременных,1,Fact,3378349517,3820910361,22.01.2021 12:40:23
202002,Beauty,Health&Beauty,Косметические средства для детей и беременных,0,Fact,2640681736,897221415,22.01.2021 12:40:23
202002,Beauty,Health&Beauty,Косметика для ухода за кожей,0,Fact,2324308366,1208059237,22.01.2021 12:40:23
202002,Beauty,Health&Beauty,Косметика для ухода за кожей,1,Fact,2697582189,938852228,22.01.2021 12:40:23
202002,Beauty,Health&Beauty,Декоративная косметика,0,Fact,995221804,3671240138,22.01.2021 12:40:23
202002,Beauty,Health&Beauty,Уход и гигиена,0,Fact,4274168849,3234167213,22.01.2021 12:40:23
202002,Beauty,Health&Beauty,Декоративная косметика,1,Fact,2829608606,3412259560,22.01.2021 12:40:23
202002,Beauty,Health&Beauty,Косметическая техника,0,Fact,3324596314,1243835301,22.01.2021 12:40:23
202002,Beauty,Health&Beauty,Уход и гигиена,1,Fact,2907259178,3649431327,22.01.2021 12:40:23
202002,Beauty,Health&Beauty,Косметика для ухода за волосами,1,Fact,1173727084,3880412802,22.12.2020 12:40:23
202002,Beauty,Health&Beauty,Парфюмерия  ароматерапия,0,Fact,2134115544,584139195,22.12.2020 12:40:23
202002,Beauty,Health&Beauty,Косметические средства для детей и беременных,1,Fact,1677617311,2737372070,22.12.2020 12:40:23
202002,Beauty,Health&Beauty,Косметика для ухода за волосами,0,Fact,2800443155,2728339542,22.12.2020 12:40:23
202002,Beauty,Health&Beauty,Косметика для ухода за кожей,0,Fact,3026287090,4217154195,22.12.2020 12:40:23
202002,Beauty,Health&Beauty,Косметические аксессуары,0,Fact,2427494124,138143895,22.12.2020 12:40:23
202002,Beauty,Health&Beauty,Косметика для ухода за кожей,1,Fact,2937954318,4155373738,22.12.2020 12:40:23
202002,Beauty,Health&Beauty,Декоративная косметика,0,Fact,2857699251,1175791734,22.12.2020 12:40:23
202002,Beauty,Health&Beauty,Косметическая техника,0,Fact,4286324684,3889807114,22.12.2020 12:40:23
202002,Beauty,Health&Beauty,Уход и гигиена,0,Fact,423497176,2028653149,22.12.2020 12:40:23
202002,Beauty,Health&Beauty,Косметические средства для детей и беременных,0,Fact,409751606,3086621598,22.12.2020 12:40:23
202002,Beauty,Health&Beauty,Уход и гигиена,1,Fact,1119871579,453109046,22.12.2020 12:40:23
202002,Beauty,Health&Beauty,Декоративная косметика,1,Fact,1815900422,3027700565,22.12.2020 12:40:23
202002,Beauty,Jewelry,Ювелирные изделия,0,Fact,1670359760,1283674337,22.01.2021 12:40:23
202002,Beauty,Jewelry,Ювелирные изделия,0,Fact,87934906,1910403492,22.12.2020 12:40:23
202002,Beauty,Pharmacy,Медицинские изделия,0,Fact,1846848111,3401566512,22.01.2021 12:40:23
202002,Beauty,Pharmacy,Средства реабилитации,0,Fact,842134055,362569401,22.01.2021 12:40:23
202002,Beauty,Pharmacy,Витамины и БАДы,0,Fact,3240558545,3618181126,22.01.2021 12:40:23
202002,Beauty,Pharmacy,Антибактериальные  дезинфицирующие средства,0,Fact,3251444834,1679080135,22.01.2021 12:40:23
202002,Beauty,Pharmacy,Товары для взрослых,0,Fact,3704176307,3436949906,22.01.2021 12:40:23
202002,Beauty,Pharmacy,Профессиональный уход за полостью рта,0,Fact,3836102202,2372307842,22.01.2021 12:40:23
202002,Beauty,Pharmacy,Электронные сигареты  парители  кальяны,0,Fact,345860465,3050141221,22.01.2021 12:40:23
202002,Beauty,Pharmacy,Лекарственные средства для животных,0,Fact,2541048582,3626147327,22.01.2021 12:40:23
202002,Beauty,Pharmacy,Уход и гигиена,0,Fact,700377233,2398588027,22.01.2021 12:40:23
202002,Beauty,Pharmacy,Медицинская техника,0,Fact,1675426457,1523546531,22.01.2021 12:40:23
202002,Beauty,Pharmacy,Парафармацевтика,0,Fact,2689552792,3515766843,22.01.2021 12:40:23
202002,Beauty,Pharmacy,Товары для взрослых,1,Fact,3114768585,3195720183,22.01.2021 12:40:23
202002,Beauty,Pharmacy,Тату,0,Fact,233129404,3930016654,22.01.2021 12:40:23
202002,Beauty,Pharmacy,Спортивное питание,0,Fact,2633049433,3048844126,22.01.2021 12:40:23
202002,Beauty,Pharmacy,Ортопедия и компрессионный трикотаж,0,Fact,3140521914,134067731,22.01.2021 12:40:23
202002,Beauty,Pharmacy,Оптика,0,Fact,3486469218,3764221588,22.01.2021 12:40:23
202002,Beauty,Pharmacy,Уход и гигиена,1,Fact,3710088005,2184033087,22.01.2021 12:40:23
202002,Beauty,Pharmacy,Антибактериальные  дезинфицирующие средства,1,Fact,517615922,1700071511,22.01.2021 12:40:23
202002,Beauty,Pharmacy,Лекарственные средства,0,Fact,525112970,3599072695,22.01.2021 12:40:23
202002,Beauty,Pharmacy,Профессиональный уход за полостью рта,0,Fact,908943783,2563688137,22.12.2020 12:40:23
202002,Beauty,Pharmacy,Лекарственные средства для животных,0,Fact,3406413943,2220033348,22.12.2020 12:40:23
202002,Beauty,Pharmacy,Уход и гигиена,0,Fact,865433854,3343391582,22.12.2020 12:40:23
202002,Beauty,Pharmacy,Медицинская техника,0,Fact,3398478738,3452803022,22.12.2020 12:40:23
202002,Beauty,Pharmacy,Товары для взрослых,1,Fact,587368839,1214399999,22.12.2020 12:40:23
202002,Beauty,Pharmacy,Медицинские изделия,0,Fact,1241786469,618547019,22.12.2020 12:40:23
202002,Beauty,Pharmacy,Витамины и БАДы,0,Fact,588502408,3611763057,22.12.2020 12:40:23
202002,Beauty,Pharmacy,Тату,0,Fact,4272433104,2004853333,22.12.2020 12:40:23
202002,Beauty,Pharmacy,Парафармацевтика,0,Fact,1382376300,2956391754,22.12.2020 12:40:23
202002,Beauty,Pharmacy,Антибактериальные  дезинфицирующие средства,0,Fact,100849207,3676638836,22.12.2020 12:40:23
202002,Beauty,Pharmacy,Товары для взрослых,0,Fact,687087107,3468353502,22.12.2020 12:40:23
202002,Beauty,Pharmacy,Лекарственные средства,0,Fact,3113522746,721435312,22.12.2020 12:40:23
202002,Beauty,Pharmacy,Электронные сигареты  парители  кальяны,0,Fact,105616142,3923468119,22.12.2020 12:40:23
202002,Beauty,Pharmacy,Спортивное питание,0,Fact,3997165344,1151303815,22.12.2020 12:40:23
202002,Beauty,Pharmacy,Ортопедия и компрессионный трикотаж,0,Fact,1064109090,2772424826,22.12.2020 12:40:23
202002,Beauty,Pharmacy,Оптика,0,Fact,3939385300,2643908914,22.12.2020 12:40:23
202002,Beauty,Pharmacy,Средства реабилитации,0,Fact,3261312829,3554633846,22.12.2020 12:40:23
202002,Beauty,Pharmacy,Уход и гигиена,1,Fact,961965771,4275816086,22.12.2020 12:40:23
202002,Beauty,Pharmacy,Антибактериальные  дезинфицирующие средства,1,Fact,3476941201,248254747,22.12.2020 12:40:23
202002,ES + Home,Auto&Moto,Автоинструменты и гаражное оборудование,0,Fact,944243036,1227226612,22.01.2021 12:40:23
202002,ES + Home,Auto&Moto,Масла и автохимия,0,Fact,3994604711,1079866712,22.01.2021 12:40:23
202002,ES + Home,Auto&Moto,Универсальные авто и мото аксессуары,0,Fact,2207415193,1531734105,22.01.2021 12:40:23
202002,ES + Home,Auto&Moto,Авто и мото запчасти,0,Fact,1024880289,2792350425,22.01.2021 12:40:23
202002,ES + Home,Auto&Moto,Шины и диски,0,Fact,203008181,2612759855,22.01.2021 12:40:23
202002,ES + Home,Auto&Moto,Дополнительное оборудование для авто и мото техники,0,Fact,3941923011,3480879130,22.01.2021 12:40:23
202002,ES + Home,Auto&Moto,Масла и автохимия,0,Fact,1381470357,226823923,22.12.2020 12:40:23
202002,ES + Home,Auto&Moto,Автоинструменты и гаражное оборудование,0,Fact,1911143849,4110757280,22.12.2020 12:40:23
202002,ES + Home,Auto&Moto,Авто и мото запчасти,0,Fact,1239245909,2504683276,22.12.2020 12:40:23
202002,ES + Home,Auto&Moto,Шины и диски,0,Fact,3914068822,1707880574,22.12.2020 12:40:23
202002,ES + Home,Auto&Moto,Универсальные авто и мото аксессуары,0,Fact,3667267562,2517239184,22.12.2020 12:40:23
202002,ES + Home,Auto&Moto,Дополнительное оборудование для авто и мото техники,0,Fact,3801052077,3255927806,22.12.2020 12:40:23
202002,ES + Home,Books,Книга по требованию,0,Fact,3093884117,3568043239,22.01.2021 12:40:23
202002,ES + Home,Books,Антикварное издание,0,Fact,1845377000,3955810422,22.01.2021 12:40:23
202002,ES + Home,Books,Цифровая книга,0,Fact,182515992,2880066928,22.01.2021 12:40:23
202002,ES + Home,Books,Аудиокнига,0,Fact,2168284808,69876590,22.01.2021 12:40:23
202002,ES + Home,Books,Иностранное издание,0,Fact,1837173669,89965177,22.01.2021 12:40:23
202002,ES + Home,Books,Книги детям и родителям,0,Fact,1240186877,4073783972,22.01.2021 12:40:23
202002,ES + Home,Books,Блокноты с ISBN,0,Fact,2989375180,2413034789,22.01.2021 12:40:23
202002,ES + Home,Books,Бизнес-литература,0,Fact,2891442190,2180510674,22.01.2021 12:40:23
202002,ES + Home,Books,Современные картографические издания,0,Fact,1748210531,2732654803,22.01.2021 12:40:23
202002,ES + Home,Books,Комиксы,0,Fact,2453596894,2302885906,22.01.2021 12:40:23
202002,ES + Home,Books,Учебная литература,0,Fact,3319562,86279037,22.01.2021 12:40:23
202002,ES + Home,Books,ПО на физических носителях,0,Fact,893376038,2031525869,22.01.2021 12:40:23
202002,ES + Home,Books,Календари,0,Fact,60970736,894836021,22.01.2021 12:40:23
202002,ES + Home,Books,Литература на иностранном языке,0,Fact,3917067509,1628359699,22.01.2021 12:40:23
202002,ES + Home,Books,Second-hand книга,0,Fact,3321718004,832833489,22.01.2021 12:40:23
202002,ES + Home,Books,Современная печатная книга,0,Fact,4109043863,3473780067,22.01.2021 12:40:23
202002,ES + Home,Books,Манга,0,Fact,1646610115,2961776481,22.01.2021 12:40:23
202002,ES + Home,Books,Современные листовые издания,0,Fact,2857034444,4060287632,22.01.2021 12:40:23
202002,ES + Home,Books,Художественная литература,0,Fact,340159086,2572756889,22.01.2021 12:40:23
202002,ES + Home,Books,Букинистическое издание,0,Fact,3517082899,2857359286,22.01.2021 12:40:23
202002,ES + Home,Books,Нехудожественная литература,0,Fact,368965246,2150530828,22.01.2021 12:40:23
202002,ES + Home,Books,Современные картографические издания,0,Fact,149460526,1460942165,22.12.2020 12:40:23
202002,ES + Home,Books,Комиксы,0,Fact,254227016,1981821749,22.12.2020 12:40:23
202002,ES + Home,Books,Учебная литература,0,Fact,417936358,459791113,22.12.2020 12:40:23
202002,ES + Home,Books,Календари,0,Fact,4129570193,1650489174,22.12.2020 12:40:23
202002,ES + Home,Books,Литература на иностранном языке,0,Fact,1380415390,1819245678,22.12.2020 12:40:23
202002,ES + Home,Books,Second-hand книга,0,Fact,4073420159,78947041,22.12.2020 12:40:23
202002,ES + Home,Books,Книга по требованию,0,Fact,2736760126,4183173011,22.12.2020 12:40:23
202002,ES + Home,Books,Антикварное издание,0,Fact,2431058093,150176492,22.12.2020 12:40:23
202002,ES + Home,Books,Цифровая книга,0,Fact,1479068687,1984775473,22.12.2020 12:40:23
202002,ES + Home,Books,Аудиокнига,0,Fact,1109094435,337649624,22.12.2020 12:40:23
202002,ES + Home,Books,Иностранное издание,0,Fact,4032376777,146099494,22.12.2020 12:40:23
202002,ES + Home,Books,Художественная литература,0,Fact,3686538604,541562376,22.12.2020 12:40:23
202002,ES + Home,Books,Книги детям и родителям,0,Fact,541741488,1809401709,22.12.2020 12:40:23
202002,ES + Home,Books,Блокноты с ISBN,0,Fact,2314547207,4142439211,22.12.2020 12:40:23
202002,ES + Home,Books,ПО на физических носителях,0,Fact,1168787127,1551334055,22.12.2020 12:40:23
202002,ES + Home,Books,Бизнес-литература,0,Fact,1822392004,4294023636,22.12.2020 12:40:23
202002,ES + Home,Books,Современная печатная книга,0,Fact,2443954624,1407890978,22.12.2020 12:40:23
202002,ES + Home,Books,Манга,0,Fact,2141414750,1868957899,22.12.2020 12:40:23
202002,ES + Home,Books,Современные листовые издания,0,Fact,4253836769,1369273921,22.12.2020 12:40:23
202002,ES + Home,Books,Букинистическое издание,0,Fact,23123786,1692263540,22.12.2020 12:40:23
202002,ES + Home,Books,Нехудожественная литература,0,Fact,759140189,3087776763,22.12.2020 12:40:23
202002,ES + Home,Digital,Програмное обеспечение Digital,0,Fact,1719030145,1665625034,22.01.2021 12:40:23
202002,ES + Home,Digital,Програмное обеспечение Digital,0,Fact,2143219942,3658434650,22.12.2020 12:40:23
202002,ES + Home,DIY,Освещение,0,Fact,2182178022,1499744789,22.01.2021 12:40:23
202002,ES + Home,DIY,Ремонт и строительство,0,Fact,141711091,3117875168,22.01.2021 12:40:23
202002,ES + Home,DIY,Инструменты,0,Fact,1726636884,3245600727,22.01.2021 12:40:23
202002,ES + Home,DIY,Сантехника,0,Fact,292548766,3293608692,22.01.2021 12:40:23
202002,ES + Home,DIY,Фильтры для воды,0,Fact,3215451495,921832513,22.01.2021 12:40:23
202002,ES + Home,DIY,Сад и огород,0,Fact,1472319021,2783439992,22.01.2021 12:40:23
202002,ES + Home,DIY,Сантехника,0,Fact,3964594741,3940058763,22.12.2020 12:40:23
202002,ES + Home,DIY,Ремонт и строительство,0,Fact,88464948,3231548764,22.12.2020 12:40:23
202002,ES + Home,DIY,Освещение,0,Fact,2221175317,2569428892,22.12.2020 12:40:23
202002,ES + Home,DIY,Инструменты,0,Fact,3890755249,4156695431,22.12.2020 12:40:23
202002,ES + Home,DIY,Сад и огород,0,Fact,764398407,385012694,22.12.2020 12:40:23
202002,ES + Home,DIY,Фильтры для воды,0,Fact,872643102,3507860609,22.12.2020 12:40:23
202002,ES + Home,Furniture,Компьютерная и офисная мебель,0,Fact,683360988,3173819566,22.01.2021 12:40:23
202002,ES + Home,Furniture,Мебель для сада,0,Fact,2580101183,1448466331,22.01.2021 12:40:23
202002,ES + Home,Furniture,Мягкая мебель,0,Fact,315228017,1113818566,22.01.2021 12:40:23
202002,ES + Home,Furniture,Мебель для сна,0,Fact,1226875746,1168858500,22.01.2021 12:40:23
202002,ES + Home,Furniture,Прочая мебель,0,Fact,2572306476,4272723930,22.01.2021 12:40:23
202002,ES + Home,Furniture,Корпусная мебель и мебель для хранения,0,Fact,3626376711,1838467748,22.01.2021 12:40:23
202002,ES + Home,Furniture,Столы и стулья,0,Fact,3850541776,3731411065,22.01.2021 12:40:23
202002,ES + Home,Furniture,Компьютерная и офисная мебель,0,Fact,2402518730,1458982292,22.12.2020 12:40:23
202002,ES + Home,Furniture,Мягкая мебель,0,Fact,995001181,730418782,22.12.2020 12:40:23
202002,ES + Home,Furniture,Мебель для сна,0,Fact,3523521765,862450569,22.12.2020 12:40:23
202002,ES + Home,Furniture,Мебель для сада,0,Fact,678712912,1321690341,22.12.2020 12:40:23
202002,ES + Home,Furniture,Столы и стулья,0,Fact,3976567759,1989838001,22.12.2020 12:40:23
202002,ES + Home,Furniture,Прочая мебель,0,Fact,2604821839,4212895074,22.12.2020 12:40:23
202002,ES + Home,Furniture,Корпусная мебель и мебель для хранения,0,Fact,1204789526,4214385205,22.12.2020 12:40:23
202002,ES + Home,Household,Хранение,0,Fact,3708754353,341144680,22.01.2021 12:40:23
202002,ES + Home,Household,Кухня,0,Fact,2626829705,1197634381,22.01.2021 12:40:23
202002,ES + Home,Household,Домашний текстиль,0,Fact,1646180795,2266345162,22.01.2021 12:40:23
202002,ES + Home,Household,Интерьер и декор,0,Fact,2424466760,307637804,22.01.2021 12:40:23
202002,ES + Home,Household,Кухня,1,Fact,4111342824,1509614047,22.01.2021 12:40:23
202002,ES + Home,Household,Принадлежности для Нового года,0,Fact,1989309478,3025456966,22.01.2021 12:40:23
202002,ES + Home,Household,Аксессуары для уборки и стирки,1,Fact,2254991259,4292598785,22.01.2021 12:40:23
202002,ES + Home,Household,Аксессуары для уборки и стирки,0,Fact,3921944949,2290580157,22.01.2021 12:40:23
202002,ES + Home,Household,Антиквариат Хоум Декор,0,Fact,806495354,2687921207,22.01.2021 12:40:23
202002,ES + Home,Household,Ванная комната,0,Fact,3566480292,380265544,22.01.2021 12:40:23
202002,ES + Home,Household,Кухня,0,Fact,4067369009,509834099,22.12.2020 12:40:23
202002,ES + Home,Household,Домашний текстиль,0,Fact,404677378,4035542772,22.12.2020 12:40:23
202002,ES + Home,Household,Интерьер и декор,0,Fact,616036194,2948192857,22.12.2020 12:40:23
202002,ES + Home,Household,Кухня,1,Fact,3372173462,4000317004,22.12.2020 12:40:23
202002,ES + Home,Household,Хранение,0,Fact,2549569633,1521945879,22.12.2020 12:40:23
202002,ES + Home,Household,Аксессуары для уборки и стирки,0,Fact,3775698452,3658191612,22.12.2020 12:40:23
202002,ES + Home,Household,Антиквариат Хоум Декор,0,Fact,2311091992,2647807767,22.12.2020 12:40:23
202002,ES + Home,Household,Принадлежности для Нового года,0,Fact,2050862306,339058386,22.12.2020 12:40:23
202002,ES + Home,Household,Аксессуары для уборки и стирки,1,Fact,468623115,3729812750,22.12.2020 12:40:23
202002,ES + Home,Household,Ванная комната,0,Fact,2650827573,2383659610,22.12.2020 12:40:23
202002,ES + Home,Laptops & Computers,Домашняя Аудио и Видеотехника Lap&Comp,0,Fact,3783474559,148607077,22.01.2021 12:40:23
202002,ES + Home,Laptops & Computers,Компьютерная офисная техника Lap&Comp,0,Fact,96715900,183086493,22.01.2021 12:40:23
202002,ES + Home,Laptops & Computers,Компьютерная периферия Lap&Comp,0,Fact,1371578409,2008846062,22.01.2021 12:40:23
202002,ES + Home,Laptops & Computers,Расходный материал для электроники Lap&Comp,0,Fact,3412220142,3836197646,22.01.2021 12:40:23
202002,ES + Home,Laptops & Computers,Компьютеры Lap&Comp,0,Fact,1212981387,3093624710,22.01.2021 12:40:23
202002,ES + Home,Laptops & Computers,Домашняя Аудио и Видеотехника Lap&Comp,0,Fact,264664819,741711963,22.12.2020 12:40:23
202002,ES + Home,Laptops & Computers,Компьютерная периферия Lap&Comp,0,Fact,3810628978,3514275639,22.12.2020 12:40:23
202002,ES + Home,Laptops & Computers,Компьютеры Lap&Comp,0,Fact,1789572592,552497516,22.12.2020 12:40:23
202002,ES + Home,Laptops & Computers,Компьютерная офисная техника Lap&Comp,0,Fact,2588067760,3902699269,22.12.2020 12:40:23
202002,ES + Home,Laptops & Computers,Расходный материал для электроники Lap&Comp,0,Fact,1922314304,3165543062,22.12.2020 12:40:23
202002,ES + Home,Major Domestic Appliances,Крупная бытовая техника MDA,0,Fact,3737403600,2689284217,22.01.2021 12:40:23
202002,ES + Home,Major Domestic Appliances,Крупная бытовая техника MDA,0,Fact,2283619644,3358904408,22.12.2020 12:40:23
202002,ES + Home,Miscellaneous accessories,Бытовая техника Access,0,Fact,2600712918,895295911,22.01.2021 12:40:23
202002,ES + Home,Miscellaneous accessories,Средства связи Access,0,Fact,176183359,2701088147,22.01.2021 12:40:23
202002,ES + Home,Miscellaneous accessories,Фото и видео Access,0,Fact,1251014213,2988988231,22.01.2021 12:40:23
202002,ES + Home,Miscellaneous accessories,Игровые приставки и аксессуары Access,0,Fact,4071872625,1760816843,22.01.2021 12:40:23
202002,ES + Home,Miscellaneous accessories,Домашняя Аудио и Видеотехника Access,0,Fact,1219466522,2735950009,22.01.2021 12:40:23
202002,ES + Home,Miscellaneous accessories,Расходный материал для электроники Access,0,Fact,4035412675,2592423170,22.01.2021 12:40:23
202002,ES + Home,Miscellaneous accessories,Оборудование Access,0,Fact,1477161060,4137774985,22.01.2021 12:40:23
202002,ES + Home,Miscellaneous accessories,Компьютерная периферия Access,0,Fact,427284187,3323917017,22.01.2021 12:40:23
202002,ES + Home,Miscellaneous accessories,Автомобильная техника Access,0,Fact,1084225730,998907134,22.01.2021 12:40:23
202002,ES + Home,Miscellaneous accessories,Электронные товары хобби и отдых Access,0,Fact,3434193161,3998035301,22.01.2021 12:40:23
202002,ES + Home,Miscellaneous accessories,Компьютеры Access,0,Fact,121406228,2345633665,22.01.2021 12:40:23
202002,ES + Home,Miscellaneous accessories,Электропитание Access,0,Fact,1940616821,100196404,22.01.2021 12:40:23
202002,ES + Home,Miscellaneous accessories,Игровые приставки и аксессуары Access,0,Fact,3417949275,3532184642,22.12.2020 12:40:23
202002,ES + Home,Miscellaneous accessories,Домашняя Аудио и Видеотехника Access,0,Fact,3962114441,1255487674,22.12.2020 12:40:23
202002,ES + Home,Miscellaneous accessories,Бытовая техника Access,0,Fact,1175773310,4103200177,22.12.2020 12:40:23
202002,ES + Home,Miscellaneous accessories,Средства связи Access,0,Fact,3656784569,1650322572,22.12.2020 12:40:23
202002,ES + Home,Miscellaneous accessories,Компьютерная периферия Access,0,Fact,2704280918,542822821,22.12.2020 12:40:23
202002,ES + Home,Miscellaneous accessories,Автомобильная техника Access,0,Fact,3762273959,1033127055,22.12.2020 12:40:23
202002,ES + Home,Miscellaneous accessories,Электронные товары хобби и отдых Access,0,Fact,2305345409,3914113357,22.12.2020 12:40:23
202002,ES + Home,Miscellaneous accessories,Расходный материал для электроники Access,0,Fact,2674169559,4067737716,22.12.2020 12:40:23
202002,ES + Home,Miscellaneous accessories,Фото и видео Access,0,Fact,855162946,3696199475,22.12.2020 12:40:23
202002,ES + Home,Miscellaneous accessories,Оборудование Access,0,Fact,1718692521,3469623299,22.12.2020 12:40:23
202002,ES + Home,Miscellaneous accessories,Электропитание Access,0,Fact,601134800,2906203996,22.12.2020 12:40:23
202002,ES + Home,Miscellaneous accessories,Компьютеры Access,0,Fact,3712375158,3886964491,22.12.2020 12:40:23
202002,ES + Home,Small Domestic Appliances,Мелкая бытовая техника SDA,0,Fact,3964149099,911672188,22.01.2021 12:40:23
202002,ES + Home,Small Domestic Appliances,Оборудование SDA,0,Fact,3197128474,2291912896,22.01.2021 12:40:23
202002,ES + Home,Small Domestic Appliances,Оборудование SDA,0,Fact,1497518479,4011764817,22.12.2020 12:40:23
202002,ES + Home,Small Domestic Appliances,Мелкая бытовая техника SDA,0,Fact,490751224,3225041104,22.12.2020 12:40:23
202002,ES + Home,Smartphones & Tablets,Средства связи Smart&Tablets,0,Fact,1073472094,1010559059,22.01.2021 12:40:23
202002,ES + Home,Smartphones & Tablets,Компьютеры Smart&Tablets,0,Fact,2433440877,3238720590,22.01.2021 12:40:23
202002,ES + Home,Smartphones & Tablets,Компьютеры Smart&Tablets,0,Fact,3131115774,2072114377,22.12.2020 12:40:23
202002,ES + Home,Smartphones & Tablets,Средства связи Smart&Tablets,0,Fact,1302673000,4103159916,22.12.2020 12:40:23
202002,ES + Home,Sport,Зимние виды спорта,0,Fact,2163969832,1781735304,22.01.2021 12:40:23
202002,ES + Home,Sport,Летние виды спорта,0,Fact,1992580926,1723958784,22.01.2021 12:40:23
202002,ES + Home,Sport,Товары для охоты,0,Fact,3585910896,2075678095,22.01.2021 12:40:23
202002,ES + Home,Sport,Всесезонные виды спорта,0,Fact,3513891711,1969514076,22.01.2021 12:40:23
202002,ES + Home,Sport,Цирковое искусство,0,Fact,710659518,2342570331,22.01.2021 12:40:23
202002,ES + Home,Sport,Товары для рыбалки,0,Fact,3172444521,764841366,22.01.2021 12:40:23
202002,ES + Home,Sport,Единоборства,0,Fact,1421471513,3939324268,22.01.2021 12:40:23
202002,ES + Home,Sport,Туризм,0,Fact,2410996454,961587287,22.01.2021 12:40:23
202002,ES + Home,Sport,Тренажеры и фитнес,0,Fact,275474986,3138268281,22.01.2021 12:40:23
202002,ES + Home,Sport,Спортивные аксессуары,0,Fact,3767193271,667556705,22.01.2021 12:40:23
202002,ES + Home,Sport,Страйкбол и пневматика,0,Fact,1993140131,2333733644,22.01.2021 12:40:23
202002,ES + Home,Sport,Всесезонные виды спорта,0,Fact,473968385,846825849,22.12.2020 12:40:23
202002,ES + Home,Sport,Цирковое искусство,0,Fact,2796954299,2724810300,22.12.2020 12:40:23
202002,ES + Home,Sport,Товары для рыбалки,0,Fact,3581073134,539071711,22.12.2020 12:40:23
202002,ES + Home,Sport,Зимние виды спорта,0,Fact,849845108,3423145393,22.12.2020 12:40:23
202002,ES + Home,Sport,Единоборства,0,Fact,1016161424,2214863602,22.12.2020 12:40:23
202002,ES + Home,Sport,Спортивные аксессуары,0,Fact,1056263813,3325527088,22.12.2020 12:40:23
202002,ES + Home,Sport,Летние виды спорта,0,Fact,2226416011,341249867,22.12.2020 12:40:23
202002,ES + Home,Sport,Товары для охоты,0,Fact,2884373243,359886042,22.12.2020 12:40:23
202002,ES + Home,Sport,Страйкбол и пневматика,0,Fact,1793963959,600629917,22.12.2020 12:40:23
202002,ES + Home,Sport,Туризм,0,Fact,4166937727,1368453193,22.12.2020 12:40:23
202002,ES + Home,Sport,Тренажеры и фитнес,0,Fact,2197337144,2095869590,22.12.2020 12:40:23
202002,ES + Home,TV  audio  Hi-Fi & other electronics,Фан атрибутика TV&Audio,0,Fact,962715106,3044537957,22.01.2021 12:40:23
202002,ES + Home,TV  audio  Hi-Fi & other electronics,Система безопасности TV&Audio,0,Fact,413867475,2677257266,22.01.2021 12:40:23
202002,ES + Home,TV  audio  Hi-Fi & other electronics,Компьютерная периферия TV&Audio,0,Fact,3472160351,2030505499,22.01.2021 12:40:23
202002,ES + Home,TV  audio  Hi-Fi & other electronics,Програмное обеспечение TV&Audio,0,Fact,2221606461,3484704455,22.01.2021 12:40:23
202002,ES + Home,TV  audio  Hi-Fi & other electronics,Электронные товары хобби и отдых TV&Audio,0,Fact,3133445436,2847217470,22.01.2021 12:40:23
202002,ES + Home,TV  audio  Hi-Fi & other electronics,Игровые приставки и аксессуары TV&Audio,0,Fact,1191713348,908677646,22.01.2021 12:40:23
202002,ES + Home,TV  audio  Hi-Fi & other electronics,Компьютеры TV&Audio,0,Fact,1885194350,3556280380,22.01.2021 12:40:23
202002,ES + Home,TV  audio  Hi-Fi & other electronics,Movie,0,Fact,2907933194,1697561847,22.01.2021 12:40:23
202002,ES + Home,TV  audio  Hi-Fi & other electronics,Домашняя Аудио и Видеотехника TV&Audio,0,Fact,676943393,57512258,22.01.2021 12:40:23
202002,ES + Home,TV  audio  Hi-Fi & other electronics,Music,0,Fact,4246186678,2377285420,22.01.2021 12:40:23
202002,ES + Home,TV  audio  Hi-Fi & other electronics,Автомобильная техника TV&Audio,0,Fact,29985149,488549973,22.01.2021 12:40:23
202002,ES + Home,TV  audio  Hi-Fi & other electronics,Средства связи TV&Audio,0,Fact,1414552657,3934630401,22.01.2021 12:40:23
202002,ES + Home,TV  audio  Hi-Fi & other electronics,Фото и видео TV&Audio,0,Fact,2877312337,323535894,22.01.2021 12:40:23
202002,ES + Home,TV  audio  Hi-Fi & other electronics,Портативная аудиотехника TV&Audio,0,Fact,2614344994,88493080,22.01.2021 12:40:23
202002,ES + Home,TV  audio  Hi-Fi & other electronics,Электронные товары хобби и отдых TV&Audio,0,Fact,2259698846,831895987,22.12.2020 12:40:23
202002,ES + Home,TV  audio  Hi-Fi & other electronics,Компьютеры TV&Audio,0,Fact,869920786,2030124084,22.12.2020 12:40:23
202002,ES + Home,TV  audio  Hi-Fi & other electronics,Movie,0,Fact,2821659050,2693516687,22.12.2020 12:40:23
202002,ES + Home,TV  audio  Hi-Fi & other electronics,Система безопасности TV&Audio,0,Fact,3345373088,3034205240,22.12.2020 12:40:23
202002,ES + Home,TV  audio  Hi-Fi & other electronics,Автомобильная техника TV&Audio,0,Fact,3975340394,2803551635,22.12.2020 12:40:23
202002,ES + Home,TV  audio  Hi-Fi & other electronics,Фан атрибутика TV&Audio,0,Fact,1494212804,2340646761,22.12.2020 12:40:23
202002,ES + Home,TV  audio  Hi-Fi & other electronics,Компьютерная периферия TV&Audio,0,Fact,639964868,883403002,22.12.2020 12:40:23
202002,ES + Home,TV  audio  Hi-Fi & other electronics,Програмное обеспечение TV&Audio,0,Fact,900107801,2242613992,22.12.2020 12:40:23
202002,ES + Home,TV  audio  Hi-Fi & other electronics,Домашняя Аудио и Видеотехника TV&Audio,0,Fact,3769442317,588735221,22.12.2020 12:40:23
202002,ES + Home,TV  audio  Hi-Fi & other electronics,Фото и видео TV&Audio,0,Fact,1527213542,3432084626,22.12.2020 12:40:23
202002,ES + Home,TV  audio  Hi-Fi & other electronics,Игровые приставки и аксессуары TV&Audio,0,Fact,1678733185,2763036539,22.12.2020 12:40:23
202002,ES + Home,TV  audio  Hi-Fi & other electronics,Music,0,Fact,1235132522,4283938495,22.12.2020 12:40:23
202002,ES + Home,TV  audio  Hi-Fi & other electronics,Портативная аудиотехника TV&Audio,0,Fact,464083152,3225065232,22.12.2020 12:40:23
202002,ES + Home,TV  audio  Hi-Fi & other electronics,Средства связи TV&Audio,0,Fact,1503532123,3333974332,22.12.2020 12:40:23
202002,FMCG,FMCG nonfood,Кормление детское,0,Fact,1032686710,2539339224,22.01.2021 12:40:23
202002,FMCG,FMCG nonfood,Детская продукция,1,Fact,3975597975,1851392825,22.01.2021 12:40:23
202002,FMCG,FMCG nonfood,Бытовая химия,0,Fact,2948787941,2041822503,22.01.2021 12:40:23
202002,FMCG,FMCG nonfood,Бритвы и лезвия,0,Fact,844415865,2230782249,22.01.2021 12:40:23
202002,FMCG,FMCG nonfood,Бритвы и лезвия,1,Fact,2225897284,4283791423,22.01.2021 12:40:23
202002,FMCG,FMCG nonfood,Электроника детская,0,Fact,398930287,2920187553,22.01.2021 12:40:23
202002,FMCG,FMCG nonfood,Бытовая химия,1,Fact,3967196914,2839371551,22.01.2021 12:40:23
202002,FMCG,FMCG nonfood,Личная гигиена,1,Fact,1955348251,2572598251,22.01.2021 12:40:23
202002,FMCG,FMCG nonfood,Уход и гигиена,1,Fact,4132501408,2216977465,22.01.2021 12:40:23
202002,FMCG,FMCG nonfood,Детская продукция,0,Fact,3618403141,1061940156,22.01.2021 12:40:23
202002,FMCG,FMCG nonfood,Кормление детское,1,Fact,3425069878,776925217,22.01.2021 12:40:23
202002,FMCG,FMCG nonfood,Личная гигиена,0,Fact,3405451848,3429019358,22.01.2021 12:40:23
202002,FMCG,FMCG nonfood,Уход и гигиена,0,Fact,1279941065,689497229,22.01.2021 12:40:23
202002,FMCG,FMCG nonfood,Бритвы и лезвия,0,Fact,2182047963,4189381672,22.12.2020 12:40:23
202002,FMCG,FMCG nonfood,Бритвы и лезвия,1,Fact,2656943136,412781382,22.12.2020 12:40:23
202002,FMCG,FMCG nonfood,Кормление детское,0,Fact,2905141614,2369568363,22.12.2020 12:40:23
202002,FMCG,FMCG nonfood,Детская продукция,1,Fact,568589254,2585714051,22.12.2020 12:40:23
202002,FMCG,FMCG nonfood,Бытовая химия,0,Fact,999850931,3935176407,22.12.2020 12:40:23
202002,FMCG,FMCG nonfood,Электроника детская,0,Fact,2869947296,3215661421,22.12.2020 12:40:23
202002,FMCG,FMCG nonfood,Уход и гигиена,0,Fact,732188257,1729764829,22.12.2020 12:40:23
202002,FMCG,FMCG nonfood,Бытовая химия,1,Fact,3473350361,1823728704,22.12.2020 12:40:23
202002,FMCG,FMCG nonfood,Личная гигиена,1,Fact,4067477702,3768079153,22.12.2020 12:40:23
202002,FMCG,FMCG nonfood,Уход и гигиена,1,Fact,10812413,914415086,22.12.2020 12:40:23
202002,FMCG,FMCG nonfood,Детская продукция,0,Fact,4067194045,1821581325,22.12.2020 12:40:23
202002,FMCG,FMCG nonfood,Кормление детское,1,Fact,2365855966,1115357570,22.12.2020 12:40:23
202002,FMCG,FMCG nonfood,Личная гигиена,0,Fact,127935693,4011863788,22.12.2020 12:40:23
202002,FMCG,Food,Детское питание,0,Fact,3156473038,3402391743,22.01.2021 12:40:23
202002,FMCG,Food,Напитки,0,Fact,981606281,3299570725,22.01.2021 12:40:23
202002,FMCG,Food,Молочная продукция стерилизованная,0,Fact,3245497118,2066523810,22.01.2021 12:40:23
202002,FMCG,Food,Бакалея,1,Fact,3540172713,3132419900,22.01.2021 12:40:23
202002,FMCG,Food,Детское питание,1,Fact,703354639,1890450706,22.01.2021 12:40:23
202002,FMCG,Food,Молочная продукция стерилизованная,1,Fact,751186391,2573808155,22.01.2021 12:40:23
202002,FMCG,Food,Бакалея,0,Fact,2653147460,1893473592,22.01.2021 12:40:23
202002,FMCG,Food,Напитки,1,Fact,1385617101,4025810274,22.01.2021 12:40:23
202002,FMCG,Food,Кондитерские изделия,0,Fact,3581737666,339886389,22.01.2021 12:40:23
202002,FMCG,Food,Кондитерские изделия,1,Fact,1913032340,2689008522,22.01.2021 12:40:23
202002,FMCG,Food,Молочная продукция стерилизованная,1,Fact,737895431,2701006809,22.12.2020 12:40:23
202002,FMCG,Food,Детское питание,0,Fact,1288471741,1220195991,22.12.2020 12:40:23
202002,FMCG,Food,Бакалея,1,Fact,2063939824,404558744,22.12.2020 12:40:23
202002,FMCG,Food,Напитки,0,Fact,3437495005,1681590494,22.12.2020 12:40:23
202002,FMCG,Food,Детское питание,1,Fact,3152505808,2997227141,22.12.2020 12:40:23
202002,FMCG,Food,Напитки,1,Fact,3456453469,4279895095,22.12.2020 12:40:23
202002,FMCG,Food,Молочная продукция стерилизованная,0,Fact,2266575123,2633895720,22.12.2020 12:40:23
202002,FMCG,Food,Кондитерские изделия,0,Fact,932292244,2550262236,22.12.2020 12:40:23
202002,FMCG,Food,Бакалея,0,Fact,3743945971,25056826,22.12.2020 12:40:23
202002,FMCG,Food,Кондитерские изделия,1,Fact,242296358,3643391590,22.12.2020 12:40:23
202002,FMCG,FreshFood,Мясная гастрономия,1,Fact,2148060670,3015284316,22.01.2021 12:40:23
202002,FMCG,FreshFood,Кулинария и полуфабрикаты Fresh,1,Fact,3919913416,1859496863,22.01.2021 12:40:23
202002,FMCG,FreshFood,Напитки Fresh,1,Fact,2331088684,1985934819,22.01.2021 12:40:23
202002,FMCG,FreshFood,Растительные аналоги Fresh,1,Fact,2781355410,3014187023,22.01.2021 12:40:23
202002,FMCG,FreshFood,Рыба  морепродукты,1,Fact,3083169651,2296124177,22.01.2021 12:40:23
202002,FMCG,FreshFood,Цветы живые,1,Fact,2433496235,1885126001,22.01.2021 12:40:23
202002,FMCG,FreshFood,Мясо  птица,1,Fact,2217100935,3164951021,22.01.2021 12:40:23
202002,FMCG,FreshFood,Молочная продукция и яйца Fresh,1,Fact,2498131422,1838561651,22.01.2021 12:40:23
202002,FMCG,FreshFood,Замороженные продукты,1,Fact,3156564129,2489182206,22.01.2021 12:40:23
202002,FMCG,FreshFood,Хлебобулочные изделия Fresh,1,Fact,3637068817,3670504546,22.01.2021 12:40:23
202002,FMCG,FreshFood,Овощи  фрукты  зелень свежие,1,Fact,4211265385,3002908815,22.01.2021 12:40:23
202002,FMCG,FreshFood,Растительные аналоги Fresh,1,Fact,413815764,2011581280,22.12.2020 12:40:23
202002,FMCG,FreshFood,Мясная гастрономия,1,Fact,235307207,3375630797,22.12.2020 12:40:23
202002,FMCG,FreshFood,Кулинария и полуфабрикаты Fresh,1,Fact,4283972205,1118291757,22.12.2020 12:40:23
202002,FMCG,FreshFood,Напитки Fresh,1,Fact,1667612188,3340008084,22.12.2020 12:40:23
202002,FMCG,FreshFood,Рыба  морепродукты,1,Fact,2142395771,1580266146,22.12.2020 12:40:23
202002,FMCG,FreshFood,Молочная продукция и яйца Fresh,1,Fact,2698387002,3487506189,22.12.2020 12:40:23
202002,FMCG,FreshFood,Хлебобулочные изделия Fresh,1,Fact,2026774863,1976470950,22.12.2020 12:40:23
202002,FMCG,FreshFood,Овощи  фрукты  зелень свежие,1,Fact,1153011259,1055910520,22.12.2020 12:40:23
202002,FMCG,FreshFood,Замороженные продукты,1,Fact,2800063979,74906224,22.12.2020 12:40:23
202002,FMCG,FreshFood,Цветы живые,1,Fact,1914754992,3897523344,22.12.2020 12:40:23
202002,FMCG,FreshFood,Мясо  птица,1,Fact,1606762784,507784895,22.12.2020 12:40:23
202002,FMCG,Moms&Kids,Товары для школы  канцелярия  оборудование,1,Fact,2319421256,1846638214,22.01.2021 12:40:23
202002,FMCG,Moms&Kids,Товары для школы  канцелярия  оборудование,0,Fact,2619523222,3298529103,22.01.2021 12:40:23
202002,FMCG,Moms&Kids,Творчество  хобби и игры,1,Fact,3846855265,1429140878,22.01.2021 12:40:23
202002,FMCG,Moms&Kids,Игрушки,1,Fact,1431205614,4169566296,22.01.2021 12:40:23
202002,FMCG,Moms&Kids,Игрушки,0,Fact,4029620027,4099817876,22.01.2021 12:40:23
202002,FMCG,Moms&Kids,Творчество  хобби и игры,0,Fact,1860628220,4051740613,22.01.2021 12:40:23
202002,FMCG,Moms&Kids,КГТ и спорт для детей,0,Fact,2879708325,2088232626,22.01.2021 12:40:23
202002,FMCG,Moms&Kids,Игрушки,1,Fact,3845652993,1191255889,22.12.2020 12:40:23
202002,FMCG,Moms&Kids,Игрушки,0,Fact,78786140,3982818501,22.12.2020 12:40:23
202002,FMCG,Moms&Kids,Товары для школы  канцелярия  оборудование,1,Fact,3363355084,3447443276,22.12.2020 12:40:23
202002,FMCG,Moms&Kids,Товары для школы  канцелярия  оборудование,0,Fact,4144840840,506882109,22.12.2020 12:40:23
202002,FMCG,Moms&Kids,Творчество  хобби и игры,1,Fact,3764523436,4276553081,22.12.2020 12:40:23
202002,FMCG,Moms&Kids,КГТ и спорт для детей,0,Fact,3490238434,2422659462,22.12.2020 12:40:23
202002,FMCG,Moms&Kids,Творчество  хобби и игры,0,Fact,386183511,1438292228,22.12.2020 12:40:23
202002,FMCG,Zoo,Фермерское хозяйство - Корма и кормовые добавки для птицеводства и животноводства,0,Fact,2556175642,4259380878,22.01.2021 12:40:23
202002,FMCG,Zoo,Товары для прогулки и дрессировки животных,1,Fact,3048945797,2158388293,22.01.2021 12:40:23
202002,FMCG,Zoo,Товары для прогулки и дрессировки животных,0,Fact,1399569735,1636143435,22.01.2021 12:40:23
202002,FMCG,Zoo,Фермерское хозяйство - Содержание  уход птицы и сельскохозяйственных животных,0,Fact,1777704119,1390576418,22.01.2021 12:40:23
202002,FMCG,Zoo,Спальное место животного,0,Fact,2781236315,3966537928,22.01.2021 12:40:23
202002,FMCG,Zoo,Фермерское хозяйство - Оборудование для птицеводства и животноводства,0,Fact,1980678757,2893126549,22.01.2021 12:40:23
202002,FMCG,Zoo,Гигиена и уход животных,1,Fact,496368968,3109410770,22.01.2021 12:40:23
202002,FMCG,Zoo,Гигиена и уход животных,0,Fact,1090791063,631657268,22.01.2021 12:40:23
202002,FMCG,Zoo,Зоокорм  витамины,0,Fact,1008576721,4219210774,22.01.2021 12:40:23
202002,FMCG,Zoo,Зоокорм  витамины,1,Fact,1570813892,2630066158,22.01.2021 12:40:23
202002,FMCG,Zoo,Зоокорм  витамины,0,Fact,1387438688,3379945056,22.12.2020 12:40:23
202002,FMCG,Zoo,Товары для прогулки и дрессировки животных,1,Fact,3312144487,3541704419,22.12.2020 12:40:23
202002,FMCG,Zoo,Зоокорм  витамины,1,Fact,1702517822,249144640,22.12.2020 12:40:23
202002,FMCG,Zoo,Фермерское хозяйство - Корма и кормовые добавки для птицеводства и животноводства,0,Fact,1409006197,3871882415,22.12.2020 12:40:23
202002,FMCG,Zoo,Товары для прогулки и дрессировки животных,0,Fact,909228290,2616280946,22.12.2020 12:40:23
202002,FMCG,Zoo,Спальное место животного,0,Fact,1402248668,2415751652,22.12.2020 12:40:23
202002,FMCG,Zoo,Гигиена и уход животных,0,Fact,3767845194,3095586038,22.12.2020 12:40:23
202002,FMCG,Zoo,Фермерское хозяйство - Содержание  уход птицы и сельскохозяйственных животных,0,Fact,2629875420,473372058,22.12.2020 12:40:23
202002,FMCG,Zoo,Фермерское хозяйство - Оборудование для птицеводства и животноводства,0,Fact,4165307071,1842430059,22.12.2020 12:40:23
202002,FMCG,Zoo,Гигиена и уход животных,1,Fact,110558991,2699518466,22.12.2020 12:40:23
202003,Beauty,Apparel,Детская обувь,0,Fact,489068798,2030083974,22.01.2021 12:40:23
202003,Beauty,Apparel,Взрослая одежда,0,Fact,939975341,3140317865,22.01.2021 12:40:23
202003,Beauty,Apparel,Бижутерия и часы бижутерные,0,Fact,4186340189,2535163045,22.01.2021 12:40:23
202003,Beauty,Apparel,Детская одежда,0,Fact,452108333,3636956872,22.01.2021 12:40:23
202003,Beauty,Apparel,Аксессуары для взрослых и детей,0,Fact,1751830619,2281532579,22.01.2021 12:40:23
202003,Beauty,Apparel,Взрослая обувь,0,Fact,572900554,616185089,22.01.2021 12:40:23
202003,Beauty,Apparel,Взрослая одежда,0,Fact,1861662352,511599997,22.12.2020 12:40:23
202003,Beauty,Apparel,Детская обувь,0,Fact,3690800519,357863356,22.12.2020 12:40:23
202003,Beauty,Apparel,Бижутерия и часы бижутерные,0,Fact,206834017,2966196333,22.12.2020 12:40:23
202003,Beauty,Apparel,Детская одежда,0,Fact,3985023430,2563978515,22.12.2020 12:40:23
202003,Beauty,Apparel,Аксессуары для взрослых и детей,0,Fact,98112347,3504330371,22.12.2020 12:40:23
202003,Beauty,Apparel,Взрослая обувь,0,Fact,1435734685,3283955107,22.12.2020 12:40:23
202003,Beauty,Health&Beauty,Парфюмерия  ароматерапия,0,Fact,744374916,55263422,22.01.2021 12:40:23
202003,Beauty,Health&Beauty,Косметические средства для детей и беременных,0,Fact,3796470592,1887223588,22.01.2021 12:40:23
202003,Beauty,Health&Beauty,Косметика для ухода за волосами,0,Fact,61713765,1729360425,22.01.2021 12:40:23
202003,Beauty,Health&Beauty,Косметические аксессуары,0,Fact,1660725767,1479460593,22.01.2021 12:40:23
202003,Beauty,Health&Beauty,Косметика для ухода за волосами,1,Fact,2425395514,779087199,22.01.2021 12:40:23
202003,Beauty,Health&Beauty,Косметика для ухода за кожей,0,Fact,1300375109,1966391454,22.01.2021 12:40:23
202003,Beauty,Health&Beauty,Косметика для ухода за кожей,1,Fact,2579589876,3175529937,22.01.2021 12:40:23
202003,Beauty,Health&Beauty,Косметические средства для детей и беременных,1,Fact,2340760918,1773833441,22.01.2021 12:40:23
202003,Beauty,Health&Beauty,Уход и гигиена,1,Fact,507715643,2552817025,22.01.2021 12:40:23
202003,Beauty,Health&Beauty,Декоративная косметика,0,Fact,1820863427,716699082,22.01.2021 12:40:23
202003,Beauty,Health&Beauty,Уход и гигиена,0,Fact,2582840431,1619825764,22.01.2021 12:40:23
202003,Beauty,Health&Beauty,Косметическая техника,0,Fact,1029584329,3621285099,22.01.2021 12:40:23
202003,Beauty,Health&Beauty,Косметические средства для детей и беременных,0,Fact,2840427292,951698965,22.12.2020 12:40:23
202003,Beauty,Health&Beauty,Косметические аксессуары,0,Fact,4181285098,4238196950,22.12.2020 12:40:23
202003,Beauty,Health&Beauty,Косметика для ухода за волосами,0,Fact,3979044887,1862074886,22.12.2020 12:40:23
202003,Beauty,Health&Beauty,Косметика для ухода за волосами,1,Fact,3802037097,2349608679,22.12.2020 12:40:23
202003,Beauty,Health&Beauty,Парфюмерия  ароматерапия,0,Fact,2538985810,3465585581,22.12.2020 12:40:23
202003,Beauty,Health&Beauty,Косметика для ухода за кожей,0,Fact,1852978900,1573045270,22.12.2020 12:40:23
202003,Beauty,Health&Beauty,Косметика для ухода за кожей,1,Fact,2431926019,3014309014,22.12.2020 12:40:23
202003,Beauty,Health&Beauty,Косметическая техника,0,Fact,2216980301,3352255256,22.12.2020 12:40:23
202003,Beauty,Health&Beauty,Уход и гигиена,1,Fact,596089948,2548846082,22.12.2020 12:40:23
202003,Beauty,Health&Beauty,Декоративная косметика,0,Fact,3892770834,1908563103,22.12.2020 12:40:23
202003,Beauty,Health&Beauty,Косметические средства для детей и беременных,1,Fact,177618259,3248149619,22.12.2020 12:40:23
202003,Beauty,Health&Beauty,Уход и гигиена,0,Fact,4047445898,4107201307,22.12.2020 12:40:23
202003,Beauty,Jewelry,Ювелирные изделия,0,Fact,1977013055,1319734021,22.01.2021 12:40:23
202003,Beauty,Jewelry,Ювелирные изделия,0,Fact,820910515,147197297,22.12.2020 12:40:23
202003,Beauty,Pharmacy,Антибактериальные  дезинфицирующие средства,0,Fact,3373723959,1515069858,22.01.2021 12:40:23
202003,Beauty,Pharmacy,Средства реабилитации,0,Fact,2921988557,1096023411,22.01.2021 12:40:23
202003,Beauty,Pharmacy,Уход и гигиена,0,Fact,2175004552,481501836,22.01.2021 12:40:23
202003,Beauty,Pharmacy,Товары для взрослых,0,Fact,2252658188,2175259717,22.01.2021 12:40:23
202003,Beauty,Pharmacy,Лекарственные средства для животных,0,Fact,2183582955,2486901677,22.01.2021 12:40:23
202003,Beauty,Pharmacy,Медицинские изделия,0,Fact,632334589,3214758673,22.01.2021 12:40:23
202003,Beauty,Pharmacy,Профессиональный уход за полостью рта,0,Fact,3626892095,2918512519,22.01.2021 12:40:23
202003,Beauty,Pharmacy,Парафармацевтика,0,Fact,1420524490,1322907574,22.01.2021 12:40:23
202003,Beauty,Pharmacy,Товары для взрослых,1,Fact,2289464812,3898552767,22.01.2021 12:40:23
202003,Beauty,Pharmacy,Медицинская техника,0,Fact,671386003,938514206,22.01.2021 12:40:23
202003,Beauty,Pharmacy,Витамины и БАДы,0,Fact,3368276829,3118315221,22.01.2021 12:40:23
202003,Beauty,Pharmacy,Тату,0,Fact,1693820284,4045237168,22.01.2021 12:40:23
202003,Beauty,Pharmacy,Антибактериальные  дезинфицирующие средства,1,Fact,1156318683,1114372296,22.01.2021 12:40:23
202003,Beauty,Pharmacy,Оптика,0,Fact,2794297832,3938902413,22.01.2021 12:40:23
202003,Beauty,Pharmacy,Спортивное питание,0,Fact,2774376700,3033842981,22.01.2021 12:40:23
202003,Beauty,Pharmacy,Электронные сигареты  парители  кальяны,0,Fact,3606846908,1844459801,22.01.2021 12:40:23
202003,Beauty,Pharmacy,Лекарственные средства,0,Fact,1846094831,1028681336,22.01.2021 12:40:23
202003,Beauty,Pharmacy,Уход и гигиена,1,Fact,3830512078,885792503,22.01.2021 12:40:23
202003,Beauty,Pharmacy,Ортопедия и компрессионный трикотаж,0,Fact,2645249296,1070240759,22.01.2021 12:40:23
202003,Beauty,Pharmacy,Товары для взрослых,1,Fact,2013687674,392881439,22.12.2020 12:40:23
202003,Beauty,Pharmacy,Медицинская техника,0,Fact,2276025737,736573473,22.12.2020 12:40:23
202003,Beauty,Pharmacy,Витамины и БАДы,0,Fact,3682632290,566724597,22.12.2020 12:40:23
202003,Beauty,Pharmacy,Электронные сигареты  парители  кальяны,0,Fact,895700823,102474784,22.12.2020 12:40:23
202003,Beauty,Pharmacy,Антибактериальные  дезинфицирующие средства,0,Fact,1104325008,2483604592,22.12.2020 12:40:23
202003,Beauty,Pharmacy,Тату,0,Fact,3494076113,2650811687,22.12.2020 12:40:23
202003,Beauty,Pharmacy,Уход и гигиена,0,Fact,1287822359,2226068691,22.12.2020 12:40:23
202003,Beauty,Pharmacy,Товары для взрослых,0,Fact,4245754780,16209676,22.12.2020 12:40:23
202003,Beauty,Pharmacy,Лекарственные средства для животных,0,Fact,2414297564,3957961831,22.12.2020 12:40:23
202003,Beauty,Pharmacy,Медицинские изделия,0,Fact,937551767,850502554,22.12.2020 12:40:23
202003,Beauty,Pharmacy,Профессиональный уход за полостью рта,0,Fact,1328236853,2041830527,22.12.2020 12:40:23
202003,Beauty,Pharmacy,Парафармацевтика,0,Fact,2179390969,2302994936,22.12.2020 12:40:23
202003,Beauty,Pharmacy,Лекарственные средства,0,Fact,3334605212,3341574857,22.12.2020 12:40:23
202003,Beauty,Pharmacy,Уход и гигиена,1,Fact,1442789347,1110426249,22.12.2020 12:40:23
202003,Beauty,Pharmacy,Ортопедия и компрессионный трикотаж,0,Fact,2923793198,3261716087,22.12.2020 12:40:23
202003,Beauty,Pharmacy,Антибактериальные  дезинфицирующие средства,1,Fact,4252930257,1564631352,22.12.2020 12:40:23
202003,Beauty,Pharmacy,Средства реабилитации,0,Fact,2405875536,3961725136,22.12.2020 12:40:23
202003,Beauty,Pharmacy,Оптика,0,Fact,148975319,1991669408,22.12.2020 12:40:23
202003,Beauty,Pharmacy,Спортивное питание,0,Fact,1947745441,1157183863,22.12.2020 12:40:23
202003,ES + Home,Auto&Moto,Дополнительное оборудование для авто и мото техники,0,Fact,959851277,3754280806,22.01.2021 12:40:23
202003,ES + Home,Auto&Moto,Автоинструменты и гаражное оборудование,0,Fact,350196502,2710131241,22.01.2021 12:40:23
202003,ES + Home,Auto&Moto,Универсальные авто и мото аксессуары,0,Fact,734308722,2215084823,22.01.2021 12:40:23
202003,ES + Home,Auto&Moto,Масла и автохимия,0,Fact,1594202140,1211480259,22.01.2021 12:40:23
202003,ES + Home,Auto&Moto,Шины и диски,0,Fact,4105866372,3746955179,22.01.2021 12:40:23
202003,ES + Home,Auto&Moto,Авто и мото запчасти,0,Fact,251119564,3196151852,22.01.2021 12:40:23
202003,ES + Home,Auto&Moto,Автомобили и мототехника,0,Fact,1930273930,1148301231,22.01.2021 12:40:23
202003,ES + Home,Auto&Moto,Автоинструменты и гаражное оборудование,0,Fact,1003026039,2343332602,22.12.2020 12:40:23
202003,ES + Home,Auto&Moto,Универсальные авто и мото аксессуары,0,Fact,2500319062,2811816281,22.12.2020 12:40:23
202003,ES + Home,Auto&Moto,Масла и автохимия,0,Fact,3638319707,3320117392,22.12.2020 12:40:23
202003,ES + Home,Auto&Moto,Дополнительное оборудование для авто и мото техники,0,Fact,3884433523,2600194024,22.12.2020 12:40:23
202003,ES + Home,Auto&Moto,Авто и мото запчасти,0,Fact,760560949,3214039330,22.12.2020 12:40:23
202003,ES + Home,Auto&Moto,Автомобили и мототехника,0,Fact,3229596414,4202391718,22.12.2020 12:40:23
202003,ES + Home,Auto&Moto,Шины и диски,0,Fact,1375629647,745100386,22.12.2020 12:40:23
202003,ES + Home,Books,Иностранное издание,0,Fact,3312873273,3222167435,22.01.2021 12:40:23
202003,ES + Home,Books,Блокноты с ISBN,0,Fact,1081683425,3388746149,22.01.2021 12:40:23
202003,ES + Home,Books,ПО на физических носителях,0,Fact,1956820424,2636753473,22.01.2021 12:40:23
202003,ES + Home,Books,Книга по требованию,0,Fact,3786806727,2002748111,22.01.2021 12:40:23
202003,ES + Home,Books,Антикварное издание,0,Fact,4180846484,3929364628,22.01.2021 12:40:23
202003,ES + Home,Books,Современные картографические издания,0,Fact,3993666136,221129026,22.01.2021 12:40:23
202003,ES + Home,Books,Книги детям и родителям,0,Fact,3058986915,609738787,22.01.2021 12:40:23
202003,ES + Home,Books,Цифровая книга,0,Fact,2064620289,1077171913,22.01.2021 12:40:23
202003,ES + Home,Books,Комиксы,0,Fact,1996660943,2686360410,22.01.2021 12:40:23
202003,ES + Home,Books,Бизнес-литература,0,Fact,3565896221,1734179104,22.01.2021 12:40:23
202003,ES + Home,Books,Учебная литература,0,Fact,207463731,2177529302,22.01.2021 12:40:23
202003,ES + Home,Books,Букинистическое издание,0,Fact,1212226829,3646938749,22.01.2021 12:40:23
202003,ES + Home,Books,Манга,0,Fact,3793697061,1827387958,22.01.2021 12:40:23
202003,ES + Home,Books,Календари,0,Fact,2164685568,3067917012,22.01.2021 12:40:23
202003,ES + Home,Books,Литература на иностранном языке,0,Fact,2805596835,3602875252,22.01.2021 12:40:23
202003,ES + Home,Books,Second-hand книга,0,Fact,3185063118,4029714564,22.01.2021 12:40:23
202003,ES + Home,Books,Аудиокнига,0,Fact,4286819570,2044392049,22.01.2021 12:40:23
202003,ES + Home,Books,Нехудожественная литература,0,Fact,4183994437,189839681,22.01.2021 12:40:23
202003,ES + Home,Books,Современная печатная книга,0,Fact,1634112752,2002424547,22.01.2021 12:40:23
202003,ES + Home,Books,Художественная литература,0,Fact,1026503798,3813010009,22.01.2021 12:40:23
202003,ES + Home,Books,Цифровая аудиокнига,0,Fact,3417305304,3551438533,22.01.2021 12:40:23
202003,ES + Home,Books,Современные листовые издания,0,Fact,3031300494,132661844,22.01.2021 12:40:23
202003,ES + Home,Books,Цифровая книга,0,Fact,235954491,1373811764,22.12.2020 12:40:23
202003,ES + Home,Books,Художественная литература,0,Fact,4056075692,2885481553,22.12.2020 12:40:23
202003,ES + Home,Books,Комиксы,0,Fact,2867676291,3160610390,22.12.2020 12:40:23
202003,ES + Home,Books,Учебная литература,0,Fact,4072338438,3134498897,22.12.2020 12:40:23
202003,ES + Home,Books,Блокноты с ISBN,0,Fact,380338540,1510577134,22.12.2020 12:40:23
202003,ES + Home,Books,Иностранное издание,0,Fact,2611737035,4136005347,22.12.2020 12:40:23
202003,ES + Home,Books,Книга по требованию,0,Fact,3514432279,2903370533,22.12.2020 12:40:23
202003,ES + Home,Books,Антикварное издание,0,Fact,4092913266,2999923797,22.12.2020 12:40:23
202003,ES + Home,Books,Современные картографические издания,0,Fact,1445729234,1829689386,22.12.2020 12:40:23
202003,ES + Home,Books,Книги детям и родителям,0,Fact,2936168422,3081935762,22.12.2020 12:40:23
202003,ES + Home,Books,Аудиокнига,0,Fact,882383227,3248874085,22.12.2020 12:40:23
202003,ES + Home,Books,Бизнес-литература,0,Fact,1892130337,1136442452,22.12.2020 12:40:23
202003,ES + Home,Books,Нехудожественная литература,0,Fact,1024453386,3426438536,22.12.2020 12:40:23
202003,ES + Home,Books,Современная печатная книга,0,Fact,3401208873,536964900,22.12.2020 12:40:23
202003,ES + Home,Books,Цифровая аудиокнига,0,Fact,3062396144,4231563504,22.12.2020 12:40:23
202003,ES + Home,Books,Современные листовые издания,0,Fact,1621013361,438295582,22.12.2020 12:40:23
202003,ES + Home,Books,Букинистическое издание,0,Fact,3382854944,2899980824,22.12.2020 12:40:23
202003,ES + Home,Books,Манга,0,Fact,1986438990,516032314,22.12.2020 12:40:23
202003,ES + Home,Books,Календари,0,Fact,2223765297,3986286704,22.12.2020 12:40:23
202003,ES + Home,Books,Литература на иностранном языке,0,Fact,391636751,2205402450,22.12.2020 12:40:23
202003,ES + Home,Books,ПО на физических носителях,0,Fact,3369078320,2213879592,22.12.2020 12:40:23
202003,ES + Home,Books,Second-hand книга,0,Fact,2888373038,1780679531,22.12.2020 12:40:23
202003,ES + Home,Digital,Програмное обеспечение Digital,0,Fact,2871475210,3608650178,22.01.2021 12:40:23
202003,ES + Home,Digital,Програмное обеспечение Digital,0,Fact,3908323963,1769471447,22.12.2020 12:40:23
202003,ES + Home,DIY,Ремонт и строительство,0,Fact,202317457,1430341673,22.01.2021 12:40:23
202003,ES + Home,DIY,Сад и огород,0,Fact,4170920094,3684845923,22.01.2021 12:40:23
202003,ES + Home,DIY,Сантехника,0,Fact,1331621772,3004334071,22.01.2021 12:40:23
202003,ES + Home,DIY,Освещение,0,Fact,1010061041,1635217716,22.01.2021 12:40:23
202003,ES + Home,DIY,Инструменты,0,Fact,3624539467,2980602122,22.01.2021 12:40:23
202003,ES + Home,DIY,Фильтры для воды,0,Fact,1896609058,1188312215,22.01.2021 12:40:23
202003,ES + Home,DIY,Ремонт и строительство,0,Fact,3515078097,851939011,22.12.2020 12:40:23
202003,ES + Home,DIY,Сад и огород,0,Fact,3093664457,3932737160,22.12.2020 12:40:23
202003,ES + Home,DIY,Инструменты,0,Fact,2682991125,167406248,22.12.2020 12:40:23
202003,ES + Home,DIY,Фильтры для воды,0,Fact,832964138,426400626,22.12.2020 12:40:23
202003,ES + Home,DIY,Сантехника,0,Fact,3653886689,2432958771,22.12.2020 12:40:23
202003,ES + Home,DIY,Освещение,0,Fact,2176159751,120694807,22.12.2020 12:40:23
202003,ES + Home,Furniture,Мягкая мебель,0,Fact,3322974942,1005394810,22.01.2021 12:40:23
202003,ES + Home,Furniture,Корпусная мебель и мебель для хранения,0,Fact,3846246406,2864284830,22.01.2021 12:40:23
202003,ES + Home,Furniture,Мебель для сна,0,Fact,3405175885,4154288321,22.01.2021 12:40:23
202003,ES + Home,Furniture,Мебель для сада,0,Fact,165955365,1520671473,22.01.2021 12:40:23
202003,ES + Home,Furniture,Компьютерная и офисная мебель,0,Fact,3655343708,1784256425,22.01.2021 12:40:23
202003,ES + Home,Furniture,Столы и стулья,0,Fact,1259457992,3142616039,22.01.2021 12:40:23
202003,ES + Home,Furniture,Прочая мебель,0,Fact,1753893455,904044559,22.01.2021 12:40:23
202003,ES + Home,Furniture,Мебель для сада,0,Fact,1522446430,27567771,22.12.2020 12:40:23
202003,ES + Home,Furniture,Мягкая мебель,0,Fact,2041382717,2996807380,22.12.2020 12:40:23
202003,ES + Home,Furniture,Корпусная мебель и мебель для хранения,0,Fact,3575612940,3090097209,22.12.2020 12:40:23
202003,ES + Home,Furniture,Мебель для сна,0,Fact,2612069367,3354621396,22.12.2020 12:40:23
202003,ES + Home,Furniture,Прочая мебель,0,Fact,3699547792,3941118962,22.12.2020 12:40:23
202003,ES + Home,Furniture,Компьютерная и офисная мебель,0,Fact,2999725560,3924533565,22.12.2020 12:40:23
202003,ES + Home,Furniture,Столы и стулья,0,Fact,3362286586,869457065,22.12.2020 12:40:23
202003,ES + Home,Household,Аксессуары для уборки и стирки,0,Fact,432884925,706609634,22.01.2021 12:40:23
202003,ES + Home,Household,Интерьер и декор,0,Fact,3377608444,2408975070,22.01.2021 12:40:23
202003,ES + Home,Household,Кухня,0,Fact,1905436000,1646084331,22.01.2021 12:40:23
202003,ES + Home,Household,Домашний текстиль,0,Fact,3568755428,2538897405,22.01.2021 12:40:23
202003,ES + Home,Household,Аксессуары для уборки и стирки,1,Fact,2986959315,3260427660,22.01.2021 12:40:23
202003,ES + Home,Household,Принадлежности для Нового года,0,Fact,3203772991,3043455603,22.01.2021 12:40:23
202003,ES + Home,Household,Кухня,1,Fact,3405463231,473201220,22.01.2021 12:40:23
202003,ES + Home,Household,Ванная комната,0,Fact,3948682240,3526721791,22.01.2021 12:40:23
202003,ES + Home,Household,Хранение,0,Fact,1249038984,2530728348,22.01.2021 12:40:23
202003,ES + Home,Household,Антиквариат Хоум Декор,0,Fact,2952623459,4206184607,22.01.2021 12:40:23
202003,ES + Home,Household,Интерьер и декор,0,Fact,193438670,1973912073,22.12.2020 12:40:23
202003,ES + Home,Household,Кухня,0,Fact,3189660514,2997646297,22.12.2020 12:40:23
202003,ES + Home,Household,Домашний текстиль,0,Fact,4097520081,982054658,22.12.2020 12:40:23
202003,ES + Home,Household,Аксессуары для уборки и стирки,1,Fact,619122589,1159763468,22.12.2020 12:40:23
202003,ES + Home,Household,Принадлежности для Нового года,0,Fact,1622233665,2247089647,22.12.2020 12:40:23
202003,ES + Home,Household,Кухня,1,Fact,2841324864,2071010671,22.12.2020 12:40:23
202003,ES + Home,Household,Аксессуары для уборки и стирки,0,Fact,4026647013,1568955746,22.12.2020 12:40:23
202003,ES + Home,Household,Хранение,0,Fact,3157168179,3250900201,22.12.2020 12:40:23
202003,ES + Home,Household,Антиквариат Хоум Декор,0,Fact,4015777560,569011873,22.12.2020 12:40:23
202003,ES + Home,Household,Ванная комната,0,Fact,221095993,797851040,22.12.2020 12:40:23
202003,ES + Home,Laptops & Computers,Компьютерная офисная техника Lap&Comp,0,Fact,352899993,164865803,22.01.2021 12:40:23
202003,ES + Home,Laptops & Computers,Расходный материал для электроники Lap&Comp,0,Fact,3018698992,287309093,22.01.2021 12:40:23
202003,ES + Home,Laptops & Computers,Домашняя Аудио и Видеотехника Lap&Comp,0,Fact,1745278253,4085149071,22.01.2021 12:40:23
202003,ES + Home,Laptops & Computers,Компьютерная периферия Lap&Comp,0,Fact,3708259523,2952901373,22.01.2021 12:40:23
202003,ES + Home,Laptops & Computers,Компьютеры Lap&Comp,0,Fact,2137109223,971977074,22.01.2021 12:40:23
202003,ES + Home,Laptops & Computers,Расходный материал для электроники Lap&Comp,0,Fact,1874986127,2236578541,22.12.2020 12:40:23
202003,ES + Home,Laptops & Computers,Компьютерная офисная техника Lap&Comp,0,Fact,3830916872,4015386003,22.12.2020 12:40:23
202003,ES + Home,Laptops & Computers,Компьютеры Lap&Comp,0,Fact,1653435646,3870451393,22.12.2020 12:40:23
202003,ES + Home,Laptops & Computers,Домашняя Аудио и Видеотехника Lap&Comp,0,Fact,3082136688,3705724368,22.12.2020 12:40:23
202003,ES + Home,Laptops & Computers,Компьютерная периферия Lap&Comp,0,Fact,2135626248,2233711880,22.12.2020 12:40:23
202003,ES + Home,Major Domestic Appliances,Крупная бытовая техника MDA,0,Fact,2703325418,2178175784,22.01.2021 12:40:23
202003,ES + Home,Major Domestic Appliances,Крупная бытовая техника MDA,0,Fact,480893646,421146971,22.12.2020 12:40:23
202003,ES + Home,Miscellaneous accessories,Электронные товары хобби и отдых Access,0,Fact,4024355505,107362791,22.01.2021 12:40:23
202003,ES + Home,Miscellaneous accessories,Электропитание Access,0,Fact,1205570359,1291162616,22.01.2021 12:40:23
202003,ES + Home,Miscellaneous accessories,Домашняя Аудио и Видеотехника Access,0,Fact,3697804748,1725445801,22.01.2021 12:40:23
202003,ES + Home,Miscellaneous accessories,Средства связи Access,0,Fact,853403117,2083891535,22.01.2021 12:40:23
202003,ES + Home,Miscellaneous accessories,Игровые приставки и аксессуары Access,0,Fact,2228638011,2531006491,22.01.2021 12:40:23
202003,ES + Home,Miscellaneous accessories,Расходный материал для электроники Access,0,Fact,3680075041,1642990745,22.01.2021 12:40:23
202003,ES + Home,Miscellaneous accessories,Фото и видео Access,0,Fact,2090088687,1446546337,22.01.2021 12:40:23
202003,ES + Home,Miscellaneous accessories,Компьютеры Access,0,Fact,3682353801,2426759731,22.01.2021 12:40:23
202003,ES + Home,Miscellaneous accessories,Автомобильная техника Access,0,Fact,2406820580,2306583356,22.01.2021 12:40:23
202003,ES + Home,Miscellaneous accessories,Компьютерная периферия Access,0,Fact,3037691978,3586274158,22.01.2021 12:40:23
202003,ES + Home,Miscellaneous accessories,Бытовая техника Access,0,Fact,2205907091,867102357,22.01.2021 12:40:23
202003,ES + Home,Miscellaneous accessories,Оборудование Access,0,Fact,1263493049,1142615115,22.01.2021 12:40:23
202003,ES + Home,Miscellaneous accessories,Домашняя Аудио и Видеотехника Access,0,Fact,92602064,2628582226,22.12.2020 12:40:23
202003,ES + Home,Miscellaneous accessories,Средства связи Access,0,Fact,3215697920,1749986982,22.12.2020 12:40:23
202003,ES + Home,Miscellaneous accessories,Игровые приставки и аксессуары Access,0,Fact,2027490986,1183549965,22.12.2020 12:40:23
202003,ES + Home,Miscellaneous accessories,Расходный материал для электроники Access,0,Fact,3984195654,307390877,22.12.2020 12:40:23
202003,ES + Home,Miscellaneous accessories,Электронные товары хобби и отдых Access,0,Fact,1236415827,420287232,22.12.2020 12:40:23
202003,ES + Home,Miscellaneous accessories,Электропитание Access,0,Fact,452813182,4258462365,22.12.2020 12:40:23
202003,ES + Home,Miscellaneous accessories,Компьютеры Access,0,Fact,2112008873,1618340660,22.12.2020 12:40:23
202003,ES + Home,Miscellaneous accessories,Фото и видео Access,0,Fact,4116861991,579028506,22.12.2020 12:40:23
202003,ES + Home,Miscellaneous accessories,Оборудование Access,0,Fact,3059412845,1128801091,22.12.2020 12:40:23
202003,ES + Home,Miscellaneous accessories,Бытовая техника Access,0,Fact,1968456093,109713313,22.12.2020 12:40:23
202003,ES + Home,Miscellaneous accessories,Автомобильная техника Access,0,Fact,2438497201,1526936169,22.12.2020 12:40:23
202003,ES + Home,Miscellaneous accessories,Компьютерная периферия Access,0,Fact,489992777,2978714333,22.12.2020 12:40:23
202003,ES + Home,Small Domestic Appliances,Оборудование SDA,0,Fact,26040293,1477124945,22.01.2021 12:40:23
202003,ES + Home,Small Domestic Appliances,Мелкая бытовая техника SDA,0,Fact,3475221991,2773612501,22.01.2021 12:40:23
202003,ES + Home,Small Domestic Appliances,Мелкая бытовая техника SDA,1,Fact,2566301672,1848503024,22.01.2021 12:40:23
202003,ES + Home,Small Domestic Appliances,Мелкая бытовая техника SDA,0,Fact,3899075655,4211480508,22.12.2020 12:40:23
202003,ES + Home,Small Domestic Appliances,Оборудование SDA,0,Fact,939885169,857129032,22.12.2020 12:40:23
202003,ES + Home,Small Domestic Appliances,Мелкая бытовая техника SDA,1,Fact,3033335592,2761206300,22.12.2020 12:40:23
202003,ES + Home,Smartphones & Tablets,Компьютеры Smart&Tablets,0,Fact,2181253828,2323416152,22.01.2021 12:40:23
202003,ES + Home,Smartphones & Tablets,Средства связи Smart&Tablets,0,Fact,4225125682,2812596736,22.01.2021 12:40:23
202003,ES + Home,Smartphones & Tablets,Средства связи Smart&Tablets,0,Fact,607456984,1208346020,22.12.2020 12:40:23
202003,ES + Home,Smartphones & Tablets,Компьютеры Smart&Tablets,0,Fact,2132556707,3694615566,22.12.2020 12:40:23
202003,ES + Home,Sport,Летние виды спорта,0,Fact,3232515948,3510925910,22.01.2021 12:40:23
202003,ES + Home,Sport,Зимние виды спорта,0,Fact,4044994484,1389404365,22.01.2021 12:40:23
202003,ES + Home,Sport,Единоборства,0,Fact,103295190,672694586,22.01.2021 12:40:23
202003,ES + Home,Sport,Цирковое искусство,0,Fact,2656997385,1652585880,22.01.2021 12:40:23
202003,ES + Home,Sport,Всесезонные виды спорта,0,Fact,893983096,2336796060,22.01.2021 12:40:23
202003,ES + Home,Sport,Товары для рыбалки,0,Fact,531308998,2518097862,22.01.2021 12:40:23
202003,ES + Home,Sport,Товары для охоты,0,Fact,1680967841,340967708,22.01.2021 12:40:23
202003,ES + Home,Sport,Тренажеры и фитнес,0,Fact,3730605771,3145616110,22.01.2021 12:40:23
202003,ES + Home,Sport,Спортивные аксессуары,0,Fact,1601366701,1584013248,22.01.2021 12:40:23
202003,ES + Home,Sport,Туризм,0,Fact,3828939890,4127667378,22.01.2021 12:40:23
202003,ES + Home,Sport,Страйкбол и пневматика,0,Fact,2499696611,3293310072,22.01.2021 12:40:23
202003,ES + Home,Sport,Единоборства,0,Fact,3766550566,2112231672,22.12.2020 12:40:23
202003,ES + Home,Sport,Цирковое искусство,0,Fact,2592673175,803901192,22.12.2020 12:40:23
202003,ES + Home,Sport,Всесезонные виды спорта,0,Fact,2417169371,1059425830,22.12.2020 12:40:23
202003,ES + Home,Sport,Товары для рыбалки,0,Fact,4033412811,2761544095,22.12.2020 12:40:23
202003,ES + Home,Sport,Товары для охоты,0,Fact,3730955430,1544857624,22.12.2020 12:40:23
202003,ES + Home,Sport,Летние виды спорта,0,Fact,1863908355,2883843046,22.12.2020 12:40:23
202003,ES + Home,Sport,Спортивные аксессуары,0,Fact,2306020014,598936418,22.12.2020 12:40:23
202003,ES + Home,Sport,Зимние виды спорта,0,Fact,3848259184,1722824594,22.12.2020 12:40:23
202003,ES + Home,Sport,Страйкбол и пневматика,0,Fact,3322809259,1517920552,22.12.2020 12:40:23
202003,ES + Home,Sport,Тренажеры и фитнес,0,Fact,2258787912,2187912841,22.12.2020 12:40:23
202003,ES + Home,Sport,Туризм,0,Fact,466950102,3155293308,22.12.2020 12:40:23
202003,ES + Home,TV  audio  Hi-Fi & other electronics,Портативная аудиотехника TV&Audio,0,Fact,112573692,2609594313,22.01.2021 12:40:23
202003,ES + Home,TV  audio  Hi-Fi & other electronics,Програмное обеспечение TV&Audio,0,Fact,3553392035,25389010,22.01.2021 12:40:23
202003,ES + Home,TV  audio  Hi-Fi & other electronics,Фото и видео TV&Audio,0,Fact,3421718729,1046693593,22.01.2021 12:40:23
202003,ES + Home,TV  audio  Hi-Fi & other electronics,Компьютерная периферия TV&Audio,0,Fact,1694285133,3988664147,22.01.2021 12:40:23
202003,ES + Home,TV  audio  Hi-Fi & other electronics,Система безопасности TV&Audio,0,Fact,45607527,2141577553,22.01.2021 12:40:23
202003,ES + Home,TV  audio  Hi-Fi & other electronics,Movie,0,Fact,2905753230,268012834,22.01.2021 12:40:23
202003,ES + Home,TV  audio  Hi-Fi & other electronics,Домашняя Аудио и Видеотехника TV&Audio,0,Fact,2580125058,2162739289,22.01.2021 12:40:23
202003,ES + Home,TV  audio  Hi-Fi & other electronics,Фан атрибутика TV&Audio,0,Fact,3075949098,51207382,22.01.2021 12:40:23
202003,ES + Home,TV  audio  Hi-Fi & other electronics,Компьютеры TV&Audio,0,Fact,2069174473,2938539613,22.01.2021 12:40:23
202003,ES + Home,TV  audio  Hi-Fi & other electronics,Игровые приставки и аксессуары TV&Audio,0,Fact,2778137252,4182713947,22.01.2021 12:40:23
202003,ES + Home,TV  audio  Hi-Fi & other electronics,Music,0,Fact,2002042883,2085376621,22.01.2021 12:40:23
202003,ES + Home,TV  audio  Hi-Fi & other electronics,Электронные товары хобби и отдых TV&Audio,0,Fact,1277046673,2522979189,22.01.2021 12:40:23
202003,ES + Home,TV  audio  Hi-Fi & other electronics,Автомобильная техника TV&Audio,0,Fact,1730977203,1129910008,22.01.2021 12:40:23
202003,ES + Home,TV  audio  Hi-Fi & other electronics,Средства связи TV&Audio,0,Fact,2189166154,3244840346,22.01.2021 12:40:23
202003,ES + Home,TV  audio  Hi-Fi & other electronics,Movie,0,Fact,92490886,2110599289,22.12.2020 12:40:23
202003,ES + Home,TV  audio  Hi-Fi & other electronics,Система безопасности TV&Audio,0,Fact,472874092,885691014,22.12.2020 12:40:23
202003,ES + Home,TV  audio  Hi-Fi & other electronics,Фан атрибутика TV&Audio,0,Fact,723976946,2784764380,22.12.2020 12:40:23
202003,ES + Home,TV  audio  Hi-Fi & other electronics,Портативная аудиотехника TV&Audio,0,Fact,1316903014,3873966118,22.12.2020 12:40:23
202003,ES + Home,TV  audio  Hi-Fi & other electronics,Игровые приставки и аксессуары TV&Audio,0,Fact,1287831600,2965746962,22.12.2020 12:40:23
202003,ES + Home,TV  audio  Hi-Fi & other electronics,Автомобильная техника TV&Audio,0,Fact,501595312,3897762772,22.12.2020 12:40:23
202003,ES + Home,TV  audio  Hi-Fi & other electronics,Програмное обеспечение TV&Audio,0,Fact,3617595873,3433998574,22.12.2020 12:40:23
202003,ES + Home,TV  audio  Hi-Fi & other electronics,Домашняя Аудио и Видеотехника TV&Audio,0,Fact,3944331208,2483061239,22.12.2020 12:40:23
202003,ES + Home,TV  audio  Hi-Fi & other electronics,Фото и видео TV&Audio,0,Fact,2172642336,4097164306,22.12.2020 12:40:23
202003,ES + Home,TV  audio  Hi-Fi & other electronics,Компьютерная периферия TV&Audio,0,Fact,2341970439,2392314715,22.12.2020 12:40:23
202003,ES + Home,TV  audio  Hi-Fi & other electronics,Средства связи TV&Audio,0,Fact,1464917436,2884370400,22.12.2020 12:40:23
202003,ES + Home,TV  audio  Hi-Fi & other electronics,Компьютеры TV&Audio,0,Fact,3013099016,3405849801,22.12.2020 12:40:23
202003,ES + Home,TV  audio  Hi-Fi & other electronics,Music,0,Fact,3204916100,31792147,22.12.2020 12:40:23
202003,ES + Home,TV  audio  Hi-Fi & other electronics,Электронные товары хобби и отдых TV&Audio,0,Fact,2527567921,511712122,22.12.2020 12:40:23
202003,FMCG,FMCG nonfood,Бритвы и лезвия,0,Fact,1092882422,1266238908,22.01.2021 12:40:23
202003,FMCG,FMCG nonfood,Бритвы и лезвия,1,Fact,2401998318,2579219406,22.01.2021 12:40:23
202003,FMCG,FMCG nonfood,Детская продукция,1,Fact,3935492231,1487790870,22.01.2021 12:40:23
202003,FMCG,FMCG nonfood,Кормление детское,0,Fact,225408594,877330831,22.01.2021 12:40:23
202003,FMCG,FMCG nonfood,Бытовая химия,0,Fact,3761396170,3193777283,22.01.2021 12:40:23
202003,FMCG,FMCG nonfood,Электроника детская,0,Fact,2665331138,3954918038,22.01.2021 12:40:23
202003,FMCG,FMCG nonfood,Кормление детское,1,Fact,2486236944,2789767738,22.01.2021 12:40:23
202003,FMCG,FMCG nonfood,Детская продукция,0,Fact,607837253,3657833593,22.01.2021 12:40:23
202003,FMCG,FMCG nonfood,Уход и гигиена,0,Fact,17582201,3315010880,22.01.2021 12:40:23
202003,FMCG,FMCG nonfood,Бытовая химия,1,Fact,4144802806,1922828373,22.01.2021 12:40:23
202003,FMCG,FMCG nonfood,Личная гигиена,1,Fact,86707269,2119537894,22.01.2021 12:40:23
202003,FMCG,FMCG nonfood,Уход и гигиена,1,Fact,766739348,2477719455,22.01.2021 12:40:23
202003,FMCG,FMCG nonfood,Личная гигиена,0,Fact,3555631708,3627859249,22.01.2021 12:40:23
202003,FMCG,FMCG nonfood,Бытовая химия,0,Fact,3787655436,2105379065,22.12.2020 12:40:23
202003,FMCG,FMCG nonfood,Бритвы и лезвия,0,Fact,4242928966,765708738,22.12.2020 12:40:23
202003,FMCG,FMCG nonfood,Бритвы и лезвия,1,Fact,1424046345,2103345965,22.12.2020 12:40:23
202003,FMCG,FMCG nonfood,Детская продукция,1,Fact,3601794549,860390066,22.12.2020 12:40:23
202003,FMCG,FMCG nonfood,Кормление детское,0,Fact,939848877,1632520223,22.12.2020 12:40:23
202003,FMCG,FMCG nonfood,Электроника детская,0,Fact,341508388,3344202734,22.12.2020 12:40:23
202003,FMCG,FMCG nonfood,Бытовая химия,1,Fact,3422683624,3020803579,22.12.2020 12:40:23
202003,FMCG,FMCG nonfood,Личная гигиена,1,Fact,1453169615,873259231,22.12.2020 12:40:23
202003,FMCG,FMCG nonfood,Уход и гигиена,1,Fact,3189687936,3405409227,22.12.2020 12:40:23
202003,FMCG,FMCG nonfood,Личная гигиена,0,Fact,4160579998,2168361795,22.12.2020 12:40:23
202003,FMCG,FMCG nonfood,Кормление детское,1,Fact,1406840001,2818134175,22.12.2020 12:40:23
202003,FMCG,FMCG nonfood,Детская продукция,0,Fact,834381757,1387414904,22.12.2020 12:40:23
202003,FMCG,FMCG nonfood,Уход и гигиена,0,Fact,965395182,2288959630,22.12.2020 12:40:23
202003,FMCG,Food,Молекулярная кухня,0,Fact,672034494,1965141498,22.01.2021 12:40:23
202003,FMCG,Food,Напитки,0,Fact,1390274863,1893182123,22.01.2021 12:40:23
202003,FMCG,Food,Бакалея,1,Fact,608959250,3093973492,22.01.2021 12:40:23
202003,FMCG,Food,Детское питание,0,Fact,1246494574,3941823046,22.01.2021 12:40:23
202003,FMCG,Food,Бакалея,0,Fact,3148636005,2009710394,22.01.2021 12:40:23
202003,FMCG,Food,Напитки,1,Fact,2723302837,246262388,22.01.2021 12:40:23
202003,FMCG,Food,Детское питание,1,Fact,1603266582,710232021,22.01.2021 12:40:23
202003,FMCG,Food,Молочная продукция стерилизованная,1,Fact,832836311,2595006743,22.01.2021 12:40:23
202003,FMCG,Food,Кондитерские изделия,0,Fact,816100617,3434170057,22.01.2021 12:40:23
202003,FMCG,Food,Кондитерские изделия,1,Fact,2899810071,1339740938,22.01.2021 12:40:23
202003,FMCG,Food,Молочная продукция стерилизованная,0,Fact,2528543853,3545610375,22.01.2021 12:40:23
202003,FMCG,Food,Бакалея,1,Fact,508205489,4219462932,22.12.2020 12:40:23
202003,FMCG,Food,Напитки,0,Fact,4186447735,3200152882,22.12.2020 12:40:23
202003,FMCG,Food,Молекулярная кухня,0,Fact,3770359406,3679887787,22.12.2020 12:40:23
202003,FMCG,Food,Кондитерские изделия,0,Fact,1191783712,1706598737,22.12.2020 12:40:23
202003,FMCG,Food,Детское питание,0,Fact,1090620893,3879273173,22.12.2020 12:40:23
202003,FMCG,Food,Напитки,1,Fact,1586166625,4088376629,22.12.2020 12:40:23
202003,FMCG,Food,Кондитерские изделия,1,Fact,3896512776,977919180,22.12.2020 12:40:23
202003,FMCG,Food,Бакалея,0,Fact,3116930502,700786798,22.12.2020 12:40:23
202003,FMCG,Food,Детское питание,1,Fact,3292657904,4168446664,22.12.2020 12:40:23
202003,FMCG,Food,Молочная продукция стерилизованная,0,Fact,1901974260,1735254317,22.12.2020 12:40:23
202003,FMCG,Food,Молочная продукция стерилизованная,1,Fact,2385987137,1777294462,22.12.2020 12:40:23
202003,FMCG,FreshFood,Мясная гастрономия,1,Fact,2788234692,3975896759,22.01.2021 12:40:23
202003,FMCG,FreshFood,Цветы живые,1,Fact,3314618821,1459175055,22.01.2021 12:40:23
202003,FMCG,FreshFood,Кулинария и полуфабрикаты Fresh,1,Fact,4263788204,942033160,22.01.2021 12:40:23
202003,FMCG,FreshFood,Рыба  морепродукты,1,Fact,188835567,3123050474,22.01.2021 12:40:23
202003,FMCG,FreshFood,Мясо  птица,1,Fact,1105310393,413085362,22.01.2021 12:40:23
202003,FMCG,FreshFood,Растительные аналоги Fresh,1,Fact,257617564,2974016508,22.01.2021 12:40:23
202003,FMCG,FreshFood,Молочная продукция и яйца Fresh,1,Fact,708907428,3239818828,22.01.2021 12:40:23
202003,FMCG,FreshFood,Овощи  фрукты  зелень свежие,1,Fact,46610568,997004020,22.01.2021 12:40:23
202003,FMCG,FreshFood,Замороженные продукты,1,Fact,439498653,989110168,22.01.2021 12:40:23
202003,FMCG,FreshFood,Хлебобулочные изделия Fresh,1,Fact,4167210981,3274782405,22.01.2021 12:40:23
202003,FMCG,FreshFood,Напитки Fresh,1,Fact,610217611,2757541523,22.01.2021 12:40:23
202003,FMCG,FreshFood,Цветы живые,1,Fact,2558358294,867492250,22.12.2020 12:40:23
202003,FMCG,FreshFood,Кулинария и полуфабрикаты Fresh,1,Fact,2976452101,3826680201,22.12.2020 12:40:23
202003,FMCG,FreshFood,Мясо  птица,1,Fact,486494559,3414885438,22.12.2020 12:40:23
202003,FMCG,FreshFood,Растительные аналоги Fresh,1,Fact,3632967939,3591104440,22.12.2020 12:40:23
202003,FMCG,FreshFood,Мясная гастрономия,1,Fact,3617147404,119749628,22.12.2020 12:40:23
202003,FMCG,FreshFood,Хлебобулочные изделия Fresh,1,Fact,2505435692,587079936,22.12.2020 12:40:23
202003,FMCG,FreshFood,Напитки Fresh,1,Fact,3692521137,1182854245,22.12.2020 12:40:23
202003,FMCG,FreshFood,Рыба  морепродукты,1,Fact,3864316700,3312992515,22.12.2020 12:40:23
202003,FMCG,FreshFood,Молочная продукция и яйца Fresh,1,Fact,2366468827,2293919627,22.12.2020 12:40:23
202003,FMCG,FreshFood,Замороженные продукты,1,Fact,4272630119,1755738795,22.12.2020 12:40:23
202003,FMCG,FreshFood,Овощи  фрукты  зелень свежие,1,Fact,707188819,4058538271,22.12.2020 12:40:23
202003,FMCG,Moms&Kids,Творчество  хобби и игры,1,Fact,579639099,2038250932,22.01.2021 12:40:23
202003,FMCG,Moms&Kids,Игрушки,1,Fact,2778125289,520390286,22.01.2021 12:40:23
202003,FMCG,Moms&Kids,Игрушки,0,Fact,1429817431,1511837711,22.01.2021 12:40:23
202003,FMCG,Moms&Kids,Творчество  хобби и игры,0,Fact,3133465352,2759201539,22.01.2021 12:40:23
202003,FMCG,Moms&Kids,Товары для школы  канцелярия  оборудование,1,Fact,836734214,3285916329,22.01.2021 12:40:23
202003,FMCG,Moms&Kids,Товары для школы  канцелярия  оборудование,0,Fact,586228668,4031866333,22.01.2021 12:40:23
202003,FMCG,Moms&Kids,КГТ и спорт для детей,0,Fact,1026289944,218217120,22.01.2021 12:40:23
202003,FMCG,Moms&Kids,Игрушки,1,Fact,1068989796,519038067,22.12.2020 12:40:23
202003,FMCG,Moms&Kids,Игрушки,0,Fact,3108861535,3691448275,22.12.2020 12:40:23
202003,FMCG,Moms&Kids,Творчество  хобби и игры,1,Fact,856855571,378843183,22.12.2020 12:40:23
202003,FMCG,Moms&Kids,КГТ и спорт для детей,0,Fact,382514475,3568286536,22.12.2020 12:40:23
202003,FMCG,Moms&Kids,Творчество  хобби и игры,0,Fact,142672741,2618290586,22.12.2020 12:40:23
202003,FMCG,Moms&Kids,Товары для школы  канцелярия  оборудование,1,Fact,2437347199,2845992008,22.12.2020 12:40:23
202003,FMCG,Moms&Kids,Товары для школы  канцелярия  оборудование,0,Fact,3260752078,4172317566,22.12.2020 12:40:23
202003,FMCG,Zoo,Фермерское хозяйство - Корма и кормовые добавки для птицеводства и животноводства,0,Fact,1863400604,3791919902,22.01.2021 12:40:23
202003,FMCG,Zoo,Спальное место животного,0,Fact,413090678,1439049854,22.01.2021 12:40:23
202003,FMCG,Zoo,Зоокорм  витамины,0,Fact,1335145191,2055223243,22.01.2021 12:40:23
202003,FMCG,Zoo,Товары для прогулки и дрессировки животных,1,Fact,4136977097,517867102,22.01.2021 12:40:23
202003,FMCG,Zoo,Гигиена и уход животных,1,Fact,3512339089,3195168374,22.01.2021 12:40:23
202003,FMCG,Zoo,Зоокорм  витамины,1,Fact,841031522,3512373680,22.01.2021 12:40:23
202003,FMCG,Zoo,Фермерское хозяйство - Оборудование для птицеводства и животноводства,0,Fact,1650457468,1966216304,22.01.2021 12:40:23
202003,FMCG,Zoo,Товары для прогулки и дрессировки животных,0,Fact,3015063647,3785841193,22.01.2021 12:40:23
202003,FMCG,Zoo,Фермерское хозяйство - Содержание  уход птицы и сельскохозяйственных животных,0,Fact,995970816,190453064,22.01.2021 12:40:23
202003,FMCG,Zoo,Гигиена и уход животных,0,Fact,2299712862,368007736,22.01.2021 12:40:23
202003,FMCG,Zoo,Фермерское хозяйство - Содержание  уход птицы и сельскохозяйственных животных,0,Fact,1641543012,3701950445,22.12.2020 12:40:23
202003,FMCG,Zoo,Зоокорм  витамины,0,Fact,925807628,4140108981,22.12.2020 12:40:23
202003,FMCG,Zoo,Зоокорм  витамины,1,Fact,2626133789,1520614777,22.12.2020 12:40:23
202003,FMCG,Zoo,Фермерское хозяйство - Корма и кормовые добавки для птицеводства и животноводства,0,Fact,3817798905,2697156061,22.12.2020 12:40:23
202003,FMCG,Zoo,Спальное место животного,0,Fact,1578857583,3452442180,22.12.2020 12:40:23
202003,FMCG,Zoo,Товары для прогулки и дрессировки животных,1,Fact,2875990833,3890255563,22.12.2020 12:40:23
202003,FMCG,Zoo,Гигиена и уход животных,0,Fact,4222530092,4164662586,22.12.2020 12:40:23
202003,FMCG,Zoo,Товары для прогулки и дрессировки животных,0,Fact,3522743217,2296165151,22.12.2020 12:40:23
202003,FMCG,Zoo,Гигиена и уход животных,1,Fact,2180574244,3450874105,22.12.2020 12:40:23
202003,FMCG,Zoo,Фермерское хозяйство - Оборудование для птицеводства и животноводства,0,Fact,1499372608,381485864,22.12.2020 12:40:23
202004,Beauty,Apparel,Аксессуары для взрослых и детей,0,Fact,2085882777,3001127714,22.01.2021 12:40:23
202004,Beauty,Apparel,Бижутерия и часы бижутерные,0,Fact,549990389,3648221504,22.01.2021 12:40:23
202004,Beauty,Apparel,Взрослая обувь,0,Fact,4272689565,1928577009,22.01.2021 12:40:23
202004,Beauty,Apparel,Взрослая одежда,0,Fact,2268040251,1249397346,22.01.2021 12:40:23
202004,Beauty,Apparel,Детская одежда,0,Fact,416336598,1445822587,22.01.2021 12:40:23
202004,Beauty,Apparel,Детская обувь,0,Fact,3725784093,3127792504,22.01.2021 12:40:23
202004,Beauty,Apparel,Бижутерия и часы бижутерные,0,Fact,1490314439,537674106,22.12.2020 12:40:23
202004,Beauty,Apparel,Взрослая обувь,0,Fact,4153556890,3498312740,22.12.2020 12:40:23
202004,Beauty,Apparel,Взрослая одежда,0,Fact,285200911,2763976710,22.12.2020 12:40:23
202004,Beauty,Apparel,Детская обувь,0,Fact,751135057,2987999816,22.12.2020 12:40:23
202004,Beauty,Apparel,Аксессуары для взрослых и детей,0,Fact,3961875105,546047560,22.12.2020 12:40:23
202004,Beauty,Apparel,Детская одежда,0,Fact,1445120257,1874600302,22.12.2020 12:40:23
202004,Beauty,Health&Beauty,Уход и гигиена,1,Fact,3547462272,2629501573,22.01.2021 12:40:23
202004,Beauty,Health&Beauty,Косметика для ухода за кожей,1,Fact,2915885360,3081494670,22.01.2021 12:40:23
202004,Beauty,Health&Beauty,Косметика для ухода за волосами,1,Fact,2826062751,3418409119,22.01.2021 12:40:23
202004,Beauty,Health&Beauty,Косметика для ухода за кожей,0,Fact,4039900429,2032828215,22.01.2021 12:40:23
202004,Beauty,Health&Beauty,Парфюмерия  ароматерапия,0,Fact,76043804,397574429,22.01.2021 12:40:23
202004,Beauty,Health&Beauty,Косметика для ухода за волосами,0,Fact,2238886974,3399473416,22.01.2021 12:40:23
202004,Beauty,Health&Beauty,Уход и гигиена,0,Fact,3684308587,2789988990,22.01.2021 12:40:23
202004,Beauty,Health&Beauty,Косметические средства для детей и беременных,0,Fact,966147637,656966095,22.01.2021 12:40:23
202004,Beauty,Health&Beauty,Косметические аксессуары,0,Fact,3822838409,4059276528,22.01.2021 12:40:23
202004,Beauty,Health&Beauty,Косметические средства для детей и беременных,1,Fact,1386950665,1173086932,22.01.2021 12:40:23
202004,Beauty,Health&Beauty,Декоративная косметика,1,Fact,2127710911,1525314528,22.01.2021 12:40:23
202004,Beauty,Health&Beauty,Декоративная косметика,0,Fact,2766911351,1679364409,22.01.2021 12:40:23
202004,Beauty,Health&Beauty,Косметическая техника,0,Fact,3137782818,2112125720,22.01.2021 12:40:23
202004,Beauty,Health&Beauty,Косметика для ухода за волосами,1,Fact,2057724651,683638706,22.12.2020 12:40:23
202004,Beauty,Health&Beauty,Косметические средства для детей и беременных,0,Fact,174180519,4143511258,22.12.2020 12:40:23
202004,Beauty,Health&Beauty,Уход и гигиена,1,Fact,4205058572,978155456,22.12.2020 12:40:23
202004,Beauty,Health&Beauty,Уход и гигиена,0,Fact,1002791432,2648444872,22.12.2020 12:40:23
202004,Beauty,Health&Beauty,Косметические аксессуары,0,Fact,1192408072,1008822949,22.12.2020 12:40:23
202004,Beauty,Health&Beauty,Косметика для ухода за волосами,0,Fact,2956840098,3511216503,22.12.2020 12:40:23
202004,Beauty,Health&Beauty,Парфюмерия  ароматерапия,0,Fact,4123164026,2472738362,22.12.2020 12:40:23
202004,Beauty,Health&Beauty,Декоративная косметика,1,Fact,2932982639,2170498231,22.12.2020 12:40:23
202004,Beauty,Health&Beauty,Косметическая техника,0,Fact,2861602590,3124274348,22.12.2020 12:40:23
202004,Beauty,Health&Beauty,Косметика для ухода за кожей,1,Fact,3210502885,111567471,22.12.2020 12:40:23
202004,Beauty,Health&Beauty,Декоративная косметика,0,Fact,2588770046,1810572281,22.12.2020 12:40:23
202004,Beauty,Health&Beauty,Косметические средства для детей и беременных,1,Fact,3988782727,159350985,22.12.2020 12:40:23
202004,Beauty,Health&Beauty,Косметика для ухода за кожей,0,Fact,3980631227,2073646187,22.12.2020 12:40:23
202004,Beauty,Jewelry,Ювелирные изделия,0,Fact,2438800557,1223000214,22.01.2021 12:40:23
202004,Beauty,Jewelry,Ювелирные изделия,0,Fact,4262464194,1426387021,22.12.2020 12:40:23
202004,Beauty,Pharmacy,Средства реабилитации,0,Fact,1109400603,3144916584,22.01.2021 12:40:23
202004,Beauty,Pharmacy,Уход и гигиена,1,Fact,882036992,3137236858,22.01.2021 12:40:23
202004,Beauty,Pharmacy,Антибактериальные  дезинфицирующие средства,0,Fact,1392961610,3105586410,22.01.2021 12:40:23
202004,Beauty,Pharmacy,Электронные сигареты  парители  кальяны,0,Fact,131233178,245486033,22.01.2021 12:40:23
202004,Beauty,Pharmacy,Профессиональный уход за полостью рта,0,Fact,2346930695,2219416942,22.01.2021 12:40:23
202004,Beauty,Pharmacy,Лекарственные средства для животных,0,Fact,2375075171,1494603313,22.01.2021 12:40:23
202004,Beauty,Pharmacy,Тату,0,Fact,3976672948,388939602,22.01.2021 12:40:23
202004,Beauty,Pharmacy,Спортивное питание,0,Fact,751083791,1059889160,22.01.2021 12:40:23
202004,Beauty,Pharmacy,Ортопедия и компрессионный трикотаж,0,Fact,2720312494,3428170027,22.01.2021 12:40:23
202004,Beauty,Pharmacy,Витамины и БАДы,0,Fact,802678055,3610821108,22.01.2021 12:40:23
202004,Beauty,Pharmacy,Парафармацевтика,0,Fact,1971790403,797178889,22.01.2021 12:40:23
202004,Beauty,Pharmacy,Товары для взрослых,1,Fact,679814442,2372423675,22.01.2021 12:40:23
202004,Beauty,Pharmacy,Медицинская техника,0,Fact,1872426190,2583720324,22.01.2021 12:40:23
202004,Beauty,Pharmacy,Оптика,0,Fact,1009459514,1325305444,22.01.2021 12:40:23
202004,Beauty,Pharmacy,Уход и гигиена,0,Fact,2301116761,3996104211,22.01.2021 12:40:23
202004,Beauty,Pharmacy,Товары для взрослых,0,Fact,2465008676,3623318039,22.01.2021 12:40:23
202004,Beauty,Pharmacy,Медицинские изделия,1,Fact,347306503,2995779751,22.01.2021 12:40:23
202004,Beauty,Pharmacy,Оптика,1,Fact,492754617,59759818,22.01.2021 12:40:23
202004,Beauty,Pharmacy,Парафармацевтика,1,Fact,1145966943,534447123,22.01.2021 12:40:23
202004,Beauty,Pharmacy,Лекарственные средства,0,Fact,2768442463,2290404351,22.01.2021 12:40:23
202004,Beauty,Pharmacy,Медицинские изделия,0,Fact,3015118903,2760960232,22.01.2021 12:40:23
202004,Beauty,Pharmacy,Антибактериальные  дезинфицирующие средства,0,Fact,482451811,2872966515,22.12.2020 12:40:23
202004,Beauty,Pharmacy,Профессиональный уход за полостью рта,0,Fact,789488284,809668654,22.12.2020 12:40:23
202004,Beauty,Pharmacy,Лекарственные средства для животных,0,Fact,3062811590,4094363527,22.12.2020 12:40:23
202004,Beauty,Pharmacy,Спортивное питание,0,Fact,2233472960,4093355311,22.12.2020 12:40:23
202004,Beauty,Pharmacy,Тату,0,Fact,3515518470,3577468655,22.12.2020 12:40:23
202004,Beauty,Pharmacy,Уход и гигиена,1,Fact,2775609734,2816010658,22.12.2020 12:40:23
202004,Beauty,Pharmacy,Уход и гигиена,0,Fact,3410458869,1096613968,22.12.2020 12:40:23
202004,Beauty,Pharmacy,Товары для взрослых,0,Fact,2473700950,3240901205,22.12.2020 12:40:23
202004,Beauty,Pharmacy,Медицинские изделия,1,Fact,1586221148,3714140272,22.12.2020 12:40:23
202004,Beauty,Pharmacy,Парафармацевтика,0,Fact,1954161521,1291392190,22.12.2020 12:40:23
202004,Beauty,Pharmacy,Оптика,1,Fact,3354170878,2414072165,22.12.2020 12:40:23
202004,Beauty,Pharmacy,Электронные сигареты  парители  кальяны,0,Fact,273695369,2182712945,22.12.2020 12:40:23
202004,Beauty,Pharmacy,Лекарственные средства,0,Fact,2679034650,4024366284,22.12.2020 12:40:23
202004,Beauty,Pharmacy,Медицинские изделия,0,Fact,918052174,3394319507,22.12.2020 12:40:23
202004,Beauty,Pharmacy,Средства реабилитации,0,Fact,515964352,925561549,22.12.2020 12:40:23
202004,Beauty,Pharmacy,Ортопедия и компрессионный трикотаж,0,Fact,2741219377,572761057,22.12.2020 12:40:23
202004,Beauty,Pharmacy,Витамины и БАДы,0,Fact,1451902023,3669707279,22.12.2020 12:40:23
202004,Beauty,Pharmacy,Парафармацевтика,1,Fact,3578770530,1821334579,22.12.2020 12:40:23
202004,Beauty,Pharmacy,Товары для взрослых,1,Fact,4080934028,2893072102,22.12.2020 12:40:23
202004,Beauty,Pharmacy,Медицинская техника,0,Fact,3796789658,1116692266,22.12.2020 12:40:23
202004,Beauty,Pharmacy,Оптика,0,Fact,1899466160,2850396553,22.12.2020 12:40:23
202004,ES + Home,Auto&Moto,Автоинструменты и гаражное оборудование,0,Fact,3877708088,2550314791,22.01.2021 12:40:23
202004,ES + Home,Auto&Moto,Шины и диски,0,Fact,1822356363,166094580,22.01.2021 12:40:23
202004,ES + Home,Auto&Moto,Универсальные авто и мото аксессуары,0,Fact,2449948646,2091241804,22.01.2021 12:40:23
202004,ES + Home,Auto&Moto,Авто и мото запчасти,0,Fact,2762123011,2060729363,22.01.2021 12:40:23
202004,ES + Home,Auto&Moto,Масла и автохимия,0,Fact,2503243323,4135117830,22.01.2021 12:40:23
202004,ES + Home,Auto&Moto,Автомобили и мототехника,0,Fact,2049027581,495821636,22.01.2021 12:40:23
202004,ES + Home,Auto&Moto,Дополнительное оборудование для авто и мото техники,0,Fact,1210090860,2041157300,22.01.2021 12:40:23
202004,ES + Home,Auto&Moto,Шины и диски,0,Fact,2754081303,3255340039,22.12.2020 12:40:23
202004,ES + Home,Auto&Moto,Автоинструменты и гаражное оборудование,0,Fact,2619491586,2988303000,22.12.2020 12:40:23
202004,ES + Home,Auto&Moto,Авто и мото запчасти,0,Fact,1119937713,1344260608,22.12.2020 12:40:23
202004,ES + Home,Auto&Moto,Автомобили и мототехника,0,Fact,3729290905,3150888662,22.12.2020 12:40:23
202004,ES + Home,Auto&Moto,Дополнительное оборудование для авто и мото техники,0,Fact,3674254551,1087277709,22.12.2020 12:40:23
202004,ES + Home,Auto&Moto,Универсальные авто и мото аксессуары,0,Fact,313650998,3371904707,22.12.2020 12:40:23
202004,ES + Home,Auto&Moto,Масла и автохимия,0,Fact,75739190,3424673300,22.12.2020 12:40:23
202004,ES + Home,Books,ПО на физических носителях,0,Fact,267797997,4284326141,22.01.2021 12:40:23
202004,ES + Home,Books,Книги детям и родителям,0,Fact,2732962679,2959576315,22.01.2021 12:40:23
202004,ES + Home,Books,Цифровая аудиокнига,0,Fact,3479483633,107327025,22.01.2021 12:40:23
202004,ES + Home,Books,Комиксы,0,Fact,860383610,4002999078,22.01.2021 12:40:23
202004,ES + Home,Books,Современные картографические издания,0,Fact,136120683,2680218715,22.01.2021 12:40:23
202004,ES + Home,Books,Манга,0,Fact,2423120394,1078042452,22.01.2021 12:40:23
202004,ES + Home,Books,Цифровая книга,0,Fact,813445253,3315107974,22.01.2021 12:40:23
202004,ES + Home,Books,Аудиокнига,0,Fact,4245998162,1965772007,22.01.2021 12:40:23
202004,ES + Home,Books,Учебная литература,0,Fact,528892706,2235794271,22.01.2021 12:40:23
202004,ES + Home,Books,Букинистическое издание,0,Fact,3278191422,1734664837,22.01.2021 12:40:23
202004,ES + Home,Books,Бизнес-литература,0,Fact,680489387,3937718789,22.01.2021 12:40:23
202004,ES + Home,Books,Нехудожественная литература,0,Fact,940363359,383645056,22.01.2021 12:40:23
202004,ES + Home,Books,Блокноты с ISBN,0,Fact,3212605071,4105123643,22.01.2021 12:40:23
202004,ES + Home,Books,Литература на иностранном языке,0,Fact,858520615,309341796,22.01.2021 12:40:23
202004,ES + Home,Books,Иностранное издание,0,Fact,3921246599,1606530321,22.01.2021 12:40:23
202004,ES + Home,Books,Second-hand книга,0,Fact,3599586556,3841021651,22.01.2021 12:40:23
202004,ES + Home,Books,Современные листовые издания,0,Fact,2507524736,3230653372,22.01.2021 12:40:23
202004,ES + Home,Books,Художественная литература,0,Fact,2658901747,3179162818,22.01.2021 12:40:23
202004,ES + Home,Books,Календари,0,Fact,2349873191,1778711919,22.01.2021 12:40:23
202004,ES + Home,Books,Антикварное издание,0,Fact,1714892483,2374742101,22.01.2021 12:40:23
202004,ES + Home,Books,Современная печатная книга,0,Fact,4045974255,3293210656,22.01.2021 12:40:23
202004,ES + Home,Books,Книга по требованию,0,Fact,2361742006,673674463,22.01.2021 12:40:23
202004,ES + Home,Books,Комиксы,0,Fact,767026500,1450948253,22.12.2020 12:40:23
202004,ES + Home,Books,Художественная литература,0,Fact,1492928530,2171537349,22.12.2020 12:40:23
202004,ES + Home,Books,Современные картографические издания,0,Fact,1617405653,1983119795,22.12.2020 12:40:23
202004,ES + Home,Books,Книги детям и родителям,0,Fact,2651721915,3630166015,22.12.2020 12:40:23
202004,ES + Home,Books,Бизнес-литература,0,Fact,2203449910,1710274144,22.12.2020 12:40:23
202004,ES + Home,Books,Цифровая аудиокнига,0,Fact,2963763528,2752022299,22.12.2020 12:40:23
202004,ES + Home,Books,Нехудожественная литература,0,Fact,2407561479,999077444,22.12.2020 12:40:23
202004,ES + Home,Books,Литература на иностранном языке,0,Fact,993015683,179580668,22.12.2020 12:40:23
202004,ES + Home,Books,Иностранное издание,0,Fact,3800287089,920963264,22.12.2020 12:40:23
202004,ES + Home,Books,Second-hand книга,0,Fact,4214149764,3993548631,22.12.2020 12:40:23
202004,ES + Home,Books,Современные листовые издания,0,Fact,2284949175,611822795,22.12.2020 12:40:23
202004,ES + Home,Books,Календари,0,Fact,1518667082,3812928082,22.12.2020 12:40:23
202004,ES + Home,Books,Антикварное издание,0,Fact,3974862014,1368074929,22.12.2020 12:40:23
202004,ES + Home,Books,Современная печатная книга,0,Fact,2233557343,259462039,22.12.2020 12:40:23
202004,ES + Home,Books,Книга по требованию,0,Fact,209185460,155465004,22.12.2020 12:40:23
202004,ES + Home,Books,Манга,0,Fact,1747378276,73521465,22.12.2020 12:40:23
202004,ES + Home,Books,Цифровая книга,0,Fact,3381341612,2882896711,22.12.2020 12:40:23
202004,ES + Home,Books,Аудиокнига,0,Fact,4096669639,1019162749,22.12.2020 12:40:23
202004,ES + Home,Books,Учебная литература,0,Fact,3056504444,3755574232,22.12.2020 12:40:23
202004,ES + Home,Books,Блокноты с ISBN,0,Fact,310006547,365412053,22.12.2020 12:40:23
202004,ES + Home,Books,Букинистическое издание,0,Fact,3497091970,2654013729,22.12.2020 12:40:23
202004,ES + Home,Books,ПО на физических носителях,0,Fact,3984181395,1273420676,22.12.2020 12:40:23
202004,ES + Home,Digital,Програмное обеспечение Digital,0,Fact,1090752885,4033151689,22.01.2021 12:40:23
202004,ES + Home,Digital,Програмное обеспечение Digital,0,Fact,4261451713,4250906115,22.12.2020 12:40:23
202004,ES + Home,DIY,Ремонт и строительство,0,Fact,4107811256,417370761,22.01.2021 12:40:23
202004,ES + Home,DIY,Фильтры для воды,0,Fact,618064164,3760187093,22.01.2021 12:40:23
202004,ES + Home,DIY,Сад и огород,0,Fact,1449870683,4234782958,22.01.2021 12:40:23
202004,ES + Home,DIY,Освещение,0,Fact,3062069431,3926646755,22.01.2021 12:40:23
202004,ES + Home,DIY,Инструменты,0,Fact,4026501452,1172149201,22.01.2021 12:40:23
202004,ES + Home,DIY,Сантехника,0,Fact,4124334428,423060099,22.01.2021 12:40:23
202004,ES + Home,DIY,Ремонт и строительство,0,Fact,3013796653,1926863657,22.12.2020 12:40:23
202004,ES + Home,DIY,Сад и огород,0,Fact,1019556906,3915091578,22.12.2020 12:40:23
202004,ES + Home,DIY,Фильтры для воды,0,Fact,3040353694,175840952,22.12.2020 12:40:23
202004,ES + Home,DIY,Сантехника,0,Fact,2664505500,3404391679,22.12.2020 12:40:23
202004,ES + Home,DIY,Освещение,0,Fact,3720091340,1487416837,22.12.2020 12:40:23
202004,ES + Home,DIY,Инструменты,0,Fact,643241466,3103196904,22.12.2020 12:40:23
202004,ES + Home,Furniture,Прочая мебель,0,Fact,2080321542,2743426651,22.01.2021 12:40:23
202004,ES + Home,Furniture,Столы и стулья,0,Fact,1365378223,3147330317,22.01.2021 12:40:23
202004,ES + Home,Furniture,Мебель для сада,0,Fact,3315606080,1627444148,22.01.2021 12:40:23
202004,ES + Home,Furniture,Корпусная мебель и мебель для хранения,0,Fact,2794831054,1529035228,22.01.2021 12:40:23
202004,ES + Home,Furniture,Мебель для сна,0,Fact,1509513345,4086006338,22.01.2021 12:40:23
202004,ES + Home,Furniture,Мягкая мебель,0,Fact,1845733751,2276938604,22.01.2021 12:40:23
202004,ES + Home,Furniture,Компьютерная и офисная мебель,0,Fact,3963035962,282184311,22.01.2021 12:40:23
202004,ES + Home,Furniture,Столы и стулья,0,Fact,2465068106,632557254,22.12.2020 12:40:23
202004,ES + Home,Furniture,Прочая мебель,0,Fact,3791019596,4203641248,22.12.2020 12:40:23
202004,ES + Home,Furniture,Мебель для сада,0,Fact,3159417814,3792673059,22.12.2020 12:40:23
202004,ES + Home,Furniture,Мебель для сна,0,Fact,2987739740,3199238780,22.12.2020 12:40:23
202004,ES + Home,Furniture,Мягкая мебель,0,Fact,3406900028,2478871680,22.12.2020 12:40:23
202004,ES + Home,Furniture,Компьютерная и офисная мебель,0,Fact,3489823215,2529453761,22.12.2020 12:40:23
202004,ES + Home,Furniture,Корпусная мебель и мебель для хранения,0,Fact,2343278719,1822011419,22.12.2020 12:40:23
202004,ES + Home,Household,Ванная комната,0,Fact,2823616618,226732549,22.01.2021 12:40:23
202004,ES + Home,Household,Аксессуары для уборки и стирки,1,Fact,2771001734,987263414,22.01.2021 12:40:23
202004,ES + Home,Household,Принадлежности для Нового года,0,Fact,1735172976,1524375461,22.01.2021 12:40:23
202004,ES + Home,Household,Кухня,0,Fact,3905538268,647203164,22.01.2021 12:40:23
202004,ES + Home,Household,Аксессуары для уборки и стирки,0,Fact,3336282071,249278898,22.01.2021 12:40:23
202004,ES + Home,Household,Интерьер и декор,0,Fact,243611040,1362862159,22.01.2021 12:40:23
202004,ES + Home,Household,Ритуальные изделия,0,Fact,3156124173,1663227731,22.01.2021 12:40:23
202004,ES + Home,Household,Домашний текстиль,0,Fact,2028208485,3795719340,22.01.2021 12:40:23
202004,ES + Home,Household,Хранение,0,Fact,2233507391,2229970593,22.01.2021 12:40:23
202004,ES + Home,Household,Антиквариат Хоум Декор,0,Fact,3806335017,1131584491,22.01.2021 12:40:23
202004,ES + Home,Household,Ванная комната,0,Fact,2070185572,3297176211,22.12.2020 12:40:23
202004,ES + Home,Household,Кухня,0,Fact,3857094652,970626848,22.12.2020 12:40:23
202004,ES + Home,Household,Аксессуары для уборки и стирки,0,Fact,1066812622,1306446915,22.12.2020 12:40:23
202004,ES + Home,Household,Аксессуары для уборки и стирки,1,Fact,2204794084,1775950328,22.12.2020 12:40:23
202004,ES + Home,Household,Принадлежности для Нового года,0,Fact,1814645185,856481351,22.12.2020 12:40:23
202004,ES + Home,Household,Ритуальные изделия,0,Fact,2932891788,972824631,22.12.2020 12:40:23
202004,ES + Home,Household,Антиквариат Хоум Декор,0,Fact,523110554,1968483149,22.12.2020 12:40:23
202004,ES + Home,Household,Интерьер и декор,0,Fact,4163782497,1859844915,22.12.2020 12:40:23
202004,ES + Home,Household,Домашний текстиль,0,Fact,3128335449,2107443944,22.12.2020 12:40:23
202004,ES + Home,Household,Хранение,0,Fact,4127189228,3619880469,22.12.2020 12:40:23
202004,ES + Home,Laptops & Computers,Домашняя Аудио и Видеотехника Lap&Comp,0,Fact,1866349482,1182715417,22.01.2021 12:40:23
202004,ES + Home,Laptops & Computers,Расходный материал для электроники Lap&Comp,0,Fact,675700681,912928415,22.01.2021 12:40:23
202004,ES + Home,Laptops & Computers,Компьютерная офисная техника Lap&Comp,0,Fact,4022089272,319844659,22.01.2021 12:40:23
202004,ES + Home,Laptops & Computers,Компьютеры Lap&Comp,0,Fact,2845093595,2012226707,22.01.2021 12:40:23
202004,ES + Home,Laptops & Computers,Компьютерная периферия Lap&Comp,0,Fact,1483443469,3598483238,22.01.2021 12:40:23
202004,ES + Home,Laptops & Computers,Расходный материал для электроники Lap&Comp,0,Fact,822879316,3189255329,22.12.2020 12:40:23
202004,ES + Home,Laptops & Computers,Домашняя Аудио и Видеотехника Lap&Comp,0,Fact,539654044,3195000486,22.12.2020 12:40:23
202004,ES + Home,Laptops & Computers,Компьютеры Lap&Comp,0,Fact,2175081305,2084477861,22.12.2020 12:40:23
202004,ES + Home,Laptops & Computers,Компьютерная периферия Lap&Comp,0,Fact,1055240050,4147925424,22.12.2020 12:40:23
202004,ES + Home,Laptops & Computers,Компьютерная офисная техника Lap&Comp,0,Fact,2826878485,1972467675,22.12.2020 12:40:23
202004,ES + Home,Major Domestic Appliances,Крупная бытовая техника MDA,0,Fact,798473249,2000517459,22.01.2021 12:40:23
202004,ES + Home,Major Domestic Appliances,Крупная бытовая техника MDA,0,Fact,2378578691,1751572889,22.12.2020 12:40:23
202004,ES + Home,Miscellaneous accessories,Домашняя Аудио и Видеотехника Access,0,Fact,1616176228,1617192930,22.01.2021 12:40:23
202004,ES + Home,Miscellaneous accessories,Электронные товары хобби и отдых Access,0,Fact,2533395927,1095332260,22.01.2021 12:40:23
202004,ES + Home,Miscellaneous accessories,Игровые приставки и аксессуары Access,0,Fact,3294210766,797214472,22.01.2021 12:40:23
202004,ES + Home,Miscellaneous accessories,Электропитание Access,0,Fact,4278385276,2011682037,22.01.2021 12:40:23
202004,ES + Home,Miscellaneous accessories,Фото и видео Access,0,Fact,2717669840,447063851,22.01.2021 12:40:23
202004,ES + Home,Miscellaneous accessories,Расходный материал для электроники Access,0,Fact,2747733440,3905439795,22.01.2021 12:40:23
202004,ES + Home,Miscellaneous accessories,Средства связи Access,0,Fact,678374845,4144333251,22.01.2021 12:40:23
202004,ES + Home,Miscellaneous accessories,Электропитание Access,1,Fact,2048722842,4150544318,22.01.2021 12:40:23
202004,ES + Home,Miscellaneous accessories,Компьютеры Access,0,Fact,4249496696,4128382233,22.01.2021 12:40:23
202004,ES + Home,Miscellaneous accessories,Бытовая техника Access,0,Fact,4050052717,1073033567,22.01.2021 12:40:23
202004,ES + Home,Miscellaneous accessories,Компьютерная периферия Access,0,Fact,2896126908,2787226271,22.01.2021 12:40:23
202004,ES + Home,Miscellaneous accessories,Автомобильная техника Access,0,Fact,281035731,3036534915,22.01.2021 12:40:23
202004,ES + Home,Miscellaneous accessories,Оборудование Access,0,Fact,1160466532,2080655267,22.01.2021 12:40:23
202004,ES + Home,Miscellaneous accessories,Электронные товары хобби и отдых Access,0,Fact,1702647063,103557658,22.12.2020 12:40:23
202004,ES + Home,Miscellaneous accessories,Расходный материал для электроники Access,0,Fact,712967072,2913728732,22.12.2020 12:40:23
202004,ES + Home,Miscellaneous accessories,Средства связи Access,0,Fact,31968294,523645424,22.12.2020 12:40:23
202004,ES + Home,Miscellaneous accessories,Домашняя Аудио и Видеотехника Access,0,Fact,469348338,3488169876,22.12.2020 12:40:23
202004,ES + Home,Miscellaneous accessories,Игровые приставки и аксессуары Access,0,Fact,3607038826,1544174434,22.12.2020 12:40:23
202004,ES + Home,Miscellaneous accessories,Электропитание Access,0,Fact,925646798,2346211889,22.12.2020 12:40:23
202004,ES + Home,Miscellaneous accessories,Электропитание Access,1,Fact,3546028856,3246041757,22.12.2020 12:40:23
202004,ES + Home,Miscellaneous accessories,Компьютеры Access,0,Fact,1320394341,1507543325,22.12.2020 12:40:23
202004,ES + Home,Miscellaneous accessories,Компьютерная периферия Access,0,Fact,1825496839,336640178,22.12.2020 12:40:23
202004,ES + Home,Miscellaneous accessories,Автомобильная техника Access,0,Fact,2090917395,1975528862,22.12.2020 12:40:23
202004,ES + Home,Miscellaneous accessories,Бытовая техника Access,0,Fact,1217967620,2636785111,22.12.2020 12:40:23
202004,ES + Home,Miscellaneous accessories,Фото и видео Access,0,Fact,4269291859,1842273055,22.12.2020 12:40:23
202004,ES + Home,Miscellaneous accessories,Оборудование Access,0,Fact,2100795369,686538211,22.12.2020 12:40:23
202004,ES + Home,Small Domestic Appliances,Мелкая бытовая техника SDA,0,Fact,3633929806,2395269077,22.01.2021 12:40:23
202004,ES + Home,Small Domestic Appliances,Оборудование SDA,0,Fact,2540189211,1059341146,22.01.2021 12:40:23
202004,ES + Home,Small Domestic Appliances,Мелкая бытовая техника SDA,1,Fact,406135554,3859927560,22.01.2021 12:40:23
202004,ES + Home,Small Domestic Appliances,Мелкая бытовая техника SDA,0,Fact,1173558179,2015222521,22.12.2020 12:40:23
202004,ES + Home,Small Domestic Appliances,Оборудование SDA,0,Fact,2920201571,113289744,22.12.2020 12:40:23
202004,ES + Home,Small Domestic Appliances,Мелкая бытовая техника SDA,1,Fact,3083982559,1067734927,22.12.2020 12:40:23
202004,ES + Home,Smartphones & Tablets,Средства связи Smart&Tablets,0,Fact,3330035649,3879642300,22.01.2021 12:40:23
202004,ES + Home,Smartphones & Tablets,Компьютеры Smart&Tablets,0,Fact,1899503801,2266197645,22.01.2021 12:40:23
202004,ES + Home,Smartphones & Tablets,Средства связи Smart&Tablets,0,Fact,2408656256,2833069875,22.12.2020 12:40:23
202004,ES + Home,Smartphones & Tablets,Компьютеры Smart&Tablets,0,Fact,3616333289,1006044144,22.12.2020 12:40:23
202004,ES + Home,Sport,Тренажеры и фитнес,0,Fact,440695044,2455503296,22.01.2021 12:40:23
202004,ES + Home,Sport,Всесезонные виды спорта,0,Fact,297545109,2544527925,22.01.2021 12:40:23
202004,ES + Home,Sport,Товары для рыбалки,0,Fact,712499840,3336055146,22.01.2021 12:40:23
202004,ES + Home,Sport,Спортивные аксессуары,0,Fact,1036285861,3015803807,22.01.2021 12:40:23
202004,ES + Home,Sport,Цирковое искусство,0,Fact,3057375654,705822303,22.01.2021 12:40:23
202004,ES + Home,Sport,Товары для охоты,0,Fact,1608798867,2501363393,22.01.2021 12:40:23
202004,ES + Home,Sport,Туризм,0,Fact,1570991653,2520065800,22.01.2021 12:40:23
202004,ES + Home,Sport,Страйкбол и пневматика,0,Fact,1966266152,2277480370,22.01.2021 12:40:23
202004,ES + Home,Sport,Летние виды спорта,0,Fact,789291402,3962867377,22.01.2021 12:40:23
202004,ES + Home,Sport,Единоборства,0,Fact,2173660911,1742379710,22.01.2021 12:40:23
202004,ES + Home,Sport,Зимние виды спорта,0,Fact,1537800434,2645650076,22.01.2021 12:40:23
202004,ES + Home,Sport,Тренажеры и фитнес,0,Fact,3443107842,2373610981,22.12.2020 12:40:23
202004,ES + Home,Sport,Всесезонные виды спорта,0,Fact,1368958809,949456424,22.12.2020 12:40:23
202004,ES + Home,Sport,Спортивные аксессуары,0,Fact,711635192,3699416239,22.12.2020 12:40:23
202004,ES + Home,Sport,Страйкбол и пневматика,0,Fact,1721234515,872034784,22.12.2020 12:40:23
202004,ES + Home,Sport,Летние виды спорта,0,Fact,665928629,1407420192,22.12.2020 12:40:23
202004,ES + Home,Sport,Зимние виды спорта,0,Fact,3641845944,3108409234,22.12.2020 12:40:23
202004,ES + Home,Sport,Товары для рыбалки,0,Fact,1017651915,2320411814,22.12.2020 12:40:23
202004,ES + Home,Sport,Цирковое искусство,0,Fact,2891886578,783762763,22.12.2020 12:40:23
202004,ES + Home,Sport,Единоборства,0,Fact,1312026276,2836224281,22.12.2020 12:40:23
202004,ES + Home,Sport,Товары для охоты,0,Fact,1023749475,294687097,22.12.2020 12:40:23
202004,ES + Home,Sport,Туризм,0,Fact,531313355,1067866568,22.12.2020 12:40:23
202004,ES + Home,TV  audio  Hi-Fi & other electronics,Фан атрибутика TV&Audio,0,Fact,4036508873,1721341063,22.01.2021 12:40:23
202004,ES + Home,TV  audio  Hi-Fi & other electronics,Портативная аудиотехника TV&Audio,0,Fact,2139421669,603076515,22.01.2021 12:40:23
202004,ES + Home,TV  audio  Hi-Fi & other electronics,Фото и видео TV&Audio,0,Fact,2114301311,3921299871,22.01.2021 12:40:23
202004,ES + Home,TV  audio  Hi-Fi & other electronics,Програмное обеспечение TV&Audio,0,Fact,2933861838,2250682825,22.01.2021 12:40:23
202004,ES + Home,TV  audio  Hi-Fi & other electronics,Электронные товары хобби и отдых TV&Audio,0,Fact,2445380803,4053196136,22.01.2021 12:40:23
202004,ES + Home,TV  audio  Hi-Fi & other electronics,Компьютерная периферия TV&Audio,0,Fact,995914988,1924815928,22.01.2021 12:40:23
202004,ES + Home,TV  audio  Hi-Fi & other electronics,Music,0,Fact,3861197629,2439862122,22.01.2021 12:40:23
202004,ES + Home,TV  audio  Hi-Fi & other electronics,Система безопасности TV&Audio,0,Fact,3729568540,345161501,22.01.2021 12:40:23
202004,ES + Home,TV  audio  Hi-Fi & other electronics,Игровые приставки и аксессуары TV&Audio,0,Fact,3207283643,2784153806,22.01.2021 12:40:23
202004,ES + Home,TV  audio  Hi-Fi & other electronics,Movie,0,Fact,705217824,1540846877,22.01.2021 12:40:23
202004,ES + Home,TV  audio  Hi-Fi & other electronics,Домашняя Аудио и Видеотехника TV&Audio,0,Fact,1144076099,3661995126,22.01.2021 12:40:23
202004,ES + Home,TV  audio  Hi-Fi & other electronics,Средства связи TV&Audio,0,Fact,2952475791,1643490707,22.01.2021 12:40:23
202004,ES + Home,TV  audio  Hi-Fi & other electronics,Компьютеры TV&Audio,0,Fact,1027743798,920371648,22.01.2021 12:40:23
202004,ES + Home,TV  audio  Hi-Fi & other electronics,Автомобильная техника TV&Audio,0,Fact,1554763461,1299664641,22.01.2021 12:40:23
202004,ES + Home,TV  audio  Hi-Fi & other electronics,Фото и видео TV&Audio,0,Fact,1000413029,3920473186,22.12.2020 12:40:23
202004,ES + Home,TV  audio  Hi-Fi & other electronics,Автомобильная техника TV&Audio,0,Fact,2414241784,3554456104,22.12.2020 12:40:23
202004,ES + Home,TV  audio  Hi-Fi & other electronics,Програмное обеспечение TV&Audio,0,Fact,1637466271,801904066,22.12.2020 12:40:23
202004,ES + Home,TV  audio  Hi-Fi & other electronics,Электронные товары хобби и отдых TV&Audio,0,Fact,1225420722,478099608,22.12.2020 12:40:23
202004,ES + Home,TV  audio  Hi-Fi & other electronics,Компьютерная периферия TV&Audio,0,Fact,1028648756,883839467,22.12.2020 12:40:23
202004,ES + Home,TV  audio  Hi-Fi & other electronics,Music,0,Fact,3518882702,2007500854,22.12.2020 12:40:23
202004,ES + Home,TV  audio  Hi-Fi & other electronics,Портативная аудиотехника TV&Audio,0,Fact,3296630235,483488395,22.12.2020 12:40:23
202004,ES + Home,TV  audio  Hi-Fi & other electronics,Фан атрибутика TV&Audio,0,Fact,731711720,94883542,22.12.2020 12:40:23
202004,ES + Home,TV  audio  Hi-Fi & other electronics,Система безопасности TV&Audio,0,Fact,3197448085,182436556,22.12.2020 12:40:23
202004,ES + Home,TV  audio  Hi-Fi & other electronics,Игровые приставки и аксессуары TV&Audio,0,Fact,1965640809,3261802882,22.12.2020 12:40:23
202004,ES + Home,TV  audio  Hi-Fi & other electronics,Компьютеры TV&Audio,0,Fact,1459389248,2828190752,22.12.2020 12:40:23
202004,ES + Home,TV  audio  Hi-Fi & other electronics,Домашняя Аудио и Видеотехника TV&Audio,0,Fact,4112024060,3690766412,22.12.2020 12:40:23
202004,ES + Home,TV  audio  Hi-Fi & other electronics,Movie,0,Fact,1549967781,1675140671,22.12.2020 12:40:23
202004,ES + Home,TV  audio  Hi-Fi & other electronics,Средства связи TV&Audio,0,Fact,2444069952,3724107483,22.12.2020 12:40:23
202004,FMCG,FMCG nonfood,Личная гигиена,1,Fact,3695285463,3348336377,22.01.2021 12:40:23
202004,FMCG,FMCG nonfood,Бытовая химия,1,Fact,4269236718,2817105699,22.01.2021 12:40:23
202004,FMCG,FMCG nonfood,Личная гигиена,0,Fact,498753419,3297443465,22.01.2021 12:40:23
202004,FMCG,FMCG nonfood,Уход и гигиена,1,Fact,2228843053,110570061,22.01.2021 12:40:23
202004,FMCG,FMCG nonfood,Электроника детская,0,Fact,3449616433,919268542,22.01.2021 12:40:23
202004,FMCG,FMCG nonfood,Кормление детское,1,Fact,1410506738,2570628338,22.01.2021 12:40:23
202004,FMCG,FMCG nonfood,Детская продукция,0,Fact,2596965079,4082275288,22.01.2021 12:40:23
202004,FMCG,FMCG nonfood,Уход и гигиена,0,Fact,3521267884,3531295364,22.01.2021 12:40:23
202004,FMCG,FMCG nonfood,Бытовая химия,0,Fact,859583629,1791711196,22.01.2021 12:40:23
202004,FMCG,FMCG nonfood,Бритвы и лезвия,0,Fact,3043608329,1620328408,22.01.2021 12:40:23
202004,FMCG,FMCG nonfood,Детская продукция,1,Fact,1585470292,184008546,22.01.2021 12:40:23
202004,FMCG,FMCG nonfood,Кормление детское,0,Fact,4292931544,1515485416,22.01.2021 12:40:23
202004,FMCG,FMCG nonfood,Бритвы и лезвия,1,Fact,167010638,850808306,22.01.2021 12:40:23
202004,FMCG,FMCG nonfood,Кормление детское,1,Fact,664030620,813327175,22.12.2020 12:40:23
202004,FMCG,FMCG nonfood,Детская продукция,0,Fact,4273331423,830161077,22.12.2020 12:40:23
202004,FMCG,FMCG nonfood,Уход и гигиена,0,Fact,3814797961,1082001806,22.12.2020 12:40:23
202004,FMCG,FMCG nonfood,Личная гигиена,1,Fact,376075379,2898268311,22.12.2020 12:40:23
202004,FMCG,FMCG nonfood,Бытовая химия,1,Fact,2887953955,3516514217,22.12.2020 12:40:23
202004,FMCG,FMCG nonfood,Электроника детская,0,Fact,1025338678,4095122613,22.12.2020 12:40:23
202004,FMCG,FMCG nonfood,Личная гигиена,0,Fact,2426799453,1013537918,22.12.2020 12:40:23
202004,FMCG,FMCG nonfood,Уход и гигиена,1,Fact,597599956,3903720029,22.12.2020 12:40:23
202004,FMCG,FMCG nonfood,Бритвы и лезвия,0,Fact,1885151218,535221103,22.12.2020 12:40:23
202004,FMCG,FMCG nonfood,Детская продукция,1,Fact,3285438039,3720638321,22.12.2020 12:40:23
202004,FMCG,FMCG nonfood,Кормление детское,0,Fact,2797117353,1052812151,22.12.2020 12:40:23
202004,FMCG,FMCG nonfood,Бритвы и лезвия,1,Fact,3148319600,2620746009,22.12.2020 12:40:23
202004,FMCG,FMCG nonfood,Бытовая химия,0,Fact,3133619141,4221543696,22.12.2020 12:40:23
202004,FMCG,Food,Напитки,0,Fact,1383928735,2138291503,22.01.2021 12:40:23
202004,FMCG,Food,Бакалея,1,Fact,2986425779,2169839367,22.01.2021 12:40:23
202004,FMCG,Food,Бакалея,0,Fact,3397577707,1765754509,22.01.2021 12:40:23
202004,FMCG,Food,Кондитерские изделия,1,Fact,2844965854,2134118210,22.01.2021 12:40:23
202004,FMCG,Food,Кондитерские изделия,0,Fact,197472337,2849076539,22.01.2021 12:40:23
202004,FMCG,Food,Напитки,1,Fact,2715274426,515540943,22.01.2021 12:40:23
202004,FMCG,Food,Детское питание,0,Fact,1559941242,242817209,22.01.2021 12:40:23
202004,FMCG,Food,Молочная продукция стерилизованная,0,Fact,1987912274,492227579,22.01.2021 12:40:23
202004,FMCG,Food,Детское питание,1,Fact,1922107867,632054026,22.01.2021 12:40:23
202004,FMCG,Food,Молекулярная кухня,0,Fact,3761252723,3965720475,22.01.2021 12:40:23
202004,FMCG,Food,Молочная продукция стерилизованная,1,Fact,2363856100,4079374090,22.01.2021 12:40:23
202004,FMCG,Food,Бакалея,1,Fact,3224527293,3179904605,22.12.2020 12:40:23
202004,FMCG,Food,Напитки,0,Fact,2006163882,2632739359,22.12.2020 12:40:23
202004,FMCG,Food,Напитки,1,Fact,2313751813,2245252725,22.12.2020 12:40:23
202004,FMCG,Food,Бакалея,0,Fact,4141787303,3206780623,22.12.2020 12:40:23
202004,FMCG,Food,Детское питание,0,Fact,2122601073,3556348767,22.12.2020 12:40:23
202004,FMCG,Food,Кондитерские изделия,1,Fact,709499338,2286571302,22.12.2020 12:40:23
202004,FMCG,Food,Молекулярная кухня,0,Fact,3344925629,3384699327,22.12.2020 12:40:23
202004,FMCG,Food,Кондитерские изделия,0,Fact,1083972866,3214105506,22.12.2020 12:40:23
202004,FMCG,Food,Детское питание,1,Fact,3244450006,508591198,22.12.2020 12:40:23
202004,FMCG,Food,Молочная продукция стерилизованная,1,Fact,1931599375,4077245019,22.12.2020 12:40:23
202004,FMCG,Food,Молочная продукция стерилизованная,0,Fact,694819779,1458748984,22.12.2020 12:40:23
202004,FMCG,FreshFood,Мясо  птица,1,Fact,3972283373,2729642298,22.01.2021 12:40:23
202004,FMCG,FreshFood,Растительные аналоги Fresh,1,Fact,912095908,4281088679,22.01.2021 12:40:23
202004,FMCG,FreshFood,Кулинария и полуфабрикаты Fresh,1,Fact,468808972,3180864072,22.01.2021 12:40:23
202004,FMCG,FreshFood,Овощи  фрукты  зелень свежие,1,Fact,2681321921,3871115347,22.01.2021 12:40:23
202004,FMCG,FreshFood,Рыба  морепродукты,1,Fact,2128215040,2847100419,22.01.2021 12:40:23
202004,FMCG,FreshFood,Молочная продукция и яйца Fresh,1,Fact,2576588394,4294483213,22.01.2021 12:40:23
202004,FMCG,FreshFood,Напитки Fresh,1,Fact,2404682523,1801876515,22.01.2021 12:40:23
202004,FMCG,FreshFood,Мясная гастрономия,1,Fact,3099457103,1004710529,22.01.2021 12:40:23
202004,FMCG,FreshFood,Хлебобулочные изделия Fresh,1,Fact,52612522,1675580486,22.01.2021 12:40:23
202004,FMCG,FreshFood,Замороженные продукты,1,Fact,3869070420,251488333,22.01.2021 12:40:23
202004,FMCG,FreshFood,Растительные аналоги Fresh,1,Fact,2638783933,277391011,22.12.2020 12:40:23
202004,FMCG,FreshFood,Кулинария и полуфабрикаты Fresh,1,Fact,2942124516,3898722798,22.12.2020 12:40:23
202004,FMCG,FreshFood,Мясо  птица,1,Fact,1842038419,560823774,22.12.2020 12:40:23
202004,FMCG,FreshFood,Рыба  морепродукты,1,Fact,86438169,3601929728,22.12.2020 12:40:23
202004,FMCG,FreshFood,Мясная гастрономия,1,Fact,1044979855,778092588,22.12.2020 12:40:23
202004,FMCG,FreshFood,Хлебобулочные изделия Fresh,1,Fact,3216738982,100533101,22.12.2020 12:40:23
202004,FMCG,FreshFood,Овощи  фрукты  зелень свежие,1,Fact,225017176,1957525181,22.12.2020 12:40:23
202004,FMCG,FreshFood,Молочная продукция и яйца Fresh,1,Fact,2420889047,3643388652,22.12.2020 12:40:23
202004,FMCG,FreshFood,Замороженные продукты,1,Fact,921934211,2486969908,22.12.2020 12:40:23
202004,FMCG,FreshFood,Напитки Fresh,1,Fact,3048033589,1262879932,22.12.2020 12:40:23
202004,FMCG,Moms&Kids,Товары для школы  канцелярия  оборудование,1,Fact,3892890460,2170113584,22.01.2021 12:40:23
202004,FMCG,Moms&Kids,Творчество  хобби и игры,1,Fact,1309973880,2956109843,22.01.2021 12:40:23
202004,FMCG,Moms&Kids,КГТ и спорт для детей,0,Fact,4268071826,1162158347,22.01.2021 12:40:23
202004,FMCG,Moms&Kids,Товары для школы  канцелярия  оборудование,0,Fact,4031300408,76082328,22.01.2021 12:40:23
202004,FMCG,Moms&Kids,Игрушки,1,Fact,1763328973,1477011882,22.01.2021 12:40:23
202004,FMCG,Moms&Kids,Игрушки,0,Fact,1513936704,274991802,22.01.2021 12:40:23
202004,FMCG,Moms&Kids,Творчество  хобби и игры,0,Fact,3917913254,1629470428,22.01.2021 12:40:23
202004,FMCG,Moms&Kids,Игрушки,1,Fact,192183628,390852875,22.12.2020 12:40:23
202004,FMCG,Moms&Kids,Игрушки,0,Fact,3199970880,1511676876,22.12.2020 12:40:23
202004,FMCG,Moms&Kids,Товары для школы  канцелярия  оборудование,1,Fact,1741975036,1590233008,22.12.2020 12:40:23
202004,FMCG,Moms&Kids,Творчество  хобби и игры,1,Fact,1905817665,433495147,22.12.2020 12:40:23
202004,FMCG,Moms&Kids,КГТ и спорт для детей,0,Fact,3166236304,371359249,22.12.2020 12:40:23
202004,FMCG,Moms&Kids,Товары для школы  канцелярия  оборудование,0,Fact,1768900822,4205759472,22.12.2020 12:40:23
202004,FMCG,Moms&Kids,Творчество  хобби и игры,0,Fact,491248297,671248021,22.12.2020 12:40:23
202004,FMCG,Zoo,Фермерское хозяйство - Корма и кормовые добавки для птицеводства и животноводства,0,Fact,3862746804,151619178,22.01.2021 12:40:23
202004,FMCG,Zoo,Товары для прогулки и дрессировки животных,1,Fact,2310534351,279393907,22.01.2021 12:40:23
202004,FMCG,Zoo,Гигиена и уход животных,0,Fact,4238287816,3950568517,22.01.2021 12:40:23
202004,FMCG,Zoo,Спальное место животного,0,Fact,2532942944,1443314053,22.01.2021 12:40:23
202004,FMCG,Zoo,Товары для прогулки и дрессировки животных,0,Fact,980024085,2043330372,22.01.2021 12:40:23
202004,FMCG,Zoo,Фермерское хозяйство - Содержание  уход птицы и сельскохозяйственных животных,0,Fact,3230219239,1562959827,22.01.2021 12:40:23
202004,FMCG,Zoo,Фермерское хозяйство - Товары для пчеловодства,0,Fact,3221652896,3722658589,22.01.2021 12:40:23
202004,FMCG,Zoo,Фермерское хозяйство - Оборудование для птицеводства и животноводства,0,Fact,4064297263,1007954741,22.01.2021 12:40:23
202004,FMCG,Zoo,Гигиена и уход животных,1,Fact,434776461,3902509565,22.01.2021 12:40:23
202004,FMCG,Zoo,Зоокорм  витамины,1,Fact,3558535378,2227266229,22.01.2021 12:40:23
202004,FMCG,Zoo,Зоокорм  витамины,0,Fact,2755447215,629414414,22.01.2021 12:40:23
202004,FMCG,Zoo,Товары для прогулки и дрессировки животных,1,Fact,544837750,4283330084,22.12.2020 12:40:23
202004,FMCG,Zoo,Фермерское хозяйство - Оборудование для птицеводства и животноводства,0,Fact,746271177,558614130,22.12.2020 12:40:23
202004,FMCG,Zoo,Гигиена и уход животных,1,Fact,3582772050,501810186,22.12.2020 12:40:23
202004,FMCG,Zoo,Фермерское хозяйство - Корма и кормовые добавки для птицеводства и животноводства,0,Fact,3439317623,614353062,22.12.2020 12:40:23
202004,FMCG,Zoo,Фермерское хозяйство - Товары для пчеловодства,0,Fact,2813198586,1653925151,22.12.2020 12:40:23
202004,FMCG,Zoo,Спальное место животного,0,Fact,2629121295,1254312155,22.12.2020 12:40:23
202004,FMCG,Zoo,Товары для прогулки и дрессировки животных,0,Fact,324963068,3596672228,22.12.2020 12:40:23
202004,FMCG,Zoo,Гигиена и уход животных,0,Fact,1278362789,3534156665,22.12.2020 12:40:23
202004,FMCG,Zoo,Зоокорм  витамины,1,Fact,3669667395,2906282185,22.12.2020 12:40:23
202004,FMCG,Zoo,Зоокорм  витамины,0,Fact,970303207,181346448,22.12.2020 12:40:23
202004,FMCG,Zoo,Фермерское хозяйство - Содержание  уход птицы и сельскохозяйственных животных,0,Fact,3846433901,1575070213,22.12.2020 12:40:23
202005,Beauty,Apparel,Взрослая обувь,0,Fact,3405305976,2916276126,22.01.2021 12:40:23
202005,Beauty,Apparel,Бижутерия и часы бижутерные,0,Fact,3266856776,3309436510,22.01.2021 12:40:23
202005,Beauty,Apparel,Детская обувь,0,Fact,3134954066,542946164,22.01.2021 12:40:23
202005,Beauty,Apparel,Аксессуары для взрослых и детей,0,Fact,3359339511,2850769768,22.01.2021 12:40:23
202005,Beauty,Apparel,Взрослая одежда,0,Fact,1547278484,1968717560,22.01.2021 12:40:23
202005,Beauty,Apparel,Детская одежда,0,Fact,1462850944,2749492358,22.01.2021 12:40:23
202005,Beauty,Apparel,Аксессуары для взрослых и детей,0,Fact,2961792834,2729831275,22.12.2020 12:40:23
202005,Beauty,Apparel,Взрослая обувь,0,Fact,655624713,1656381288,22.12.2020 12:40:23
202005,Beauty,Apparel,Бижутерия и часы бижутерные,0,Fact,1246830294,2203023482,22.12.2020 12:40:23
202005,Beauty,Apparel,Взрослая одежда,0,Fact,2254709378,4262843440,22.12.2020 12:40:23
202005,Beauty,Apparel,Детская обувь,0,Fact,4258362106,1004296695,22.12.2020 12:40:23
202005,Beauty,Apparel,Детская одежда,0,Fact,3264396422,3292115062,22.12.2020 12:40:23
202005,Beauty,Health&Beauty,Косметические аксессуары,0,Fact,2028221363,4206150028,22.01.2021 12:40:23
202005,Beauty,Health&Beauty,Уход и гигиена,0,Fact,3745412011,1622109258,22.01.2021 12:40:23
202005,Beauty,Health&Beauty,Уход и гигиена,1,Fact,1000688816,3176670876,22.01.2021 12:40:23
202005,Beauty,Health&Beauty,Парфюмерия  ароматерапия,0,Fact,4062178510,3408266697,22.01.2021 12:40:23
202005,Beauty,Health&Beauty,Косметика для ухода за волосами,0,Fact,2534264300,3159858217,22.01.2021 12:40:23
202005,Beauty,Health&Beauty,Косметические средства для детей и беременных,1,Fact,2422180108,3386003116,22.01.2021 12:40:23
202005,Beauty,Health&Beauty,Косметика для ухода за волосами,1,Fact,2667704575,1536020827,22.01.2021 12:40:23
202005,Beauty,Health&Beauty,Косметические средства для детей и беременных,0,Fact,65805814,4019673254,22.01.2021 12:40:23
202005,Beauty,Health&Beauty,Декоративная косметика,0,Fact,1965052446,4190178298,22.01.2021 12:40:23
202005,Beauty,Health&Beauty,Косметическая техника,0,Fact,285313845,3698325046,22.01.2021 12:40:23
202005,Beauty,Health&Beauty,Косметика для ухода за кожей,1,Fact,1867362966,3311738980,22.01.2021 12:40:23
202005,Beauty,Health&Beauty,Косметика для ухода за кожей,0,Fact,2655054728,3675815065,22.01.2021 12:40:23
202005,Beauty,Health&Beauty,Декоративная косметика,1,Fact,673474152,456752721,22.01.2021 12:40:23
202005,Beauty,Health&Beauty,Уход и гигиена,0,Fact,4143026012,2484789054,22.12.2020 12:40:23
202005,Beauty,Health&Beauty,Парфюмерия  ароматерапия,0,Fact,247900111,3220386381,22.12.2020 12:40:23
202005,Beauty,Health&Beauty,Косметические средства для детей и беременных,1,Fact,3869581231,2107357370,22.12.2020 12:40:23
202005,Beauty,Health&Beauty,Косметика для ухода за кожей,1,Fact,1594147037,378422134,22.12.2020 12:40:23
202005,Beauty,Health&Beauty,Косметика для ухода за кожей,0,Fact,1402927211,1932278377,22.12.2020 12:40:23
202005,Beauty,Health&Beauty,Уход и гигиена,1,Fact,1821465769,691066005,22.12.2020 12:40:23
202005,Beauty,Health&Beauty,Косметика для ухода за волосами,0,Fact,1843613377,1774208015,22.12.2020 12:40:23
202005,Beauty,Health&Beauty,Косметические аксессуары,0,Fact,2918164741,4065905711,22.12.2020 12:40:23
202005,Beauty,Health&Beauty,Косметика для ухода за волосами,1,Fact,2366856311,1282827466,22.12.2020 12:40:23
202005,Beauty,Health&Beauty,Косметическая техника,0,Fact,1356958334,1348778232,22.12.2020 12:40:23
202005,Beauty,Health&Beauty,Декоративная косметика,0,Fact,657029625,3317327532,22.12.2020 12:40:23
202005,Beauty,Health&Beauty,Косметические средства для детей и беременных,0,Fact,1630243342,3069895143,22.12.2020 12:40:23
202005,Beauty,Health&Beauty,Декоративная косметика,1,Fact,4074196425,2903757714,22.12.2020 12:40:23
202005,Beauty,Jewelry,Ювелирные изделия,0,Fact,415279696,2579200282,22.01.2021 12:40:23
202005,Beauty,Jewelry,Ювелирные изделия,0,Fact,2922754809,3121204482,22.12.2020 12:40:23
202005,Beauty,Pharmacy,Лекарственные средства для животных,0,Fact,4174294588,3273512039,22.01.2021 12:40:23
202005,Beauty,Pharmacy,Средства реабилитации,0,Fact,3127454861,2639392955,22.01.2021 12:40:23
202005,Beauty,Pharmacy,Профессиональный уход за полостью рта,0,Fact,4048069776,2137770040,22.01.2021 12:40:23
202005,Beauty,Pharmacy,Средства реабилитации,1,Fact,3995551146,985397583,22.01.2021 12:40:23
202005,Beauty,Pharmacy,Спортивное питание,0,Fact,4013888816,3563706490,22.01.2021 12:40:23
202005,Beauty,Pharmacy,Антибактериальные  дезинфицирующие средства,0,Fact,3190978374,1843727639,22.01.2021 12:40:23
202005,Beauty,Pharmacy,Уход и гигиена,1,Fact,1206130750,435348882,22.01.2021 12:40:23
202005,Beauty,Pharmacy,Тату,0,Fact,2347038927,1377497080,22.01.2021 12:40:23
202005,Beauty,Pharmacy,Уход и гигиена,0,Fact,2126530857,1822623985,22.01.2021 12:40:23
202005,Beauty,Pharmacy,Оптика,0,Fact,944399189,1837406660,22.01.2021 12:40:23
202005,Beauty,Pharmacy,Медицинская техника,0,Fact,1684102503,1866233416,22.01.2021 12:40:23
202005,Beauty,Pharmacy,Парафармацевтика,0,Fact,2176001177,2403026564,22.01.2021 12:40:23
202005,Beauty,Pharmacy,Товары для взрослых,1,Fact,1042974766,92945701,22.01.2021 12:40:23
202005,Beauty,Pharmacy,Витамины и БАДы,0,Fact,4281680239,1580898744,22.01.2021 12:40:23
202005,Beauty,Pharmacy,Парафармацевтика,1,Fact,3303284649,1501513609,22.01.2021 12:40:23
202005,Beauty,Pharmacy,Электронные сигареты  парители  кальяны,0,Fact,432068549,1866000702,22.01.2021 12:40:23
202005,Beauty,Pharmacy,Медицинские изделия,0,Fact,486160835,2625585254,22.01.2021 12:40:23
202005,Beauty,Pharmacy,Товары для взрослых,0,Fact,4176525320,2274487907,22.01.2021 12:40:23
202005,Beauty,Pharmacy,Оптика,1,Fact,2645379016,3856492061,22.01.2021 12:40:23
202005,Beauty,Pharmacy,Антибактериальные  дезинфицирующие средства,1,Fact,3059226836,1151104780,22.01.2021 12:40:23
202005,Beauty,Pharmacy,Ортопедия и компрессионный трикотаж,0,Fact,2781037148,1034000215,22.01.2021 12:40:23
202005,Beauty,Pharmacy,Лекарственные средства,0,Fact,2911940695,463738166,22.01.2021 12:40:23
202005,Beauty,Pharmacy,Медицинские изделия,1,Fact,3817964141,474897568,22.01.2021 12:40:23
202005,Beauty,Pharmacy,Спортивное питание,0,Fact,512327793,1424569524,22.12.2020 12:40:23
202005,Beauty,Pharmacy,Антибактериальные  дезинфицирующие средства,0,Fact,4210961847,329726660,22.12.2020 12:40:23
202005,Beauty,Pharmacy,Электронные сигареты  парители  кальяны,0,Fact,3652441460,1905196572,22.12.2020 12:40:23
202005,Beauty,Pharmacy,Уход и гигиена,1,Fact,1569987321,433741877,22.12.2020 12:40:23
202005,Beauty,Pharmacy,Тату,0,Fact,1094719873,3770604414,22.12.2020 12:40:23
202005,Beauty,Pharmacy,Лекарственные средства для животных,0,Fact,117678082,772991222,22.12.2020 12:40:23
202005,Beauty,Pharmacy,Профессиональный уход за полостью рта,0,Fact,54103722,2225420038,22.12.2020 12:40:23
202005,Beauty,Pharmacy,Витамины и БАДы,0,Fact,2986369153,1084999903,22.12.2020 12:40:23
202005,Beauty,Pharmacy,Парафармацевтика,0,Fact,279333876,2865464466,22.12.2020 12:40:23
202005,Beauty,Pharmacy,Медицинские изделия,0,Fact,303587157,1580746184,22.12.2020 12:40:23
202005,Beauty,Pharmacy,Товары для взрослых,0,Fact,1168115163,1687850432,22.12.2020 12:40:23
202005,Beauty,Pharmacy,Оптика,1,Fact,2742844483,3771700535,22.12.2020 12:40:23
202005,Beauty,Pharmacy,Антибактериальные  дезинфицирующие средства,1,Fact,1529162020,729148241,22.12.2020 12:40:23
202005,Beauty,Pharmacy,Ортопедия и компрессионный трикотаж,0,Fact,3912457242,2915838683,22.12.2020 12:40:23
202005,Beauty,Pharmacy,Лекарственные средства,0,Fact,578715521,1365216615,22.12.2020 12:40:23
202005,Beauty,Pharmacy,Медицинские изделия,1,Fact,3533627556,1171662254,22.12.2020 12:40:23
202005,Beauty,Pharmacy,Средства реабилитации,0,Fact,3785220541,838695066,22.12.2020 12:40:23
202005,Beauty,Pharmacy,Уход и гигиена,0,Fact,287794348,3915655560,22.12.2020 12:40:23
202005,Beauty,Pharmacy,Средства реабилитации,1,Fact,1419748079,1794128398,22.12.2020 12:40:23
202005,Beauty,Pharmacy,Оптика,0,Fact,1106571072,1282540286,22.12.2020 12:40:23
202005,Beauty,Pharmacy,Парафармацевтика,1,Fact,178925260,2922518226,22.12.2020 12:40:23
202005,Beauty,Pharmacy,Медицинская техника,0,Fact,179334515,2325175097,22.12.2020 12:40:23
202005,Beauty,Pharmacy,Товары для взрослых,1,Fact,1831657828,4152008036,22.12.2020 12:40:23
202005,ES + Home,Auto&Moto,Универсальные авто и мото аксессуары,0,Fact,4063050942,637937532,22.01.2021 12:40:23
202005,ES + Home,Auto&Moto,Шины и диски,0,Fact,1599875015,3045615580,22.01.2021 12:40:23
202005,ES + Home,Auto&Moto,Дополнительное оборудование для авто и мото техники,0,Fact,1044375390,2329614012,22.01.2021 12:40:23
202005,ES + Home,Auto&Moto,Автоинструменты и гаражное оборудование,0,Fact,1270272524,1660823674,22.01.2021 12:40:23
202005,ES + Home,Auto&Moto,Масла и автохимия,0,Fact,3126947882,1789272979,22.01.2021 12:40:23
202005,ES + Home,Auto&Moto,Авто и мото запчасти,0,Fact,3977102043,826732121,22.01.2021 12:40:23
202005,ES + Home,Auto&Moto,Автомобили и мототехника,0,Fact,550496645,532675104,22.01.2021 12:40:23
202005,ES + Home,Auto&Moto,Универсальные авто и мото аксессуары,0,Fact,3860376575,1165740879,22.12.2020 12:40:23
202005,ES + Home,Auto&Moto,Автоинструменты и гаражное оборудование,0,Fact,1233907481,2071778391,22.12.2020 12:40:23
202005,ES + Home,Auto&Moto,Шины и диски,0,Fact,110232377,3962638194,22.12.2020 12:40:23
202005,ES + Home,Auto&Moto,Дополнительное оборудование для авто и мото техники,0,Fact,2905403869,4174511746,22.12.2020 12:40:23
202005,ES + Home,Auto&Moto,Авто и мото запчасти,0,Fact,1967097467,3698490732,22.12.2020 12:40:23
202005,ES + Home,Auto&Moto,Масла и автохимия,0,Fact,1153940335,1741639439,22.12.2020 12:40:23
202005,ES + Home,Auto&Moto,Автомобили и мототехника,0,Fact,617670877,2966251657,22.12.2020 12:40:23
202005,ES + Home,Books,Цифровая аудиокнига,0,Fact,1644912366,2190436740,22.01.2021 12:40:23
202005,ES + Home,Books,Книги детям и родителям,0,Fact,2223591990,4035736682,22.01.2021 12:40:23
202005,ES + Home,Books,Литература на иностранном языке,0,Fact,171898099,1769977639,22.01.2021 12:40:23
202005,ES + Home,Books,Second-hand книга,0,Fact,32102657,1434191240,22.01.2021 12:40:23
202005,ES + Home,Books,Календари,0,Fact,4035891941,1922629162,22.01.2021 12:40:23
202005,ES + Home,Books,Современные картографические издания,0,Fact,2419424024,3525243163,22.01.2021 12:40:23
202005,ES + Home,Books,Комиксы,0,Fact,1391359433,2277299485,22.01.2021 12:40:23
202005,ES + Home,Books,Аудиокнига,0,Fact,1227687608,2509871090,22.01.2021 12:40:23
202005,ES + Home,Books,ПО на физических носителях,0,Fact,2048370331,1916947674,22.01.2021 12:40:23
202005,ES + Home,Books,Манга,0,Fact,2890328535,1519414179,22.01.2021 12:40:23
202005,ES + Home,Books,Художественная литература,0,Fact,1772698172,1366381543,22.01.2021 12:40:23
202005,ES + Home,Books,Современные листовые издания,0,Fact,4167222182,2275859462,22.01.2021 12:40:23
202005,ES + Home,Books,Учебная литература,0,Fact,4004421351,2703673136,22.01.2021 12:40:23
202005,ES + Home,Books,Блокноты с ISBN,0,Fact,418300212,3366386411,22.01.2021 12:40:23
202005,ES + Home,Books,Современная печатная книга,0,Fact,969996478,1810084451,22.01.2021 12:40:23
202005,ES + Home,Books,Бизнес-литература,0,Fact,347284334,1156990203,22.01.2021 12:40:23
202005,ES + Home,Books,Нехудожественная литература,0,Fact,2648351214,4157939931,22.01.2021 12:40:23
202005,ES + Home,Books,Букинистическое издание,0,Fact,4214992741,1459355459,22.01.2021 12:40:23
202005,ES + Home,Books,Антикварное издание,0,Fact,3005724701,2521056442,22.01.2021 12:40:23
202005,ES + Home,Books,Книга по требованию,0,Fact,586394726,4024822062,22.01.2021 12:40:23
202005,ES + Home,Books,Цифровая книга,0,Fact,853014198,3878537869,22.01.2021 12:40:23
202005,ES + Home,Books,Иностранное издание,0,Fact,3612066931,3404281264,22.01.2021 12:40:23
202005,ES + Home,Books,Комиксы,0,Fact,793029657,1505389361,22.12.2020 12:40:23
202005,ES + Home,Books,Аудиокнига,0,Fact,128977351,3009829316,22.12.2020 12:40:23
202005,ES + Home,Books,Цифровая аудиокнига,0,Fact,1905439454,655431193,22.12.2020 12:40:23
202005,ES + Home,Books,Книги детям и родителям,0,Fact,2284877992,1870933902,22.12.2020 12:40:23
202005,ES + Home,Books,Литература на иностранном языке,0,Fact,4239724526,1547963376,22.12.2020 12:40:23
202005,ES + Home,Books,Художественная литература,0,Fact,3957386277,115510482,22.12.2020 12:40:23
202005,ES + Home,Books,Second-hand книга,0,Fact,3263155540,2977452064,22.12.2020 12:40:23
202005,ES + Home,Books,Современные картографические издания,0,Fact,1019810149,1916246987,22.12.2020 12:40:23
202005,ES + Home,Books,Календари,0,Fact,3053638822,446290852,22.12.2020 12:40:23
202005,ES + Home,Books,Бизнес-литература,0,Fact,729468865,646545593,22.12.2020 12:40:23
202005,ES + Home,Books,Антикварное издание,0,Fact,4184193577,4268613806,22.12.2020 12:40:23
202005,ES + Home,Books,Книга по требованию,0,Fact,423791036,4090216296,22.12.2020 12:40:23
202005,ES + Home,Books,Цифровая книга,0,Fact,2956138517,3040463378,22.12.2020 12:40:23
202005,ES + Home,Books,ПО на физических носителях,0,Fact,2993981257,1718341174,22.12.2020 12:40:23
202005,ES + Home,Books,Блокноты с ISBN,0,Fact,3563398605,82140875,22.12.2020 12:40:23
202005,ES + Home,Books,Иностранное издание,0,Fact,3924006769,3872301330,22.12.2020 12:40:23
202005,ES + Home,Books,Манга,0,Fact,1134512700,579001949,22.12.2020 12:40:23
202005,ES + Home,Books,Современные листовые издания,0,Fact,3699491118,3255516334,22.12.2020 12:40:23
202005,ES + Home,Books,Учебная литература,0,Fact,3612328090,1343721372,22.12.2020 12:40:23
202005,ES + Home,Books,Современная печатная книга,0,Fact,2121884820,1421780101,22.12.2020 12:40:23
202005,ES + Home,Books,Нехудожественная литература,0,Fact,2359830192,2248889264,22.12.2020 12:40:23
202005,ES + Home,Books,Букинистическое издание,0,Fact,4273206805,770954262,22.12.2020 12:40:23
202005,ES + Home,Digital,Програмное обеспечение Digital,0,Fact,1984007048,2857273527,22.01.2021 12:40:23
202005,ES + Home,Digital,Програмное обеспечение Digital,0,Fact,184153363,462659132,22.12.2020 12:40:23
202005,ES + Home,DIY,Сантехника,0,Fact,795010430,919050921,22.01.2021 12:40:23
202005,ES + Home,DIY,Ремонт и строительство,0,Fact,1306858080,329748941,22.01.2021 12:40:23
202005,ES + Home,DIY,Освещение,0,Fact,3788376492,3919635370,22.01.2021 12:40:23
202005,ES + Home,DIY,Инструменты,0,Fact,2561709047,3143876672,22.01.2021 12:40:23
202005,ES + Home,DIY,Фильтры для воды,0,Fact,4072259071,2147036599,22.01.2021 12:40:23
202005,ES + Home,DIY,Сад и огород,0,Fact,1507575050,4142632737,22.01.2021 12:40:23
202005,ES + Home,DIY,Сад и огород,1,Fact,305583261,2721032103,22.01.2021 12:40:23
202005,ES + Home,DIY,Ремонт и строительство,0,Fact,2395771982,325718507,22.12.2020 12:40:23
202005,ES + Home,DIY,Фильтры для воды,0,Fact,1070368592,1484194142,22.12.2020 12:40:23
202005,ES + Home,DIY,Инструменты,0,Fact,868758765,2421046703,22.12.2020 12:40:23
202005,ES + Home,DIY,Сантехника,0,Fact,3698110491,3039225154,22.12.2020 12:40:23
202005,ES + Home,DIY,Освещение,0,Fact,253438325,3262616667,22.12.2020 12:40:23
202005,ES + Home,DIY,Сад и огород,1,Fact,2077999505,954418799,22.12.2020 12:40:23
202005,ES + Home,DIY,Сад и огород,0,Fact,996601504,1203562952,22.12.2020 12:40:23
202005,ES + Home,Furniture,Корпусная мебель и мебель для хранения,0,Fact,1424429751,1862969253,22.01.2021 12:40:23
202005,ES + Home,Furniture,Компьютерная и офисная мебель,0,Fact,1030416475,2725574716,22.01.2021 12:40:23
202005,ES + Home,Furniture,Столы и стулья,0,Fact,2697219289,1268850825,22.01.2021 12:40:23
202005,ES + Home,Furniture,Прочая мебель,0,Fact,4131222564,1917095370,22.01.2021 12:40:23
202005,ES + Home,Furniture,Мебель для сада,0,Fact,641119400,1699241347,22.01.2021 12:40:23
202005,ES + Home,Furniture,Мебель для сна,0,Fact,944771823,4211267651,22.01.2021 12:40:23
202005,ES + Home,Furniture,Мягкая мебель,0,Fact,492881903,4232966504,22.01.2021 12:40:23
202005,ES + Home,Furniture,Прочая мебель,0,Fact,2044142809,270695598,22.12.2020 12:40:23
202005,ES + Home,Furniture,Корпусная мебель и мебель для хранения,0,Fact,4269839772,2971140645,22.12.2020 12:40:23
202005,ES + Home,Furniture,Компьютерная и офисная мебель,0,Fact,4045495785,1650623335,22.12.2020 12:40:23
202005,ES + Home,Furniture,Столы и стулья,0,Fact,745047869,1121463404,22.12.2020 12:40:23
202005,ES + Home,Furniture,Мебель для сада,0,Fact,2969720627,809577676,22.12.2020 12:40:23
202005,ES + Home,Furniture,Мебель для сна,0,Fact,824995356,1284367527,22.12.2020 12:40:23
202005,ES + Home,Furniture,Мягкая мебель,0,Fact,1424136910,4233745663,22.12.2020 12:40:23
202005,ES + Home,Household,Ванная комната,0,Fact,2161544637,2873857451,22.01.2021 12:40:23
202005,ES + Home,Household,Кухня,0,Fact,3412949197,3705988549,22.01.2021 12:40:23
202005,ES + Home,Household,Хранение,0,Fact,3666351515,99413969,22.01.2021 12:40:23
202005,ES + Home,Household,Ритуальные изделия,0,Fact,1887081153,558310123,22.01.2021 12:40:23
202005,ES + Home,Household,Аксессуары для уборки и стирки,0,Fact,493839122,3191929888,22.01.2021 12:40:23
202005,ES + Home,Household,Домашний текстиль,0,Fact,2085085853,3243894445,22.01.2021 12:40:23
202005,ES + Home,Household,Интерьер и декор,0,Fact,3514255064,3640752422,22.01.2021 12:40:23
202005,ES + Home,Household,Антиквариат Хоум Декор,0,Fact,2152871810,1683395262,22.01.2021 12:40:23
202005,ES + Home,Household,Принадлежности для Нового года,0,Fact,406282935,408386266,22.01.2021 12:40:23
202005,ES + Home,Household,Аксессуары для уборки и стирки,1,Fact,1314372628,610891941,22.01.2021 12:40:23
202005,ES + Home,Household,Кухня,0,Fact,2836816055,3711858278,22.12.2020 12:40:23
202005,ES + Home,Household,Хранение,0,Fact,99204779,2506059479,22.12.2020 12:40:23
202005,ES + Home,Household,Ванная комната,0,Fact,1926760186,758683756,22.12.2020 12:40:23
202005,ES + Home,Household,Ритуальные изделия,0,Fact,246087984,3773061670,22.12.2020 12:40:23
202005,ES + Home,Household,Антиквариат Хоум Декор,0,Fact,2653754262,3095322877,22.12.2020 12:40:23
202005,ES + Home,Household,Принадлежности для Нового года,0,Fact,2937091667,3755309026,22.12.2020 12:40:23
202005,ES + Home,Household,Аксессуары для уборки и стирки,1,Fact,399292184,1749003088,22.12.2020 12:40:23
202005,ES + Home,Household,Аксессуары для уборки и стирки,0,Fact,2598187191,2001837494,22.12.2020 12:40:23
202005,ES + Home,Household,Домашний текстиль,0,Fact,2491100415,3249208454,22.12.2020 12:40:23
202005,ES + Home,Household,Интерьер и декор,0,Fact,3113537611,747706132,22.12.2020 12:40:23
202005,ES + Home,Laptops & Computers,Компьютерная офисная техника Lap&Comp,0,Fact,939871593,325892602,22.01.2021 12:40:23
202005,ES + Home,Laptops & Computers,Домашняя Аудио и Видеотехника Lap&Comp,0,Fact,1658918968,4033259655,22.01.2021 12:40:23
202005,ES + Home,Laptops & Computers,Компьютерная периферия Lap&Comp,0,Fact,438336651,3648241738,22.01.2021 12:40:23
202005,ES + Home,Laptops & Computers,Компьютеры Lap&Comp,0,Fact,1406906050,4253775932,22.01.2021 12:40:23
202005,ES + Home,Laptops & Computers,Расходный материал для электроники Lap&Comp,0,Fact,914599087,648111018,22.01.2021 12:40:23
202005,ES + Home,Laptops & Computers,Компьютерная офисная техника Lap&Comp,0,Fact,2561009242,281226333,22.12.2020 12:40:23
202005,ES + Home,Laptops & Computers,Компьютеры Lap&Comp,0,Fact,3782730770,3289959366,22.12.2020 12:40:23
202005,ES + Home,Laptops & Computers,Домашняя Аудио и Видеотехника Lap&Comp,0,Fact,1524812081,3239957306,22.12.2020 12:40:23
202005,ES + Home,Laptops & Computers,Расходный материал для электроники Lap&Comp,0,Fact,1789207799,2846988844,22.12.2020 12:40:23
202005,ES + Home,Laptops & Computers,Компьютерная периферия Lap&Comp,0,Fact,1518569345,2696709123,22.12.2020 12:40:23
202005,ES + Home,Major Domestic Appliances,Крупная бытовая техника MDA,0,Fact,1981933685,3114908061,22.01.2021 12:40:23
202005,ES + Home,Major Domestic Appliances,Крупная бытовая техника MDA,0,Fact,18968324,759718042,22.12.2020 12:40:23
202005,ES + Home,Miscellaneous accessories,Игровые приставки и аксессуары Access,0,Fact,2538850897,3507567655,22.01.2021 12:40:23
202005,ES + Home,Miscellaneous accessories,Домашняя Аудио и Видеотехника Access,0,Fact,530164369,691879895,22.01.2021 12:40:23
202005,ES + Home,Miscellaneous accessories,Фото и видео Access,0,Fact,517437896,558038988,22.01.2021 12:40:23
202005,ES + Home,Miscellaneous accessories,Средства связи Access,0,Fact,271870429,3464450598,22.01.2021 12:40:23
202005,ES + Home,Miscellaneous accessories,Бытовая техника Access,0,Fact,3958625606,2163755500,22.01.2021 12:40:23
202005,ES + Home,Miscellaneous accessories,Расходный материал для электроники Access,0,Fact,1745128702,2812818688,22.01.2021 12:40:23
202005,ES + Home,Miscellaneous accessories,Электропитание Access,0,Fact,1021766767,3526799289,22.01.2021 12:40:23
202005,ES + Home,Miscellaneous accessories,Оборудование Access,0,Fact,3763291542,3424046785,22.01.2021 12:40:23
202005,ES + Home,Miscellaneous accessories,Автомобильная техника Access,0,Fact,1133730437,2704185701,22.01.2021 12:40:23
202005,ES + Home,Miscellaneous accessories,Компьютерная периферия Access,0,Fact,3161354347,2554398183,22.01.2021 12:40:23
202005,ES + Home,Miscellaneous accessories,Электропитание Access,1,Fact,1893606337,537557992,22.01.2021 12:40:23
202005,ES + Home,Miscellaneous accessories,Электронные товары хобби и отдых Access,0,Fact,4111327956,314594404,22.01.2021 12:40:23
202005,ES + Home,Miscellaneous accessories,Компьютеры Access,0,Fact,3880730314,3380924702,22.01.2021 12:40:23
202005,ES + Home,Miscellaneous accessories,Игровые приставки и аксессуары Access,0,Fact,1838552318,1182531402,22.12.2020 12:40:23
202005,ES + Home,Miscellaneous accessories,Бытовая техника Access,0,Fact,661215390,1896085869,22.12.2020 12:40:23
202005,ES + Home,Miscellaneous accessories,Домашняя Аудио и Видеотехника Access,0,Fact,2227753655,1617581537,22.12.2020 12:40:23
202005,ES + Home,Miscellaneous accessories,Средства связи Access,0,Fact,2018563559,2159465891,22.12.2020 12:40:23
202005,ES + Home,Miscellaneous accessories,Электропитание Access,0,Fact,2261354888,258461987,22.12.2020 12:40:23
202005,ES + Home,Miscellaneous accessories,Электропитание Access,1,Fact,1287854513,458497463,22.12.2020 12:40:23
202005,ES + Home,Miscellaneous accessories,Фото и видео Access,0,Fact,4163648205,584016037,22.12.2020 12:40:23
202005,ES + Home,Miscellaneous accessories,Расходный материал для электроники Access,0,Fact,2050130366,2348605713,22.12.2020 12:40:23
202005,ES + Home,Miscellaneous accessories,Оборудование Access,0,Fact,468578335,2459282183,22.12.2020 12:40:23
202005,ES + Home,Miscellaneous accessories,Электронные товары хобби и отдых Access,0,Fact,4160803156,349424627,22.12.2020 12:40:23
202005,ES + Home,Miscellaneous accessories,Компьютеры Access,0,Fact,382103149,2689575897,22.12.2020 12:40:23
202005,ES + Home,Miscellaneous accessories,Автомобильная техника Access,0,Fact,69162786,3674333938,22.12.2020 12:40:23
202005,ES + Home,Miscellaneous accessories,Компьютерная периферия Access,0,Fact,4125928198,3874622133,22.12.2020 12:40:23
202005,ES + Home,Small Domestic Appliances,Оборудование SDA,0,Fact,2736619994,950818909,22.01.2021 12:40:23
202005,ES + Home,Small Domestic Appliances,Мелкая бытовая техника SDA,0,Fact,3996185780,1607125528,22.01.2021 12:40:23
202005,ES + Home,Small Domestic Appliances,Мелкая бытовая техника SDA,1,Fact,2818996124,3003990607,22.01.2021 12:40:23
202005,ES + Home,Small Domestic Appliances,Оборудование SDA,0,Fact,3863942003,138992707,22.12.2020 12:40:23
202005,ES + Home,Small Domestic Appliances,Мелкая бытовая техника SDA,0,Fact,3466768349,3969057967,22.12.2020 12:40:23
202005,ES + Home,Small Domestic Appliances,Мелкая бытовая техника SDA,1,Fact,1180994468,1136192853,22.12.2020 12:40:23
202005,ES + Home,Smartphones & Tablets,Средства связи Smart&Tablets,0,Fact,2511368489,596162669,22.01.2021 12:40:23
202005,ES + Home,Smartphones & Tablets,Компьютеры Smart&Tablets,0,Fact,3327032273,2817920163,22.01.2021 12:40:23
202005,ES + Home,Smartphones & Tablets,Средства связи Smart&Tablets,0,Fact,4115926571,1665870777,22.12.2020 12:40:23
202005,ES + Home,Smartphones & Tablets,Компьютеры Smart&Tablets,0,Fact,3464011491,1171853419,22.12.2020 12:40:23
202005,ES + Home,Sport,Тренажеры и фитнес,0,Fact,916468263,4095007998,22.01.2021 12:40:23
202005,ES + Home,Sport,Всесезонные виды спорта,0,Fact,3101551967,1888932181,22.01.2021 12:40:23
202005,ES + Home,Sport,Спортивные аксессуары,0,Fact,3009606196,1211376328,22.01.2021 12:40:23
202005,ES + Home,Sport,Единоборства,0,Fact,1020718033,1213543926,22.01.2021 12:40:23
202005,ES + Home,Sport,Товары для рыбалки,0,Fact,2562602270,4081156348,22.01.2021 12:40:23
202005,ES + Home,Sport,Туризм,0,Fact,1850532296,1752101248,22.01.2021 12:40:23
202005,ES + Home,Sport,Цирковое искусство,0,Fact,1617170775,1542404481,22.01.2021 12:40:23
202005,ES + Home,Sport,Страйкбол и пневматика,0,Fact,915790996,3694536582,22.01.2021 12:40:23
202005,ES + Home,Sport,Зимние виды спорта,0,Fact,661609991,3079276472,22.01.2021 12:40:23
202005,ES + Home,Sport,Товары для охоты,0,Fact,773025560,132044438,22.01.2021 12:40:23
202005,ES + Home,Sport,Летние виды спорта,0,Fact,2664936637,1071640928,22.01.2021 12:40:23
202005,ES + Home,Sport,Тренажеры и фитнес,0,Fact,3426385887,3545333859,22.12.2020 12:40:23
202005,ES + Home,Sport,Всесезонные виды спорта,0,Fact,1846611996,1827889369,22.12.2020 12:40:23
202005,ES + Home,Sport,Спортивные аксессуары,0,Fact,1569879819,272685481,22.12.2020 12:40:23
202005,ES + Home,Sport,Страйкбол и пневматика,0,Fact,3616528828,1918550783,22.12.2020 12:40:23
202005,ES + Home,Sport,Единоборства,0,Fact,2517765750,1579005531,22.12.2020 12:40:23
202005,ES + Home,Sport,Зимние виды спорта,0,Fact,4210807013,421338468,22.12.2020 12:40:23
202005,ES + Home,Sport,Товары для охоты,0,Fact,3354834431,1322581447,22.12.2020 12:40:23
202005,ES + Home,Sport,Летние виды спорта,0,Fact,4233011497,3412681119,22.12.2020 12:40:23
202005,ES + Home,Sport,Товары для рыбалки,0,Fact,1522886479,2225894138,22.12.2020 12:40:23
202005,ES + Home,Sport,Туризм,0,Fact,3224004493,3589703118,22.12.2020 12:40:23
202005,ES + Home,Sport,Цирковое искусство,0,Fact,1007404045,1889228343,22.12.2020 12:40:23
202005,ES + Home,TV  audio  Hi-Fi & other electronics,Компьютеры TV&Audio,0,Fact,1586203726,2925891113,22.01.2021 12:40:23
202005,ES + Home,TV  audio  Hi-Fi & other electronics,Music,0,Fact,2095278838,3845025996,22.01.2021 12:40:23
202005,ES + Home,TV  audio  Hi-Fi & other electronics,Домашняя Аудио и Видеотехника TV&Audio,0,Fact,3386756749,2857402871,22.01.2021 12:40:23
202005,ES + Home,TV  audio  Hi-Fi & other electronics,Система безопасности TV&Audio,0,Fact,1480226228,3650049510,22.01.2021 12:40:23
202005,ES + Home,TV  audio  Hi-Fi & other electronics,Компьютерная периферия TV&Audio,0,Fact,713310372,210856876,22.01.2021 12:40:23
202005,ES + Home,TV  audio  Hi-Fi & other electronics,Фан атрибутика TV&Audio,0,Fact,451293322,645921859,22.01.2021 12:40:23
202005,ES + Home,TV  audio  Hi-Fi & other electronics,Програмное обеспечение TV&Audio,0,Fact,2268705257,3528283524,22.01.2021 12:40:23
202005,ES + Home,TV  audio  Hi-Fi & other electronics,Игровые приставки и аксессуары TV&Audio,0,Fact,1619648309,1522234395,22.01.2021 12:40:23
202005,ES + Home,TV  audio  Hi-Fi & other electronics,Электронные товары хобби и отдых TV&Audio,0,Fact,3070059728,1725747431,22.01.2021 12:40:23
202005,ES + Home,TV  audio  Hi-Fi & other electronics,Фото и видео TV&Audio,0,Fact,604578166,390649501,22.01.2021 12:40:23
202005,ES + Home,TV  audio  Hi-Fi & other electronics,Movie,0,Fact,3985243290,1975210720,22.01.2021 12:40:23
202005,ES + Home,TV  audio  Hi-Fi & other electronics,Средства связи TV&Audio,0,Fact,4234965781,2114810885,22.01.2021 12:40:23
202005,ES + Home,TV  audio  Hi-Fi & other electronics,Автомобильная техника TV&Audio,0,Fact,326046163,1454088639,22.01.2021 12:40:23
202005,ES + Home,TV  audio  Hi-Fi & other electronics,Портативная аудиотехника TV&Audio,0,Fact,3416699443,3312264686,22.01.2021 12:40:23
202005,ES + Home,TV  audio  Hi-Fi & other electronics,Автомобильная техника TV&Audio,0,Fact,3251150256,3109582527,22.12.2020 12:40:23
202005,ES + Home,TV  audio  Hi-Fi & other electronics,Music,0,Fact,2281390866,637281280,22.12.2020 12:40:23
202005,ES + Home,TV  audio  Hi-Fi & other electronics,Компьютерная периферия TV&Audio,0,Fact,2298430581,2095646464,22.12.2020 12:40:23
202005,ES + Home,TV  audio  Hi-Fi & other electronics,Фан атрибутика TV&Audio,0,Fact,1353345556,834193396,22.12.2020 12:40:23
202005,ES + Home,TV  audio  Hi-Fi & other electronics,Програмное обеспечение TV&Audio,0,Fact,3944450077,934200541,22.12.2020 12:40:23
202005,ES + Home,TV  audio  Hi-Fi & other electronics,Домашняя Аудио и Видеотехника TV&Audio,0,Fact,2927391502,3245473570,22.12.2020 12:40:23
202005,ES + Home,TV  audio  Hi-Fi & other electronics,Компьютеры TV&Audio,0,Fact,449906691,2937042814,22.12.2020 12:40:23
202005,ES + Home,TV  audio  Hi-Fi & other electronics,Игровые приставки и аксессуары TV&Audio,0,Fact,538282563,4158483064,22.12.2020 12:40:23
202005,ES + Home,TV  audio  Hi-Fi & other electronics,Система безопасности TV&Audio,0,Fact,301961829,4142706569,22.12.2020 12:40:23
202005,ES + Home,TV  audio  Hi-Fi & other electronics,Средства связи TV&Audio,0,Fact,630972974,3902460284,22.12.2020 12:40:23
202005,ES + Home,TV  audio  Hi-Fi & other electronics,Электронные товары хобби и отдых TV&Audio,0,Fact,3204529070,3010136289,22.12.2020 12:40:23
202005,ES + Home,TV  audio  Hi-Fi & other electronics,Фото и видео TV&Audio,0,Fact,1637651854,1337200130,22.12.2020 12:40:23
202005,ES + Home,TV  audio  Hi-Fi & other electronics,Портативная аудиотехника TV&Audio,0,Fact,1398322219,2924024326,22.12.2020 12:40:23
202005,ES + Home,TV  audio  Hi-Fi & other electronics,Movie,0,Fact,4053145883,2780622194,22.12.2020 12:40:23
202005,FMCG,FMCG nonfood,Уход и гигиена,0,Fact,3292326417,742682706,22.01.2021 12:40:23
202005,FMCG,FMCG nonfood,Электроника детская,0,Fact,1475347074,1727852278,22.01.2021 12:40:23
202005,FMCG,FMCG nonfood,Личная гигиена,1,Fact,2948578924,1033939656,22.01.2021 12:40:23
202005,FMCG,FMCG nonfood,Бытовая химия,1,Fact,65711664,1232628596,22.01.2021 12:40:23
202005,FMCG,FMCG nonfood,Личная гигиена,0,Fact,1406851742,609334298,22.01.2021 12:40:23
202005,FMCG,FMCG nonfood,Уход и гигиена,1,Fact,3249834030,4270502887,22.01.2021 12:40:23
202005,FMCG,FMCG nonfood,Детская продукция,0,Fact,2512215533,1043275111,22.01.2021 12:40:23
202005,FMCG,FMCG nonfood,Кормление детское,1,Fact,1280392412,855572976,22.01.2021 12:40:23
202005,FMCG,FMCG nonfood,Бритвы и лезвия,0,Fact,1207753790,4277764207,22.01.2021 12:40:23
202005,FMCG,FMCG nonfood,Бритвы и лезвия,1,Fact,1111437637,4224456290,22.01.2021 12:40:23
202005,FMCG,FMCG nonfood,Кормление детское,0,Fact,302488459,4082087314,22.01.2021 12:40:23
202005,FMCG,FMCG nonfood,Детская продукция,1,Fact,2148093457,2989650735,22.01.2021 12:40:23
202005,FMCG,FMCG nonfood,Бытовая химия,0,Fact,2759512479,364250396,22.01.2021 12:40:23
202005,FMCG,FMCG nonfood,Личная гигиена,1,Fact,3433907179,1846566532,22.12.2020 12:40:23
202005,FMCG,FMCG nonfood,Бытовая химия,1,Fact,2417293680,155757885,22.12.2020 12:40:23
202005,FMCG,FMCG nonfood,Личная гигиена,0,Fact,244142819,3946951906,22.12.2020 12:40:23
202005,FMCG,FMCG nonfood,Уход и гигиена,1,Fact,2618120495,4271825369,22.12.2020 12:40:23
202005,FMCG,FMCG nonfood,Детская продукция,0,Fact,3681674758,1696274655,22.12.2020 12:40:23
202005,FMCG,FMCG nonfood,Кормление детское,1,Fact,575048530,3683711580,22.12.2020 12:40:23
202005,FMCG,FMCG nonfood,Электроника детская,0,Fact,2225048558,2859151337,22.12.2020 12:40:23
202005,FMCG,FMCG nonfood,Уход и гигиена,0,Fact,4151093257,3935777763,22.12.2020 12:40:23
202005,FMCG,FMCG nonfood,Кормление детское,0,Fact,701023773,2135307282,22.12.2020 12:40:23
202005,FMCG,FMCG nonfood,Детская продукция,1,Fact,237193202,1817440913,22.12.2020 12:40:23
202005,FMCG,FMCG nonfood,Бытовая химия,0,Fact,2343400911,4181748701,22.12.2020 12:40:23
202005,FMCG,FMCG nonfood,Бритвы и лезвия,0,Fact,2799997262,3813546278,22.12.2020 12:40:23
202005,FMCG,FMCG nonfood,Бритвы и лезвия,1,Fact,2985277088,3846366977,22.12.2020 12:40:23
202005,FMCG,Food,Напитки,0,Fact,4099027689,713552397,22.01.2021 12:40:23
202005,FMCG,Food,Молочная продукция стерилизованная,1,Fact,4287843977,1884811162,22.01.2021 12:40:23
202005,FMCG,Food,Бакалея,1,Fact,192141733,205680140,22.01.2021 12:40:23
202005,FMCG,Food,Кондитерские изделия,1,Fact,59168291,3443414066,22.01.2021 12:40:23
202005,FMCG,Food,Бакалея,0,Fact,1928882117,4099980935,22.01.2021 12:40:23
202005,FMCG,Food,Кондитерские изделия,0,Fact,3435313019,2978490844,22.01.2021 12:40:23
202005,FMCG,Food,Молочная продукция стерилизованная,0,Fact,1760141046,393872610,22.01.2021 12:40:23
202005,FMCG,Food,Напитки,1,Fact,1165111814,1975456882,22.01.2021 12:40:23
202005,FMCG,Food,Молекулярная кухня,0,Fact,1406228074,317210359,22.01.2021 12:40:23
202005,FMCG,Food,Детское питание,0,Fact,3707455659,910266692,22.01.2021 12:40:23
202005,FMCG,Food,Детское питание,1,Fact,3336330231,1944966152,22.01.2021 12:40:23
202005,FMCG,Food,Бакалея,1,Fact,2668440469,3272838841,22.12.2020 12:40:23
202005,FMCG,Food,Молочная продукция стерилизованная,0,Fact,2642622565,3659432402,22.12.2020 12:40:23
202005,FMCG,Food,Напитки,0,Fact,911857705,545697522,22.12.2020 12:40:23
202005,FMCG,Food,Напитки,1,Fact,3956773037,3755094935,22.12.2020 12:40:23
202005,FMCG,Food,Бакалея,0,Fact,382511574,1054016005,22.12.2020 12:40:23
202005,FMCG,Food,Молочная продукция стерилизованная,1,Fact,617484665,1475533090,22.12.2020 12:40:23
202005,FMCG,Food,Кондитерские изделия,1,Fact,641036347,4181902644,22.12.2020 12:40:23
202005,FMCG,Food,Кондитерские изделия,0,Fact,834914104,1646398555,22.12.2020 12:40:23
202005,FMCG,Food,Детское питание,0,Fact,3123592093,1463432191,22.12.2020 12:40:23
202005,FMCG,Food,Молекулярная кухня,0,Fact,3883999456,1072224331,22.12.2020 12:40:23
202005,FMCG,Food,Детское питание,1,Fact,1625331916,3480198972,22.12.2020 12:40:23
202005,FMCG,FreshFood,Кулинария и полуфабрикаты Fresh,1,Fact,3910334497,50091800,22.01.2021 12:40:23
202005,FMCG,FreshFood,Растительные аналоги Fresh,1,Fact,884219257,1435905880,22.01.2021 12:40:23
202005,FMCG,FreshFood,Напитки Fresh,1,Fact,2025706539,2856646243,22.01.2021 12:40:23
202005,FMCG,FreshFood,Рыба  морепродукты,1,Fact,582627885,191890979,22.01.2021 12:40:23
202005,FMCG,FreshFood,Мясо  птица,1,Fact,2876182544,1034799482,22.01.2021 12:40:23
202005,FMCG,FreshFood,Хлебобулочные изделия Fresh,1,Fact,3295565693,2141741739,22.01.2021 12:40:23
202005,FMCG,FreshFood,Замороженные продукты,1,Fact,1702705337,2776130134,22.01.2021 12:40:23
202005,FMCG,FreshFood,Овощи  фрукты  зелень свежие,1,Fact,4294812794,3435612142,22.01.2021 12:40:23
202005,FMCG,FreshFood,Мясная гастрономия,1,Fact,2001839043,268645525,22.01.2021 12:40:23
202005,FMCG,FreshFood,Молочная продукция и яйца Fresh,1,Fact,449431979,313171325,22.01.2021 12:40:23
202005,FMCG,FreshFood,Растительные аналоги Fresh,1,Fact,2179865847,3859349182,22.12.2020 12:40:23
202005,FMCG,FreshFood,Напитки Fresh,1,Fact,3239714777,498615863,22.12.2020 12:40:23
202005,FMCG,FreshFood,Рыба  морепродукты,1,Fact,1476806811,1988198772,22.12.2020 12:40:23
202005,FMCG,FreshFood,Кулинария и полуфабрикаты Fresh,1,Fact,2092846991,1547324071,22.12.2020 12:40:23
202005,FMCG,FreshFood,Мясо  птица,1,Fact,4245934770,704554173,22.12.2020 12:40:23
202005,FMCG,FreshFood,Хлебобулочные изделия Fresh,1,Fact,1141127487,2991509951,22.12.2020 12:40:23
202005,FMCG,FreshFood,Овощи  фрукты  зелень свежие,1,Fact,872968675,1574874585,22.12.2020 12:40:23
202005,FMCG,FreshFood,Мясная гастрономия,1,Fact,2327099027,1209764109,22.12.2020 12:40:23
202005,FMCG,FreshFood,Молочная продукция и яйца Fresh,1,Fact,2645859513,2484340202,22.12.2020 12:40:23
202005,FMCG,FreshFood,Замороженные продукты,1,Fact,2226183782,2197423913,22.12.2020 12:40:23
202005,FMCG,Moms&Kids,КГТ и спорт для детей,0,Fact,2381972079,181836422,22.01.2021 12:40:23
202005,FMCG,Moms&Kids,Творчество  хобби и игры,1,Fact,3872349687,3645442899,22.01.2021 12:40:23
202005,FMCG,Moms&Kids,Игрушки,1,Fact,3739319944,28036935,22.01.2021 12:40:23
202005,FMCG,Moms&Kids,Игрушки,0,Fact,3941327868,2485136514,22.01.2021 12:40:23
202005,FMCG,Moms&Kids,Товары для школы  канцелярия  оборудование,1,Fact,2138317355,3256081709,22.01.2021 12:40:23
202005,FMCG,Moms&Kids,Товары для школы  канцелярия  оборудование,0,Fact,2804238817,253121314,22.01.2021 12:40:23
202005,FMCG,Moms&Kids,Творчество  хобби и игры,0,Fact,1316411008,640153227,22.01.2021 12:40:23
202005,FMCG,Moms&Kids,Игрушки,1,Fact,1619629137,731395785,22.12.2020 12:40:23
202005,FMCG,Moms&Kids,Игрушки,0,Fact,2598007915,3135813292,22.12.2020 12:40:23
202005,FMCG,Moms&Kids,КГТ и спорт для детей,0,Fact,1373055520,3379726733,22.12.2020 12:40:23
202005,FMCG,Moms&Kids,Творчество  хобби и игры,1,Fact,2420274719,2667097914,22.12.2020 12:40:23
202005,FMCG,Moms&Kids,Товары для школы  канцелярия  оборудование,1,Fact,1943245923,3201838730,22.12.2020 12:40:23
202005,FMCG,Moms&Kids,Товары для школы  канцелярия  оборудование,0,Fact,3760376316,1511867834,22.12.2020 12:40:23
202005,FMCG,Moms&Kids,Творчество  хобби и игры,0,Fact,3978989389,2048159707,22.12.2020 12:40:23
202005,FMCG,Zoo,Гигиена и уход животных,0,Fact,2529493926,1020792519,22.01.2021 12:40:23
202005,FMCG,Zoo,Зоокорм  витамины,1,Fact,4201326702,654236439,22.01.2021 12:40:23
202005,FMCG,Zoo,Зоокорм  витамины,0,Fact,4008646952,437631316,22.01.2021 12:40:23
202005,FMCG,Zoo,Гигиена и уход животных,1,Fact,1471950160,4222765433,22.01.2021 12:40:23
202005,FMCG,Zoo,Фермерское хозяйство - Товары для пчеловодства,0,Fact,4287623407,1035002236,22.01.2021 12:40:23
202005,FMCG,Zoo,Спальное место животного,0,Fact,3085913142,1974916277,22.01.2021 12:40:23
202005,FMCG,Zoo,Фермерское хозяйство - Корма и кормовые добавки для птицеводства и животноводства,0,Fact,853629170,3746075297,22.01.2021 12:40:23
202005,FMCG,Zoo,Фермерское хозяйство - Оборудование для птицеводства и животноводства,0,Fact,3824075801,1349908874,22.01.2021 12:40:23
202005,FMCG,Zoo,Товары для прогулки и дрессировки животных,1,Fact,671361714,2200313291,22.01.2021 12:40:23
202005,FMCG,Zoo,Фермерское хозяйство - Содержание  уход птицы и сельскохозяйственных животных,0,Fact,2782142276,2270864440,22.01.2021 12:40:23
202005,FMCG,Zoo,Товары для прогулки и дрессировки животных,0,Fact,313790555,4264895873,22.01.2021 12:40:23
202005,FMCG,Zoo,Гигиена и уход животных,1,Fact,1140907220,3358284807,22.12.2020 12:40:23
202005,FMCG,Zoo,Фермерское хозяйство - Содержание  уход птицы и сельскохозяйственных животных,0,Fact,3102191023,12983654,22.12.2020 12:40:23
202005,FMCG,Zoo,Фермерское хозяйство - Оборудование для птицеводства и животноводства,0,Fact,4104751676,359857175,22.12.2020 12:40:23
202005,FMCG,Zoo,Фермерское хозяйство - Корма и кормовые добавки для птицеводства и животноводства,0,Fact,2560809491,1739795990,22.12.2020 12:40:23
202005,FMCG,Zoo,Гигиена и уход животных,0,Fact,3988630961,1036511456,22.12.2020 12:40:23
202005,FMCG,Zoo,Фермерское хозяйство - Товары для пчеловодства,0,Fact,2983219143,4249882007,22.12.2020 12:40:23
202005,FMCG,Zoo,Спальное место животного,0,Fact,12143800,3751881051,22.12.2020 12:40:23
202005,FMCG,Zoo,Товары для прогулки и дрессировки животных,1,Fact,3940099210,3429265410,22.12.2020 12:40:23
202005,FMCG,Zoo,Зоокорм  витамины,1,Fact,1542861351,745370402,22.12.2020 12:40:23
202005,FMCG,Zoo,Зоокорм  витамины,0,Fact,920054237,2425651659,22.12.2020 12:40:23
202005,FMCG,Zoo,Товары для прогулки и дрессировки животных,0,Fact,3191515726,2925356466,22.12.2020 12:40:23
202006,Beauty,Apparel,Взрослая одежда,0,Fact,1408682648,2842298095,22.01.2021 12:40:23
202006,Beauty,Apparel,Детская одежда,0,Fact,2558409867,2231666174,22.01.2021 12:40:23
202006,Beauty,Apparel,Детская обувь,0,Fact,3389069037,2257750541,22.01.2021 12:40:23
202006,Beauty,Apparel,Аксессуары для взрослых и детей,1,Fact,3334016516,3917151412,22.01.2021 12:40:23
202006,Beauty,Apparel,Бижутерия и часы бижутерные,0,Fact,523792472,414728562,22.01.2021 12:40:23
202006,Beauty,Apparel,Аксессуары для взрослых и детей,0,Fact,1790825976,1191412098,22.01.2021 12:40:23
202006,Beauty,Apparel,Взрослая обувь,0,Fact,234954180,1674884662,22.01.2021 12:40:23
202006,Beauty,Apparel,Детская обувь,0,Fact,2133189735,2859639010,22.12.2020 12:40:23
202006,Beauty,Apparel,Взрослая одежда,0,Fact,2649118732,3955083698,22.12.2020 12:40:23
202006,Beauty,Apparel,Аксессуары для взрослых и детей,1,Fact,321923760,2541451589,22.12.2020 12:40:23
202006,Beauty,Apparel,Аксессуары для взрослых и детей,0,Fact,319356887,79168690,22.12.2020 12:40:23
202006,Beauty,Apparel,Детская одежда,0,Fact,3445006935,2692082043,22.12.2020 12:40:23
202006,Beauty,Apparel,Взрослая обувь,0,Fact,1412065926,866133225,22.12.2020 12:40:23
202006,Beauty,Apparel,Бижутерия и часы бижутерные,0,Fact,928039004,1586751379,22.12.2020 12:40:23
202006,Beauty,Health&Beauty,Косметические средства для детей и беременных,1,Fact,3179660076,3426966314,22.01.2021 12:40:23
202006,Beauty,Health&Beauty,Декоративная косметика,0,Fact,2237211926,326772020,22.01.2021 12:40:23
202006,Beauty,Health&Beauty,Уход и гигиена,1,Fact,1714980959,4175461530,22.01.2021 12:40:23
202006,Beauty,Health&Beauty,Уход и гигиена,0,Fact,420118516,2557395416,22.01.2021 12:40:23
202006,Beauty,Health&Beauty,Косметика для ухода за кожей,0,Fact,261884332,2265549119,22.01.2021 12:40:23
202006,Beauty,Health&Beauty,Косметика для ухода за кожей,1,Fact,544404954,1136767358,22.01.2021 12:40:23
202006,Beauty,Health&Beauty,Косметические аксессуары,0,Fact,3844520526,4186967075,22.01.2021 12:40:23
202006,Beauty,Health&Beauty,Косметика для ухода за волосами,0,Fact,1355935056,3170136732,22.01.2021 12:40:23
202006,Beauty,Health&Beauty,Косметическая техника,0,Fact,1933062988,661563341,22.01.2021 12:40:23
202006,Beauty,Health&Beauty,Косметика для ухода за волосами,1,Fact,1526517087,3445161814,22.01.2021 12:40:23
202006,Beauty,Health&Beauty,Парфюмерия  ароматерапия,0,Fact,2517249337,929176555,22.01.2021 12:40:23
202006,Beauty,Health&Beauty,Косметические средства для детей и беременных,0,Fact,1528710284,3124783437,22.01.2021 12:40:23
202006,Beauty,Health&Beauty,Декоративная косметика,0,Fact,343159657,994589144,22.12.2020 12:40:23
202006,Beauty,Health&Beauty,Уход и гигиена,1,Fact,2991933908,3324754679,22.12.2020 12:40:23
202006,Beauty,Health&Beauty,Косметические средства для детей и беременных,1,Fact,2516058622,4026293020,22.12.2020 12:40:23
202006,Beauty,Health&Beauty,Косметика для ухода за кожей,0,Fact,251630033,1548221141,22.12.2020 12:40:23
202006,Beauty,Health&Beauty,Косметика для ухода за кожей,1,Fact,3026970334,678842169,22.12.2020 12:40:23
202006,Beauty,Health&Beauty,Уход и гигиена,0,Fact,1935726677,3276161872,22.12.2020 12:40:23
202006,Beauty,Health&Beauty,Косметическая техника,0,Fact,2106219945,1086310050,22.12.2020 12:40:23
202006,Beauty,Health&Beauty,Парфюмерия  ароматерапия,0,Fact,3377191042,1231627522,22.12.2020 12:40:23
202006,Beauty,Health&Beauty,Косметические средства для детей и беременных,0,Fact,2761442310,1647531766,22.12.2020 12:40:23
202006,Beauty,Health&Beauty,Косметика для ухода за волосами,0,Fact,3255344495,168411602,22.12.2020 12:40:23
202006,Beauty,Health&Beauty,Косметические аксессуары,0,Fact,1625388108,877462650,22.12.2020 12:40:23
202006,Beauty,Health&Beauty,Косметика для ухода за волосами,1,Fact,3254006829,961489317,22.12.2020 12:40:23
202006,Beauty,Jewelry,Ювелирные изделия,0,Fact,1923392231,1506730484,22.01.2021 12:40:23
202006,Beauty,Jewelry,Ювелирные изделия,0,Fact,1162011310,3794313641,22.12.2020 12:40:23
202006,Beauty,Pharmacy,Витамины и БАДы,0,Fact,520711946,3926340103,22.01.2021 12:40:23
202006,Beauty,Pharmacy,Спортивное питание,0,Fact,2717472148,2255283504,22.01.2021 12:40:23
202006,Beauty,Pharmacy,Средства реабилитации,1,Fact,832650166,1738678282,22.01.2021 12:40:23
202006,Beauty,Pharmacy,Средства реабилитации,0,Fact,32057675,3443657033,22.01.2021 12:40:23
202006,Beauty,Pharmacy,Электронные сигареты  парители  кальяны,0,Fact,703391707,1131867552,22.01.2021 12:40:23
202006,Beauty,Pharmacy,Уход и гигиена,0,Fact,3940169777,2019086391,22.01.2021 12:40:23
202006,Beauty,Pharmacy,Тату,0,Fact,366717250,3274923980,22.01.2021 12:40:23
202006,Beauty,Pharmacy,Антибактериальные  дезинфицирующие средства,0,Fact,1229363288,4133797933,22.01.2021 12:40:23
202006,Beauty,Pharmacy,Ортопедия и компрессионный трикотаж,0,Fact,644374973,2164995647,22.01.2021 12:40:23
202006,Beauty,Pharmacy,Медицинские изделия,1,Fact,1496431346,638118272,22.01.2021 12:40:23
202006,Beauty,Pharmacy,Товары для взрослых,0,Fact,3601982431,2055503004,22.01.2021 12:40:23
202006,Beauty,Pharmacy,Лекарственные средства для животных,0,Fact,1611076988,1676343451,22.01.2021 12:40:23
202006,Beauty,Pharmacy,Медицинские изделия,0,Fact,210209109,622332201,22.01.2021 12:40:23
202006,Beauty,Pharmacy,Уход и гигиена,1,Fact,3268776579,1274130623,22.01.2021 12:40:23
202006,Beauty,Pharmacy,Профессиональный уход за полостью рта,0,Fact,2691008947,2033588608,22.01.2021 12:40:23
202006,Beauty,Pharmacy,Парафармацевтика,1,Fact,586656090,4005888557,22.01.2021 12:40:23
202006,Beauty,Pharmacy,Оптика,0,Fact,61134166,2727014152,22.01.2021 12:40:23
202006,Beauty,Pharmacy,Товары для взрослых,1,Fact,3058477349,1283924955,22.01.2021 12:40:23
202006,Beauty,Pharmacy,Парафармацевтика,0,Fact,2645848696,1716144798,22.01.2021 12:40:23
202006,Beauty,Pharmacy,Медицинская техника,0,Fact,3494090642,3689275684,22.01.2021 12:40:23
202006,Beauty,Pharmacy,Антибактериальные  дезинфицирующие средства,1,Fact,1588442901,1391297447,22.01.2021 12:40:23
202006,Beauty,Pharmacy,Оптика,1,Fact,1316592444,3429883152,22.01.2021 12:40:23
202006,Beauty,Pharmacy,Лекарственные средства,0,Fact,3383459406,2821983405,22.01.2021 12:40:23
202006,Beauty,Pharmacy,Уход и гигиена,0,Fact,3742725435,901111222,22.12.2020 12:40:23
202006,Beauty,Pharmacy,Антибактериальные  дезинфицирующие средства,0,Fact,3722547585,567246580,22.12.2020 12:40:23
202006,Beauty,Pharmacy,Ортопедия и компрессионный трикотаж,0,Fact,139305547,2141007831,22.12.2020 12:40:23
202006,Beauty,Pharmacy,Витамины и БАДы,0,Fact,2997008324,2649398010,22.12.2020 12:40:23
202006,Beauty,Pharmacy,Тату,0,Fact,632088204,1595022146,22.12.2020 12:40:23
202006,Beauty,Pharmacy,Спортивное питание,0,Fact,1150562452,1019782859,22.12.2020 12:40:23
202006,Beauty,Pharmacy,Товары для взрослых,1,Fact,2101975254,2518047674,22.12.2020 12:40:23
202006,Beauty,Pharmacy,Медицинская техника,0,Fact,2312816176,538147329,22.12.2020 12:40:23
202006,Beauty,Pharmacy,Парафармацевтика,1,Fact,673843243,181939473,22.12.2020 12:40:23
202006,Beauty,Pharmacy,Антибактериальные  дезинфицирующие средства,1,Fact,2595046903,2635978257,22.12.2020 12:40:23
202006,Beauty,Pharmacy,Оптика,1,Fact,3600272595,1429327338,22.12.2020 12:40:23
202006,Beauty,Pharmacy,Электронные сигареты  парители  кальяны,0,Fact,3844631542,3117862908,22.12.2020 12:40:23
202006,Beauty,Pharmacy,Лекарственные средства,0,Fact,3688307332,3717804289,22.12.2020 12:40:23
202006,Beauty,Pharmacy,Медицинские изделия,1,Fact,2209739568,2425467865,22.12.2020 12:40:23
202006,Beauty,Pharmacy,Средства реабилитации,1,Fact,2660556971,2850127114,22.12.2020 12:40:23
202006,Beauty,Pharmacy,Товары для взрослых,0,Fact,1268969986,3288402944,22.12.2020 12:40:23
202006,Beauty,Pharmacy,Средства реабилитации,0,Fact,778573277,2016578865,22.12.2020 12:40:23
202006,Beauty,Pharmacy,Лекарственные средства для животных,0,Fact,2368185210,1320517692,22.12.2020 12:40:23
202006,Beauty,Pharmacy,Медицинские изделия,0,Fact,3100980057,933622908,22.12.2020 12:40:23
202006,Beauty,Pharmacy,Уход и гигиена,1,Fact,3068563065,3481630814,22.12.2020 12:40:23
202006,Beauty,Pharmacy,Профессиональный уход за полостью рта,0,Fact,2856538913,1012902093,22.12.2020 12:40:23
202006,Beauty,Pharmacy,Оптика,0,Fact,3499577251,3214055809,22.12.2020 12:40:23
202006,Beauty,Pharmacy,Парафармацевтика,0,Fact,3370670107,1884422376,22.12.2020 12:40:23
202006,ES + Home,Auto&Moto,Автомобили и мототехника,0,Fact,3932983237,2866467561,22.01.2021 12:40:23
202006,ES + Home,Auto&Moto,Дополнительное оборудование для авто и мото техники,0,Fact,2382388871,4257482969,22.01.2021 12:40:23
202006,ES + Home,Auto&Moto,Автоинструменты и гаражное оборудование,0,Fact,3890133666,2847904651,22.01.2021 12:40:23
202006,ES + Home,Auto&Moto,Универсальные авто и мото аксессуары,0,Fact,2408429823,4108039850,22.01.2021 12:40:23
202006,ES + Home,Auto&Moto,Авто и мото запчасти,0,Fact,2573160862,1307712152,22.01.2021 12:40:23
202006,ES + Home,Auto&Moto,Шины и диски,0,Fact,88684131,206303350,22.01.2021 12:40:23
202006,ES + Home,Auto&Moto,Масла и автохимия,0,Fact,4060565538,2016176910,22.01.2021 12:40:23
202006,ES + Home,Auto&Moto,Автомобили и мототехника,0,Fact,558326937,2987827313,22.12.2020 12:40:23
202006,ES + Home,Auto&Moto,Авто и мото запчасти,0,Fact,4118008785,149051080,22.12.2020 12:40:23
202006,ES + Home,Auto&Moto,Автоинструменты и гаражное оборудование,0,Fact,2526400864,698261500,22.12.2020 12:40:23
202006,ES + Home,Auto&Moto,Дополнительное оборудование для авто и мото техники,0,Fact,2180056581,1295142087,22.12.2020 12:40:23
202006,ES + Home,Auto&Moto,Шины и диски,0,Fact,3582053716,2323172099,22.12.2020 12:40:23
202006,ES + Home,Auto&Moto,Масла и автохимия,0,Fact,3208918833,2153359072,22.12.2020 12:40:23
202006,ES + Home,Auto&Moto,Универсальные авто и мото аксессуары,0,Fact,1394191798,2051602239,22.12.2020 12:40:23
202006,ES + Home,Books,Книги детям и родителям,0,Fact,3218627540,2877715879,22.01.2021 12:40:23
202006,ES + Home,Books,Аудиокнига,0,Fact,1210051036,3961211551,22.01.2021 12:40:23
202006,ES + Home,Books,Цифровая книга,0,Fact,998927718,62923867,22.01.2021 12:40:23
202006,ES + Home,Books,Нехудожественная литература,0,Fact,2966247052,3273647630,22.01.2021 12:40:23
202006,ES + Home,Books,Современная печатная книга,0,Fact,93631401,1342861431,22.01.2021 12:40:23
202006,ES + Home,Books,Современные листовые издания,0,Fact,2541226101,3408160130,22.01.2021 12:40:23
202006,ES + Home,Books,Художественная литература,0,Fact,3951092652,442691052,22.01.2021 12:40:23
202006,ES + Home,Books,Литература на иностранном языке,0,Fact,4142294107,720733955,22.01.2021 12:40:23
202006,ES + Home,Books,Комиксы,0,Fact,2139401841,315104799,22.01.2021 12:40:23
202006,ES + Home,Books,Блокноты с ISBN,0,Fact,1568717100,246464414,22.01.2021 12:40:23
202006,ES + Home,Books,Second-hand книга,0,Fact,2216102383,318357467,22.01.2021 12:40:23
202006,ES + Home,Books,Календари,0,Fact,140428777,3978482144,22.01.2021 12:40:23
202006,ES + Home,Books,Иностранное издание,0,Fact,3952262775,3287520545,22.01.2021 12:40:23
202006,ES + Home,Books,Манга,0,Fact,2040820651,2263355389,22.01.2021 12:40:23
202006,ES + Home,Books,Книга по требованию,0,Fact,2199741595,4120542389,22.01.2021 12:40:23
202006,ES + Home,Books,Букинистическое издание,0,Fact,3904671531,223932292,22.01.2021 12:40:23
202006,ES + Home,Books,Антикварное издание,0,Fact,3202476559,169376380,22.01.2021 12:40:23
202006,ES + Home,Books,Современные картографические издания,0,Fact,2350251217,2270235147,22.01.2021 12:40:23
202006,ES + Home,Books,ПО на физических носителях,0,Fact,400544843,493148121,22.01.2021 12:40:23
202006,ES + Home,Books,Бизнес-литература,0,Fact,1923954964,3140175328,22.01.2021 12:40:23
202006,ES + Home,Books,Учебная литература,0,Fact,3059098416,3544972204,22.01.2021 12:40:23
202006,ES + Home,Books,Литература на иностранном языке,0,Fact,919217424,335294893,22.12.2020 12:40:23
202006,ES + Home,Books,Бизнес-литература,0,Fact,404491115,2537435486,22.12.2020 12:40:23
202006,ES + Home,Books,Комиксы,0,Fact,1541378615,1088492,22.12.2020 12:40:23
202006,ES + Home,Books,ПО на физических носителях,0,Fact,901376674,1840456337,22.12.2020 12:40:23
202006,ES + Home,Books,Second-hand книга,0,Fact,3605545285,707104042,22.12.2020 12:40:23
202006,ES + Home,Books,Календари,0,Fact,1961393031,220258772,22.12.2020 12:40:23
202006,ES + Home,Books,Книги детям и родителям,0,Fact,3529956420,1900647497,22.12.2020 12:40:23
202006,ES + Home,Books,Аудиокнига,0,Fact,993621286,4175652717,22.12.2020 12:40:23
202006,ES + Home,Books,Цифровая книга,0,Fact,4228191635,1659839476,22.12.2020 12:40:23
202006,ES + Home,Books,Нехудожественная литература,0,Fact,4138319873,3524593364,22.12.2020 12:40:23
202006,ES + Home,Books,Блокноты с ISBN,0,Fact,1817995817,3129793316,22.12.2020 12:40:23
202006,ES + Home,Books,Современная печатная книга,0,Fact,211081631,26695475,22.12.2020 12:40:23
202006,ES + Home,Books,Современные листовые издания,0,Fact,4250743892,2434133980,22.12.2020 12:40:23
202006,ES + Home,Books,Учебная литература,0,Fact,62796960,460166907,22.12.2020 12:40:23
202006,ES + Home,Books,Иностранное издание,0,Fact,413142452,3058661040,22.12.2020 12:40:23
202006,ES + Home,Books,Манга,0,Fact,259418930,2183544643,22.12.2020 12:40:23
202006,ES + Home,Books,Художественная литература,0,Fact,1171093118,1477734828,22.12.2020 12:40:23
202006,ES + Home,Books,Книга по требованию,0,Fact,1053070566,1943755872,22.12.2020 12:40:23
202006,ES + Home,Books,Букинистическое издание,0,Fact,4101206008,3882496264,22.12.2020 12:40:23
202006,ES + Home,Books,Антикварное издание,0,Fact,3268048908,2783075229,22.12.2020 12:40:23
202006,ES + Home,Books,Современные картографические издания,0,Fact,3526326048,1779655215,22.12.2020 12:40:23
202006,ES + Home,Digital,Програмное обеспечение Digital,0,Fact,2625583297,1287687653,22.01.2021 12:40:23
202006,ES + Home,Digital,Програмное обеспечение Digital,0,Fact,1117967850,1160370621,22.12.2020 12:40:23
202006,ES + Home,DIY,Освещение,0,Fact,4001296861,1553932556,22.01.2021 12:40:23
202006,ES + Home,DIY,Инструменты,0,Fact,484149533,2144365444,22.01.2021 12:40:23
202006,ES + Home,DIY,Ремонт и строительство,0,Fact,2899753168,2988587386,22.01.2021 12:40:23
202006,ES + Home,DIY,Сантехника,0,Fact,2895810504,3948043636,22.01.2021 12:40:23
202006,ES + Home,DIY,Сад и огород,1,Fact,3833270974,635611878,22.01.2021 12:40:23
202006,ES + Home,DIY,Фильтры для воды,0,Fact,1559941404,3545700024,22.01.2021 12:40:23
202006,ES + Home,DIY,Сад и огород,0,Fact,3875088959,481842609,22.01.2021 12:40:23
202006,ES + Home,DIY,Ремонт и строительство,0,Fact,3642211368,485159477,22.12.2020 12:40:23
202006,ES + Home,DIY,Сантехника,0,Fact,2091971774,2346675145,22.12.2020 12:40:23
202006,ES + Home,DIY,Освещение,0,Fact,4225049438,1092065248,22.12.2020 12:40:23
202006,ES + Home,DIY,Инструменты,0,Fact,3376536347,2873390827,22.12.2020 12:40:23
202006,ES + Home,DIY,Сад и огород,0,Fact,3914268808,1522730298,22.12.2020 12:40:23
202006,ES + Home,DIY,Сад и огород,1,Fact,146994694,544000815,22.12.2020 12:40:23
202006,ES + Home,DIY,Фильтры для воды,0,Fact,809814953,4283950528,22.12.2020 12:40:23
202006,ES + Home,Furniture,Мебель для сна,0,Fact,1948929028,3488252935,22.01.2021 12:40:23
202006,ES + Home,Furniture,Компьютерная и офисная мебель,0,Fact,2519073480,3203791091,22.01.2021 12:40:23
202006,ES + Home,Furniture,Мягкая мебель,0,Fact,1173433753,759802493,22.01.2021 12:40:23
202006,ES + Home,Furniture,Корпусная мебель и мебель для хранения,0,Fact,1518102177,1284216316,22.01.2021 12:40:23
202006,ES + Home,Furniture,Прочая мебель,0,Fact,2179692574,4238994552,22.01.2021 12:40:23
202006,ES + Home,Furniture,Мебель для сада,0,Fact,2620476670,3916041684,22.01.2021 12:40:23
202006,ES + Home,Furniture,Столы и стулья,0,Fact,3746523084,3078644623,22.01.2021 12:40:23
202006,ES + Home,Furniture,Мебель для сна,0,Fact,2304514535,2686568403,22.12.2020 12:40:23
202006,ES + Home,Furniture,Компьютерная и офисная мебель,0,Fact,2778247642,1338562613,22.12.2020 12:40:23
202006,ES + Home,Furniture,Мягкая мебель,0,Fact,1225432951,835755103,22.12.2020 12:40:23
202006,ES + Home,Furniture,Столы и стулья,0,Fact,912336779,3955318354,22.12.2020 12:40:23
202006,ES + Home,Furniture,Мебель для сада,0,Fact,291136702,3863548080,22.12.2020 12:40:23
202006,ES + Home,Furniture,Корпусная мебель и мебель для хранения,0,Fact,1583192335,3445836587,22.12.2020 12:40:23
202006,ES + Home,Furniture,Прочая мебель,0,Fact,445016713,3192774544,22.12.2020 12:40:23
202006,ES + Home,Household,Хранение,0,Fact,1487737295,739820222,22.01.2021 12:40:23
202006,ES + Home,Household,Ванная комната,0,Fact,4148340773,3935528634,22.01.2021 12:40:23
202006,ES + Home,Household,Кухня,0,Fact,390772194,3854580739,22.01.2021 12:40:23
202006,ES + Home,Household,Кухня,1,Fact,3468505132,1278629360,22.01.2021 12:40:23
202006,ES + Home,Household,Ритуальные изделия,0,Fact,2312143950,1981102777,22.01.2021 12:40:23
202006,ES + Home,Household,Аксессуары для уборки и стирки,1,Fact,1451876114,676376389,22.01.2021 12:40:23
202006,ES + Home,Household,Принадлежности для Нового года,0,Fact,892626435,93244614,22.01.2021 12:40:23
202006,ES + Home,Household,Интерьер и декор,0,Fact,2783135217,3253162393,22.01.2021 12:40:23
202006,ES + Home,Household,Домашний текстиль,0,Fact,910003391,2169176598,22.01.2021 12:40:23
202006,ES + Home,Household,Домашний текстиль,1,Fact,72336032,1236871928,22.01.2021 12:40:23
202006,ES + Home,Household,Аксессуары для уборки и стирки,0,Fact,2919432931,4046557711,22.01.2021 12:40:23
202006,ES + Home,Household,Антиквариат Хоум Декор,0,Fact,1295228674,1610537690,22.01.2021 12:40:23
202006,ES + Home,Household,Кухня,0,Fact,2389436911,1820405718,22.12.2020 12:40:23
202006,ES + Home,Household,Кухня,1,Fact,2322100324,1197503245,22.12.2020 12:40:23
202006,ES + Home,Household,Хранение,0,Fact,3791422686,2189804315,22.12.2020 12:40:23
202006,ES + Home,Household,Ванная комната,0,Fact,1472055345,1567294290,22.12.2020 12:40:23
202006,ES + Home,Household,Интерьер и декор,0,Fact,3750787666,199612023,22.12.2020 12:40:23
202006,ES + Home,Household,Домашний текстиль,0,Fact,3950510616,671277897,22.12.2020 12:40:23
202006,ES + Home,Household,Ритуальные изделия,0,Fact,1597247375,870934937,22.12.2020 12:40:23
202006,ES + Home,Household,Домашний текстиль,1,Fact,445710035,2630802343,22.12.2020 12:40:23
202006,ES + Home,Household,Аксессуары для уборки и стирки,0,Fact,1757502838,3679946353,22.12.2020 12:40:23
202006,ES + Home,Household,Антиквариат Хоум Декор,0,Fact,4015614844,4170943483,22.12.2020 12:40:23
202006,ES + Home,Household,Аксессуары для уборки и стирки,1,Fact,44125182,3372015191,22.12.2020 12:40:23
202006,ES + Home,Household,Принадлежности для Нового года,0,Fact,2333305413,1325950579,22.12.2020 12:40:23
202006,ES + Home,Laptops & Computers,Домашняя Аудио и Видеотехника Lap&Comp,0,Fact,3940486251,3563999613,22.01.2021 12:40:23
202006,ES + Home,Laptops & Computers,Компьютерная периферия Lap&Comp,0,Fact,1459714481,3423940244,22.01.2021 12:40:23
202006,ES + Home,Laptops & Computers,Компьютерная офисная техника Lap&Comp,0,Fact,2936963051,3609859331,22.01.2021 12:40:23
202006,ES + Home,Laptops & Computers,Расходный материал для электроники Lap&Comp,0,Fact,2423163900,2755338591,22.01.2021 12:40:23
202006,ES + Home,Laptops & Computers,Компьютеры Lap&Comp,0,Fact,447447852,4068167151,22.01.2021 12:40:23
202006,ES + Home,Laptops & Computers,Домашняя Аудио и Видеотехника Lap&Comp,0,Fact,1468762585,628719665,22.12.2020 12:40:23
202006,ES + Home,Laptops & Computers,Компьютерная периферия Lap&Comp,0,Fact,631552511,396623501,22.12.2020 12:40:23
202006,ES + Home,Laptops & Computers,Компьютеры Lap&Comp,0,Fact,2213949144,3297116089,22.12.2020 12:40:23
202006,ES + Home,Laptops & Computers,Расходный материал для электроники Lap&Comp,0,Fact,1993277291,65455319,22.12.2020 12:40:23
202006,ES + Home,Laptops & Computers,Компьютерная офисная техника Lap&Comp,0,Fact,1535000513,3972868209,22.12.2020 12:40:23
202006,ES + Home,Major Domestic Appliances,Крупная бытовая техника MDA,0,Fact,2487793508,1898551877,22.01.2021 12:40:23
202006,ES + Home,Major Domestic Appliances,Крупная бытовая техника MDA,0,Fact,493473656,2080629331,22.12.2020 12:40:23
202006,ES + Home,Miscellaneous accessories,Игровые приставки и аксессуары Access,0,Fact,3798605709,1502867579,22.01.2021 12:40:23
202006,ES + Home,Miscellaneous accessories,Автомобильная техника Access,0,Fact,210351743,1143797481,22.01.2021 12:40:23
202006,ES + Home,Miscellaneous accessories,Компьютерная периферия Access,0,Fact,3777504992,3442194016,22.01.2021 12:40:23
202006,ES + Home,Miscellaneous accessories,Домашняя Аудио и Видеотехника Access,0,Fact,3782421565,1322617128,22.01.2021 12:40:23
202006,ES + Home,Miscellaneous accessories,Бытовая техника Access,0,Fact,3899692544,4141299101,22.01.2021 12:40:23
202006,ES + Home,Miscellaneous accessories,Оборудование Access,0,Fact,2639285489,1345492998,22.01.2021 12:40:23
202006,ES + Home,Miscellaneous accessories,Компьютеры Access,0,Fact,3876565759,113418898,22.01.2021 12:40:23
202006,ES + Home,Miscellaneous accessories,Средства связи Access,0,Fact,152782311,1489788741,22.01.2021 12:40:23
202006,ES + Home,Miscellaneous accessories,Фото и видео Access,0,Fact,2903533296,1280089330,22.01.2021 12:40:23
202006,ES + Home,Miscellaneous accessories,Электронные товары хобби и отдых Access,0,Fact,2520457429,85925379,22.01.2021 12:40:23
202006,ES + Home,Miscellaneous accessories,Электропитание Access,0,Fact,3275213352,4029662812,22.01.2021 12:40:23
202006,ES + Home,Miscellaneous accessories,Электропитание Access,1,Fact,2064009642,2338762563,22.01.2021 12:40:23
202006,ES + Home,Miscellaneous accessories,Расходный материал для электроники Access,0,Fact,3126680610,2783501571,22.01.2021 12:40:23
202006,ES + Home,Miscellaneous accessories,Бытовая техника Access,0,Fact,1764759999,2699866407,22.12.2020 12:40:23
202006,ES + Home,Miscellaneous accessories,Компьютеры Access,0,Fact,2902431821,1887727513,22.12.2020 12:40:23
202006,ES + Home,Miscellaneous accessories,Игровые приставки и аксессуары Access,0,Fact,2385989921,524086393,22.12.2020 12:40:23
202006,ES + Home,Miscellaneous accessories,Автомобильная техника Access,0,Fact,3607584271,2481890419,22.12.2020 12:40:23
202006,ES + Home,Miscellaneous accessories,Компьютерная периферия Access,0,Fact,912328671,1466472401,22.12.2020 12:40:23
202006,ES + Home,Miscellaneous accessories,Домашняя Аудио и Видеотехника Access,0,Fact,2139815924,504033884,22.12.2020 12:40:23
202006,ES + Home,Miscellaneous accessories,Фото и видео Access,0,Fact,2740643941,3301023926,22.12.2020 12:40:23
202006,ES + Home,Miscellaneous accessories,Оборудование Access,0,Fact,2581536884,3192568572,22.12.2020 12:40:23
202006,ES + Home,Miscellaneous accessories,Электронные товары хобби и отдых Access,0,Fact,1813558201,3425793,22.12.2020 12:40:23
202006,ES + Home,Miscellaneous accessories,Расходный материал для электроники Access,0,Fact,4259511282,3317939929,22.12.2020 12:40:23
202006,ES + Home,Miscellaneous accessories,Электропитание Access,0,Fact,2291050713,2554890397,22.12.2020 12:40:23
202006,ES + Home,Miscellaneous accessories,Средства связи Access,0,Fact,1617265759,4250690795,22.12.2020 12:40:23
202006,ES + Home,Miscellaneous accessories,Электропитание Access,1,Fact,3059176610,2090407638,22.12.2020 12:40:23
202006,ES + Home,Small Domestic Appliances,Мелкая бытовая техника SDA,1,Fact,2660753884,1302499340,22.01.2021 12:40:23
202006,ES + Home,Small Domestic Appliances,Оборудование SDA,0,Fact,445826872,1232029006,22.01.2021 12:40:23
202006,ES + Home,Small Domestic Appliances,Мелкая бытовая техника SDA,0,Fact,509031703,3682721270,22.01.2021 12:40:23
202006,ES + Home,Small Domestic Appliances,Мелкая бытовая техника SDA,1,Fact,3353129521,541225900,22.12.2020 12:40:23
202006,ES + Home,Small Domestic Appliances,Мелкая бытовая техника SDA,0,Fact,2008059739,2758091206,22.12.2020 12:40:23
202006,ES + Home,Small Domestic Appliances,Оборудование SDA,0,Fact,1108596062,1678209194,22.12.2020 12:40:23
202006,ES + Home,Smartphones & Tablets,Средства связи Smart&Tablets,0,Fact,662699777,2570344414,22.01.2021 12:40:23
202006,ES + Home,Smartphones & Tablets,Компьютеры Smart&Tablets,0,Fact,815866511,1113674021,22.01.2021 12:40:23
202006,ES + Home,Smartphones & Tablets,Компьютеры Smart&Tablets,0,Fact,454457793,1825740087,22.12.2020 12:40:23
202006,ES + Home,Smartphones & Tablets,Средства связи Smart&Tablets,0,Fact,3161658948,2215907835,22.12.2020 12:40:23
202006,ES + Home,Sport,Тренажеры и фитнес,0,Fact,616462356,3502497920,22.01.2021 12:40:23
202006,ES + Home,Sport,Товары для охоты,0,Fact,548808308,3746294998,22.01.2021 12:40:23
202006,ES + Home,Sport,Единоборства,0,Fact,3685155481,2885721137,22.01.2021 12:40:23
202006,ES + Home,Sport,Всесезонные виды спорта,0,Fact,1160902607,4023092801,22.01.2021 12:40:23
202006,ES + Home,Sport,Спортивные аксессуары,0,Fact,2923991217,1582881098,22.01.2021 12:40:23
202006,ES + Home,Sport,Летние виды спорта,0,Fact,3397046003,3471326414,22.01.2021 12:40:23
202006,ES + Home,Sport,Туризм,0,Fact,349439877,2305154067,22.01.2021 12:40:23
202006,ES + Home,Sport,Зимние виды спорта,0,Fact,1912911975,2958744352,22.01.2021 12:40:23
202006,ES + Home,Sport,Цирковое искусство,0,Fact,2029125521,2257887008,22.01.2021 12:40:23
202006,ES + Home,Sport,Страйкбол и пневматика,0,Fact,2026308211,1533538666,22.01.2021 12:40:23
202006,ES + Home,Sport,Товары для рыбалки,0,Fact,3318535506,1563027671,22.01.2021 12:40:23
202006,ES + Home,Sport,Всесезонные виды спорта,0,Fact,1255158207,4226814046,22.12.2020 12:40:23
202006,ES + Home,Sport,Тренажеры и фитнес,0,Fact,3637312169,1580588713,22.12.2020 12:40:23
202006,ES + Home,Sport,Единоборства,0,Fact,1498442630,3502541901,22.12.2020 12:40:23
202006,ES + Home,Sport,Товары для охоты,0,Fact,243551975,2098858193,22.12.2020 12:40:23
202006,ES + Home,Sport,Спортивные аксессуары,0,Fact,230174429,3388632818,22.12.2020 12:40:23
202006,ES + Home,Sport,Цирковое искусство,0,Fact,3086831125,4056460628,22.12.2020 12:40:23
202006,ES + Home,Sport,Страйкбол и пневматика,0,Fact,4123014468,3658552327,22.12.2020 12:40:23
202006,ES + Home,Sport,Товары для рыбалки,0,Fact,3634895307,3523584446,22.12.2020 12:40:23
202006,ES + Home,Sport,Летние виды спорта,0,Fact,2097756189,631298425,22.12.2020 12:40:23
202006,ES + Home,Sport,Туризм,0,Fact,299623426,2876697237,22.12.2020 12:40:23
202006,ES + Home,Sport,Зимние виды спорта,0,Fact,1649030490,2505423949,22.12.2020 12:40:23
202006,ES + Home,TV  audio  Hi-Fi & other electronics,Карты оплаты  страховки TV&Audio,0,Fact,2628634980,3651605749,22.01.2021 12:40:23
202006,ES + Home,TV  audio  Hi-Fi & other electronics,Music,0,Fact,2277055103,3373571419,22.01.2021 12:40:23
202006,ES + Home,TV  audio  Hi-Fi & other electronics,Компьютерная периферия TV&Audio,0,Fact,1741858727,4164136525,22.01.2021 12:40:23
202006,ES + Home,TV  audio  Hi-Fi & other electronics,Домашняя Аудио и Видеотехника TV&Audio,0,Fact,4073420739,4003799044,22.01.2021 12:40:23
202006,ES + Home,TV  audio  Hi-Fi & other electronics,Средства связи TV&Audio,0,Fact,82361624,2503379839,22.01.2021 12:40:23
202006,ES + Home,TV  audio  Hi-Fi & other electronics,Система безопасности TV&Audio,0,Fact,4120903102,958876190,22.01.2021 12:40:23
202006,ES + Home,TV  audio  Hi-Fi & other electronics,Програмное обеспечение TV&Audio,0,Fact,2124817910,4096958375,22.01.2021 12:40:23
202006,ES + Home,TV  audio  Hi-Fi & other electronics,Компьютеры TV&Audio,0,Fact,1977736145,3984088760,22.01.2021 12:40:23
202006,ES + Home,TV  audio  Hi-Fi & other electronics,Электронные товары хобби и отдых TV&Audio,0,Fact,3363733111,1097751247,22.01.2021 12:40:23
202006,ES + Home,TV  audio  Hi-Fi & other electronics,Игровые приставки и аксессуары TV&Audio,0,Fact,1494810540,2022025169,22.01.2021 12:40:23
202006,ES + Home,TV  audio  Hi-Fi & other electronics,Портативная аудиотехника TV&Audio,0,Fact,2403292463,1915369804,22.01.2021 12:40:23
202006,ES + Home,TV  audio  Hi-Fi & other electronics,Movie,0,Fact,1994885151,1603694039,22.01.2021 12:40:23
202006,ES + Home,TV  audio  Hi-Fi & other electronics,Фото и видео TV&Audio,0,Fact,365932171,829590381,22.01.2021 12:40:23
202006,ES + Home,TV  audio  Hi-Fi & other electronics,Автомобильная техника TV&Audio,0,Fact,1576025519,3856810209,22.01.2021 12:40:23
202006,ES + Home,TV  audio  Hi-Fi & other electronics,Фан атрибутика TV&Audio,0,Fact,4153773528,2588629854,22.01.2021 12:40:23
202006,ES + Home,TV  audio  Hi-Fi & other electronics,Компьютерная периферия TV&Audio,0,Fact,3897775877,1529287269,22.12.2020 12:40:23
202006,ES + Home,TV  audio  Hi-Fi & other electronics,Средства связи TV&Audio,0,Fact,4153518112,1324733141,22.12.2020 12:40:23
202006,ES + Home,TV  audio  Hi-Fi & other electronics,Програмное обеспечение TV&Audio,0,Fact,3085493754,2329347056,22.12.2020 12:40:23
202006,ES + Home,TV  audio  Hi-Fi & other electronics,Автомобильная техника TV&Audio,0,Fact,1371110662,1817454469,22.12.2020 12:40:23
202006,ES + Home,TV  audio  Hi-Fi & other electronics,Компьютеры TV&Audio,0,Fact,4249424114,2731398064,22.12.2020 12:40:23
202006,ES + Home,TV  audio  Hi-Fi & other electronics,Карты оплаты  страховки TV&Audio,0,Fact,3491453195,2747123653,22.12.2020 12:40:23
202006,ES + Home,TV  audio  Hi-Fi & other electronics,Система безопасности TV&Audio,0,Fact,1961573746,3093754040,22.12.2020 12:40:23
202006,ES + Home,TV  audio  Hi-Fi & other electronics,Домашняя Аудио и Видеотехника TV&Audio,0,Fact,3134407287,2878400774,22.12.2020 12:40:23
202006,ES + Home,TV  audio  Hi-Fi & other electronics,Music,0,Fact,2947203714,670530175,22.12.2020 12:40:23
202006,ES + Home,TV  audio  Hi-Fi & other electronics,Игровые приставки и аксессуары TV&Audio,0,Fact,2463656281,2474283161,22.12.2020 12:40:23
202006,ES + Home,TV  audio  Hi-Fi & other electronics,Movie,0,Fact,520673883,2558447806,22.12.2020 12:40:23
202006,ES + Home,TV  audio  Hi-Fi & other electronics,Фото и видео TV&Audio,0,Fact,2901491481,3898683987,22.12.2020 12:40:23
202006,ES + Home,TV  audio  Hi-Fi & other electronics,Портативная аудиотехника TV&Audio,0,Fact,269476674,3962023551,22.12.2020 12:40:23
202006,ES + Home,TV  audio  Hi-Fi & other electronics,Фан атрибутика TV&Audio,0,Fact,2237314790,3702815928,22.12.2020 12:40:23
202006,ES + Home,TV  audio  Hi-Fi & other electronics,Электронные товары хобби и отдых TV&Audio,0,Fact,620705978,3531087839,22.12.2020 12:40:23
202006,FMCG,FMCG nonfood,Кормление детское,1,Fact,3968443241,4215232243,22.01.2021 12:40:23
202006,FMCG,FMCG nonfood,Детская продукция,0,Fact,2877374924,3359401237,22.01.2021 12:40:23
202006,FMCG,FMCG nonfood,Бытовая химия,0,Fact,3866861316,4044027713,22.01.2021 12:40:23
202006,FMCG,FMCG nonfood,Бритвы и лезвия,0,Fact,2616457811,3007916339,22.01.2021 12:40:23
202006,FMCG,FMCG nonfood,Электроника детская,0,Fact,3140999219,3844160026,22.01.2021 12:40:23
202006,FMCG,FMCG nonfood,Бритвы и лезвия,1,Fact,3436698008,1873806109,22.01.2021 12:40:23
202006,FMCG,FMCG nonfood,Личная гигиена,1,Fact,2576857153,3636222232,22.01.2021 12:40:23
202006,FMCG,FMCG nonfood,Бытовая химия,1,Fact,1710478765,3331815682,22.01.2021 12:40:23
202006,FMCG,FMCG nonfood,Детская продукция,1,Fact,2384406886,4208819112,22.01.2021 12:40:23
202006,FMCG,FMCG nonfood,Кормление детское,0,Fact,2862248218,2165328756,22.01.2021 12:40:23
202006,FMCG,FMCG nonfood,Личная гигиена,0,Fact,2578688781,1854061512,22.01.2021 12:40:23
202006,FMCG,FMCG nonfood,Уход и гигиена,1,Fact,905884326,1774250515,22.01.2021 12:40:23
202006,FMCG,FMCG nonfood,Уход и гигиена,0,Fact,4084263468,3949722324,22.01.2021 12:40:23
202006,FMCG,FMCG nonfood,Бритвы и лезвия,0,Fact,2888053495,3812224202,22.12.2020 12:40:23
202006,FMCG,FMCG nonfood,Бритвы и лезвия,1,Fact,2412589788,2547730031,22.12.2020 12:40:23
202006,FMCG,FMCG nonfood,Кормление детское,1,Fact,1677425963,2260733577,22.12.2020 12:40:23
202006,FMCG,FMCG nonfood,Детская продукция,0,Fact,1403831454,2532584995,22.12.2020 12:40:23
202006,FMCG,FMCG nonfood,Электроника детская,0,Fact,3377974631,821736013,22.12.2020 12:40:23
202006,FMCG,FMCG nonfood,Бытовая химия,0,Fact,4086440977,1031353205,22.12.2020 12:40:23
202006,FMCG,FMCG nonfood,Уход и гигиена,0,Fact,784701664,719089702,22.12.2020 12:40:23
202006,FMCG,FMCG nonfood,Личная гигиена,1,Fact,3612226297,1307741160,22.12.2020 12:40:23
202006,FMCG,FMCG nonfood,Бытовая химия,1,Fact,2041104850,1880170587,22.12.2020 12:40:23
202006,FMCG,FMCG nonfood,Детская продукция,1,Fact,3067763948,3813647157,22.12.2020 12:40:23
202006,FMCG,FMCG nonfood,Кормление детское,0,Fact,1998090227,3398928344,22.12.2020 12:40:23
202006,FMCG,FMCG nonfood,Личная гигиена,0,Fact,3048688096,1401737268,22.12.2020 12:40:23
202006,FMCG,FMCG nonfood,Уход и гигиена,1,Fact,1768279149,1598068323,22.12.2020 12:40:23
202006,FMCG,Food,Напитки,0,Fact,3112956072,2833008544,22.01.2021 12:40:23
202006,FMCG,Food,Детское питание,0,Fact,2173388395,1870143837,22.01.2021 12:40:23
202006,FMCG,Food,Детское питание,1,Fact,1294154166,932539797,22.01.2021 12:40:23
202006,FMCG,Food,Кондитерские изделия,0,Fact,3766796840,4035615865,22.01.2021 12:40:23
202006,FMCG,Food,Молочная продукция стерилизованная,0,Fact,2709330782,2562800877,22.01.2021 12:40:23
202006,FMCG,Food,Кондитерские изделия,1,Fact,3913988971,177285690,22.01.2021 12:40:23
202006,FMCG,Food,Бакалея,1,Fact,3105225381,4265283937,22.01.2021 12:40:23
202006,FMCG,Food,Бакалея,0,Fact,2314508648,2188542646,22.01.2021 12:40:23
202006,FMCG,Food,Молекулярная кухня,0,Fact,1172029234,1040252890,22.01.2021 12:40:23
202006,FMCG,Food,Молочная продукция стерилизованная,1,Fact,1430922850,2024054871,22.01.2021 12:40:23
202006,FMCG,Food,Напитки,1,Fact,1440958869,3179236745,22.01.2021 12:40:23
202006,FMCG,Food,Бакалея,1,Fact,2387924047,3029702708,22.12.2020 12:40:23
202006,FMCG,Food,Детское питание,0,Fact,2915467466,2151086572,22.12.2020 12:40:23
202006,FMCG,Food,Молекулярная кухня,0,Fact,4132751214,700278231,22.12.2020 12:40:23
202006,FMCG,Food,Молочная продукция стерилизованная,1,Fact,1713212074,2602627011,22.12.2020 12:40:23
202006,FMCG,Food,Детское питание,1,Fact,221051646,3149723268,22.12.2020 12:40:23
202006,FMCG,Food,Напитки,0,Fact,2994582345,2369614676,22.12.2020 12:40:23
202006,FMCG,Food,Напитки,1,Fact,1825301924,2998107129,22.12.2020 12:40:23
202006,FMCG,Food,Молочная продукция стерилизованная,0,Fact,3720581180,2936357951,22.12.2020 12:40:23
202006,FMCG,Food,Бакалея,0,Fact,1097319723,2588620019,22.12.2020 12:40:23
202006,FMCG,Food,Кондитерские изделия,0,Fact,2846989233,863914822,22.12.2020 12:40:23
202006,FMCG,Food,Кондитерские изделия,1,Fact,4038199409,4000602353,22.12.2020 12:40:23
202006,FMCG,FreshFood,Напитки Fresh,1,Fact,287360720,2495572184,22.01.2021 12:40:23
202006,FMCG,FreshFood,Молочная продукция и яйца Fresh,1,Fact,1329623649,3478161496,22.01.2021 12:40:23
202006,FMCG,FreshFood,Овощи  фрукты  зелень свежие,1,Fact,1063379026,4249440919,22.01.2021 12:40:23
202006,FMCG,FreshFood,Растительные аналоги Fresh,1,Fact,3516723018,2343941487,22.01.2021 12:40:23
202006,FMCG,FreshFood,Мясо  птица,1,Fact,1034704058,195815723,22.01.2021 12:40:23
202006,FMCG,FreshFood,Мясная гастрономия,1,Fact,415348035,455507043,22.01.2021 12:40:23
202006,FMCG,FreshFood,Кулинария и полуфабрикаты Fresh,1,Fact,4011714914,2976672815,22.01.2021 12:40:23
202006,FMCG,FreshFood,Замороженные продукты,1,Fact,1277667332,250536087,22.01.2021 12:40:23
202006,FMCG,FreshFood,Хлебобулочные изделия Fresh,1,Fact,3712917149,3523154964,22.01.2021 12:40:23
202006,FMCG,FreshFood,Рыба  морепродукты,1,Fact,4168666608,3558470617,22.01.2021 12:40:23
202006,FMCG,FreshFood,Молочная продукция и яйца Fresh,1,Fact,1778095245,3549143691,22.12.2020 12:40:23
202006,FMCG,FreshFood,Овощи  фрукты  зелень свежие,1,Fact,424005095,3073839652,22.12.2020 12:40:23
202006,FMCG,FreshFood,Растительные аналоги Fresh,1,Fact,71546816,720831025,22.12.2020 12:40:23
202006,FMCG,FreshFood,Рыба  морепродукты,1,Fact,2345458327,2075683451,22.12.2020 12:40:23
202006,FMCG,FreshFood,Напитки Fresh,1,Fact,13453325,466030568,22.12.2020 12:40:23
202006,FMCG,FreshFood,Хлебобулочные изделия Fresh,1,Fact,344364143,3733612512,22.12.2020 12:40:23
202006,FMCG,FreshFood,Мясо  птица,1,Fact,1331912079,3675867404,22.12.2020 12:40:23
202006,FMCG,FreshFood,Мясная гастрономия,1,Fact,4281632614,4027006069,22.12.2020 12:40:23
202006,FMCG,FreshFood,Кулинария и полуфабрикаты Fresh,1,Fact,525072888,1159524646,22.12.2020 12:40:23
202006,FMCG,FreshFood,Замороженные продукты,1,Fact,1837296161,2772130835,22.12.2020 12:40:23
202006,FMCG,Moms&Kids,Творчество  хобби и игры,1,Fact,143942824,3440999727,22.01.2021 12:40:23
202006,FMCG,Moms&Kids,Товары для школы  канцелярия  оборудование,1,Fact,2494979612,2348229478,22.01.2021 12:40:23
202006,FMCG,Moms&Kids,Товары для школы  канцелярия  оборудование,0,Fact,2676837550,3575961440,22.01.2021 12:40:23
202006,FMCG,Moms&Kids,Игрушки,1,Fact,3732735660,2574964709,22.01.2021 12:40:23
202006,FMCG,Moms&Kids,КГТ и спорт для детей,0,Fact,1850993257,484225667,22.01.2021 12:40:23
202006,FMCG,Moms&Kids,Игрушки,0,Fact,3842876926,2633151175,22.01.2021 12:40:23
202006,FMCG,Moms&Kids,Творчество  хобби и игры,0,Fact,455218324,3470984670,22.01.2021 12:40:23
202006,FMCG,Moms&Kids,Игрушки,1,Fact,2460484415,3581395465,22.12.2020 12:40:23
202006,FMCG,Moms&Kids,КГТ и спорт для детей,0,Fact,4024087877,2728624786,22.12.2020 12:40:23
202006,FMCG,Moms&Kids,Игрушки,0,Fact,2367599583,1832889428,22.12.2020 12:40:23
202006,FMCG,Moms&Kids,Творчество  хобби и игры,1,Fact,2658582715,946991079,22.12.2020 12:40:23
202006,FMCG,Moms&Kids,Товары для школы  канцелярия  оборудование,1,Fact,2464292031,3012483640,22.12.2020 12:40:23
202006,FMCG,Moms&Kids,Товары для школы  канцелярия  оборудование,0,Fact,3729292996,667322692,22.12.2020 12:40:23
202006,FMCG,Moms&Kids,Творчество  хобби и игры,0,Fact,2861045904,263916344,22.12.2020 12:40:23
202006,FMCG,Zoo,Фермерское хозяйство - Оборудование для птицеводства и животноводства,0,Fact,1571636208,1116263540,22.01.2021 12:40:23
202006,FMCG,Zoo,Товары для прогулки и дрессировки животных,1,Fact,3360225952,2208232815,22.01.2021 12:40:23
202006,FMCG,Zoo,Гигиена и уход животных,1,Fact,717443176,648803288,22.01.2021 12:40:23
202006,FMCG,Zoo,Фермерское хозяйство - Содержание  уход птицы и сельскохозяйственных животных,0,Fact,1740504815,1859721278,22.01.2021 12:40:23
202006,FMCG,Zoo,Спальное место животного,0,Fact,3203390971,1744701485,22.01.2021 12:40:23
202006,FMCG,Zoo,Товары для прогулки и дрессировки животных,0,Fact,3077064827,4153919455,22.01.2021 12:40:23
202006,FMCG,Zoo,Фермерское хозяйство - Товары для пчеловодства,0,Fact,2013857240,2130508411,22.01.2021 12:40:23
202006,FMCG,Zoo,Гигиена и уход животных,0,Fact,2255811549,1745410345,22.01.2021 12:40:23
202006,FMCG,Zoo,Фермерское хозяйство - Корма и кормовые добавки для птицеводства и животноводства,0,Fact,2761131699,922668489,22.01.2021 12:40:23
202006,FMCG,Zoo,Зоокорм  витамины,1,Fact,64501696,3479731350,22.01.2021 12:40:23
202006,FMCG,Zoo,Зоокорм  витамины,0,Fact,4058318996,3460516728,22.01.2021 12:40:23
202006,FMCG,Zoo,Зоокорм  витамины,1,Fact,833045486,3468351681,22.12.2020 12:40:23
202006,FMCG,Zoo,Зоокорм  витамины,0,Fact,3193573434,3278196156,22.12.2020 12:40:23
202006,FMCG,Zoo,Товары для прогулки и дрессировки животных,1,Fact,1689522154,2290513570,22.12.2020 12:40:23
202006,FMCG,Zoo,Гигиена и уход животных,0,Fact,1289775615,2479552123,22.12.2020 12:40:23
202006,FMCG,Zoo,Спальное место животного,0,Fact,2046424955,264204201,22.12.2020 12:40:23
202006,FMCG,Zoo,Фермерское хозяйство - Оборудование для птицеводства и животноводства,0,Fact,2813602175,1767376989,22.12.2020 12:40:23
202006,FMCG,Zoo,Товары для прогулки и дрессировки животных,0,Fact,214133859,453423432,22.12.2020 12:40:23
202006,FMCG,Zoo,Фермерское хозяйство - Товары для пчеловодства,0,Fact,4271467038,619233524,22.12.2020 12:40:23
202006,FMCG,Zoo,Гигиена и уход животных,1,Fact,1386541977,454476829,22.12.2020 12:40:23
202006,FMCG,Zoo,Фермерское хозяйство - Содержание  уход птицы и сельскохозяйственных животных,0,Fact,3958848309,3020862074,22.12.2020 12:40:23
202006,FMCG,Zoo,Фермерское хозяйство - Корма и кормовые добавки для птицеводства и животноводства,0,Fact,585365146,2742400305,22.12.2020 12:40:23
202007,Beauty,Apparel,Детская обувь,0,Fact,644822569,4031770922,22.01.2021 12:40:23
202007,Beauty,Apparel,Аксессуары для взрослых и детей,1,Fact,3395679756,3460763194,22.01.2021 12:40:23
202007,Beauty,Apparel,Аксессуары для взрослых и детей,0,Fact,151885643,2230888068,22.01.2021 12:40:23
202007,Beauty,Apparel,Взрослая одежда,0,Fact,3861227487,4108891466,22.01.2021 12:40:23
202007,Beauty,Apparel,Детская одежда,0,Fact,2196942170,874181449,22.01.2021 12:40:23
202007,Beauty,Apparel,Взрослая обувь,0,Fact,77796858,1130163833,22.01.2021 12:40:23
202007,Beauty,Apparel,Бижутерия и часы бижутерные,0,Fact,762321222,4048457788,22.01.2021 12:40:23
202007,Beauty,Apparel,Детская обувь,0,Fact,2967676697,2824959839,22.12.2020 12:40:23
202007,Beauty,Apparel,Взрослая одежда,0,Fact,1104828535,3880184718,22.12.2020 12:40:23
202007,Beauty,Apparel,Детская одежда,0,Fact,2708277783,2401311642,22.12.2020 12:40:23
202007,Beauty,Apparel,Бижутерия и часы бижутерные,0,Fact,1756453562,2700789897,22.12.2020 12:40:23
202007,Beauty,Apparel,Аксессуары для взрослых и детей,1,Fact,2434616394,4045542130,22.12.2020 12:40:23
202007,Beauty,Apparel,Аксессуары для взрослых и детей,0,Fact,2045187179,1489509237,22.12.2020 12:40:23
202007,Beauty,Apparel,Взрослая обувь,0,Fact,3827664622,2802134159,22.12.2020 12:40:23
202007,Beauty,Health&Beauty,Косметические средства для детей и беременных,0,Fact,2025060322,605558659,22.01.2021 12:40:23
202007,Beauty,Health&Beauty,Уход и гигиена,0,Fact,1892010370,2453415409,22.01.2021 12:40:23
202007,Beauty,Health&Beauty,Косметика для ухода за кожей,0,Fact,1311941079,3579205214,22.01.2021 12:40:23
202007,Beauty,Health&Beauty,Косметика для ухода за кожей,1,Fact,408968491,226661407,22.01.2021 12:40:23
202007,Beauty,Health&Beauty,Уход и гигиена,1,Fact,3068304884,2069496384,22.01.2021 12:40:23
202007,Beauty,Health&Beauty,Декоративная косметика,0,Fact,3974301861,3201359366,22.01.2021 12:40:23
202007,Beauty,Health&Beauty,Косметика для ухода за волосами,1,Fact,3834023619,4101939121,22.01.2021 12:40:23
202007,Beauty,Health&Beauty,Парфюмерия  ароматерапия,0,Fact,1665597493,4252457967,22.01.2021 12:40:23
202007,Beauty,Health&Beauty,Косметика для ухода за волосами,0,Fact,3830029905,501050092,22.01.2021 12:40:23
202007,Beauty,Health&Beauty,Косметические аксессуары,0,Fact,2553267300,2378757593,22.01.2021 12:40:23
202007,Beauty,Health&Beauty,Косметические средства для детей и беременных,1,Fact,3301631020,3705702538,22.01.2021 12:40:23
202007,Beauty,Health&Beauty,Косметическая техника,0,Fact,746844184,3455283088,22.01.2021 12:40:23
202007,Beauty,Health&Beauty,Декоративная косметика,0,Fact,3135830918,670382827,22.12.2020 12:40:23
202007,Beauty,Health&Beauty,Уход и гигиена,0,Fact,502811143,987122617,22.12.2020 12:40:23
202007,Beauty,Health&Beauty,Косметические средства для детей и беременных,0,Fact,407675349,1333524453,22.12.2020 12:40:23
202007,Beauty,Health&Beauty,Уход и гигиена,1,Fact,2816362152,1554598772,22.12.2020 12:40:23
202007,Beauty,Health&Beauty,Косметические аксессуары,0,Fact,2940917943,1212442171,22.12.2020 12:40:23
202007,Beauty,Health&Beauty,Косметика для ухода за волосами,1,Fact,1601354164,2927879023,22.12.2020 12:40:23
202007,Beauty,Health&Beauty,Косметические средства для детей и беременных,1,Fact,2579608675,3027332169,22.12.2020 12:40:23
202007,Beauty,Health&Beauty,Косметическая техника,0,Fact,1492281712,2618998087,22.12.2020 12:40:23
202007,Beauty,Health&Beauty,Косметика для ухода за кожей,0,Fact,1963959395,1140306120,22.12.2020 12:40:23
202007,Beauty,Health&Beauty,Косметика для ухода за кожей,1,Fact,376225761,2563749362,22.12.2020 12:40:23
202007,Beauty,Health&Beauty,Косметика для ухода за волосами,0,Fact,2975486129,4143854682,22.12.2020 12:40:23
202007,Beauty,Health&Beauty,Парфюмерия  ароматерапия,0,Fact,2796616303,1087656146,22.12.2020 12:40:23
202007,Beauty,Jewelry,Ювелирные изделия,0,Fact,267754217,1473602815,22.01.2021 12:40:23
202007,Beauty,Jewelry,Ювелирные изделия,0,Fact,1236181275,3373027635,22.12.2020 12:40:23
202007,Beauty,Pharmacy,Спортивное питание,0,Fact,1555227323,3094790798,22.01.2021 12:40:23
202007,Beauty,Pharmacy,Уход и гигиена,0,Fact,2946189636,1169462744,22.01.2021 12:40:23
202007,Beauty,Pharmacy,Ортопедия и компрессионный трикотаж,0,Fact,3451418080,2653015667,22.01.2021 12:40:23
202007,Beauty,Pharmacy,Средства реабилитации,1,Fact,2539205446,1201536960,22.01.2021 12:40:23
202007,Beauty,Pharmacy,Средства реабилитации,0,Fact,72871782,91264672,22.01.2021 12:40:23
202007,Beauty,Pharmacy,Витамины и БАДы,0,Fact,4252486322,1296014097,22.01.2021 12:40:23
202007,Beauty,Pharmacy,Антибактериальные  дезинфицирующие средства,0,Fact,863548831,3119430010,22.01.2021 12:40:23
202007,Beauty,Pharmacy,Тату,0,Fact,2799716372,3114207470,22.01.2021 12:40:23
202007,Beauty,Pharmacy,Медицинские изделия,0,Fact,1270182364,1107905897,22.01.2021 12:40:23
202007,Beauty,Pharmacy,Парафармацевтика,1,Fact,3434383748,3270258832,22.01.2021 12:40:23
202007,Beauty,Pharmacy,Спортивное питание,1,Fact,34421149,1720676544,22.01.2021 12:40:23
202007,Beauty,Pharmacy,Медицинские изделия,1,Fact,1062447193,2790575326,22.01.2021 12:40:23
202007,Beauty,Pharmacy,Товары для взрослых,0,Fact,3923951682,3894612385,22.01.2021 12:40:23
202007,Beauty,Pharmacy,Оптика,0,Fact,30919633,3035549004,22.01.2021 12:40:23
202007,Beauty,Pharmacy,Электронные сигареты  парители  кальяны,0,Fact,58759092,2395469328,22.01.2021 12:40:23
202007,Beauty,Pharmacy,Профессиональный уход за полостью рта,0,Fact,2236934943,2913703236,22.01.2021 12:40:23
202007,Beauty,Pharmacy,Антибактериальные  дезинфицирующие средства,1,Fact,771166030,2014918052,22.01.2021 12:40:23
202007,Beauty,Pharmacy,Лекарственные средства для животных,0,Fact,3035727433,1470058076,22.01.2021 12:40:23
202007,Beauty,Pharmacy,Лекарственные средства,0,Fact,81120577,3712043295,22.01.2021 12:40:23
202007,Beauty,Pharmacy,Оптика,1,Fact,1481835130,839577007,22.01.2021 12:40:23
202007,Beauty,Pharmacy,Медицинская техника,0,Fact,1730532964,3519508250,22.01.2021 12:40:23
202007,Beauty,Pharmacy,Товары для взрослых,1,Fact,1990258981,3354380541,22.01.2021 12:40:23
202007,Beauty,Pharmacy,Парафармацевтика,0,Fact,2627583203,1535889396,22.01.2021 12:40:23
202007,Beauty,Pharmacy,Уход и гигиена,1,Fact,2873413555,4026147848,22.01.2021 12:40:23
202007,Beauty,Pharmacy,Витамины и БАДы,0,Fact,759094252,2912164142,22.12.2020 12:40:23
202007,Beauty,Pharmacy,Электронные сигареты  парители  кальяны,0,Fact,299657367,2935282889,22.12.2020 12:40:23
202007,Beauty,Pharmacy,Антибактериальные  дезинфицирующие средства,0,Fact,1766484928,2047857808,22.12.2020 12:40:23
202007,Beauty,Pharmacy,Спортивное питание,0,Fact,3423382937,1723026936,22.12.2020 12:40:23
202007,Beauty,Pharmacy,Уход и гигиена,0,Fact,2157397355,4132423794,22.12.2020 12:40:23
202007,Beauty,Pharmacy,Ортопедия и компрессионный трикотаж,0,Fact,1150150821,1558740538,22.12.2020 12:40:23
202007,Beauty,Pharmacy,Тату,0,Fact,2123287502,3565011600,22.12.2020 12:40:23
202007,Beauty,Pharmacy,Профессиональный уход за полостью рта,0,Fact,4087873235,2868156502,22.12.2020 12:40:23
202007,Beauty,Pharmacy,Антибактериальные  дезинфицирующие средства,1,Fact,1683173036,318840841,22.12.2020 12:40:23
202007,Beauty,Pharmacy,Лекарственные средства для животных,0,Fact,2677129399,2021165469,22.12.2020 12:40:23
202007,Beauty,Pharmacy,Лекарственные средства,0,Fact,3040115994,245479432,22.12.2020 12:40:23
202007,Beauty,Pharmacy,Оптика,1,Fact,1488072642,4066688268,22.12.2020 12:40:23
202007,Beauty,Pharmacy,Медицинская техника,0,Fact,499641005,1275294720,22.12.2020 12:40:23
202007,Beauty,Pharmacy,Товары для взрослых,1,Fact,2165405882,270674645,22.12.2020 12:40:23
202007,Beauty,Pharmacy,Парафармацевтика,1,Fact,3659996476,369099500,22.12.2020 12:40:23
202007,Beauty,Pharmacy,Уход и гигиена,1,Fact,1579976715,4259527546,22.12.2020 12:40:23
202007,Beauty,Pharmacy,Медицинские изделия,0,Fact,384609707,17109067,22.12.2020 12:40:23
202007,Beauty,Pharmacy,Средства реабилитации,1,Fact,402654895,4046916687,22.12.2020 12:40:23
202007,Beauty,Pharmacy,Средства реабилитации,0,Fact,793900052,1552157814,22.12.2020 12:40:23
202007,Beauty,Pharmacy,Парафармацевтика,0,Fact,134854811,1308200948,22.12.2020 12:40:23
202007,Beauty,Pharmacy,Спортивное питание,1,Fact,4056794008,1837260595,22.12.2020 12:40:23
202007,Beauty,Pharmacy,Медицинские изделия,1,Fact,733421483,3030500906,22.12.2020 12:40:23
202007,Beauty,Pharmacy,Товары для взрослых,0,Fact,1048493375,70378871,22.12.2020 12:40:23
202007,Beauty,Pharmacy,Оптика,0,Fact,2671011411,111880320,22.12.2020 12:40:23
202007,ES + Home,Auto&Moto,Универсальные авто и мото аксессуары,0,Fact,2751532627,4115039105,22.01.2021 12:40:23
202007,ES + Home,Auto&Moto,Автоинструменты и гаражное оборудование,0,Fact,1532730542,14583453,22.01.2021 12:40:23
202007,ES + Home,Auto&Moto,Автомобили и мототехника,0,Fact,1590433625,1140352262,22.01.2021 12:40:23
202007,ES + Home,Auto&Moto,Авто и мото запчасти,0,Fact,4017971102,3082687005,22.01.2021 12:40:23
202007,ES + Home,Auto&Moto,Шины и диски,0,Fact,3583865629,1391668970,22.01.2021 12:40:23
202007,ES + Home,Auto&Moto,Масла и автохимия,0,Fact,1065056873,376147108,22.01.2021 12:40:23
202007,ES + Home,Auto&Moto,Дополнительное оборудование для авто и мото техники,0,Fact,2231909014,2856927349,22.01.2021 12:40:23
202007,ES + Home,Auto&Moto,Универсальные авто и мото аксессуары,0,Fact,610875919,1698348249,22.12.2020 12:40:23
202007,ES + Home,Auto&Moto,Автомобили и мототехника,0,Fact,3808184791,4015148761,22.12.2020 12:40:23
202007,ES + Home,Auto&Moto,Авто и мото запчасти,0,Fact,417796626,863821966,22.12.2020 12:40:23
202007,ES + Home,Auto&Moto,Автоинструменты и гаражное оборудование,0,Fact,4048063038,697341221,22.12.2020 12:40:23
202007,ES + Home,Auto&Moto,Масла и автохимия,0,Fact,3747213113,3535005043,22.12.2020 12:40:23
202007,ES + Home,Auto&Moto,Дополнительное оборудование для авто и мото техники,0,Fact,3959014262,941111632,22.12.2020 12:40:23
202007,ES + Home,Auto&Moto,Шины и диски,0,Fact,3681339263,4045716132,22.12.2020 12:40:23
202007,ES + Home,Books,Книги детям и родителям,0,Fact,645839352,262713901,22.01.2021 12:40:23
202007,ES + Home,Books,Блокноты с ISBN,0,Fact,2919166745,2413343489,22.01.2021 12:40:23
202007,ES + Home,Books,Современная печатная книга,0,Fact,920943381,3699786788,22.01.2021 12:40:23
202007,ES + Home,Books,Комиксы,0,Fact,2436989122,3218488264,22.01.2021 12:40:23
202007,ES + Home,Books,Цифровая аудиокнига,0,Fact,1265978013,2064294110,22.01.2021 12:40:23
202007,ES + Home,Books,Цифровая книга,0,Fact,689441248,1974480066,22.01.2021 12:40:23
202007,ES + Home,Books,Художественная литература,0,Fact,3340556190,2473149964,22.01.2021 12:40:23
202007,ES + Home,Books,Современные листовые издания,0,Fact,2103846897,3448712531,22.01.2021 12:40:23
202007,ES + Home,Books,Нехудожественная литература,0,Fact,2610468002,3193402567,22.01.2021 12:40:23
202007,ES + Home,Books,Книга по требованию,0,Fact,1338699533,279071445,22.01.2021 12:40:23
202007,ES + Home,Books,Антикварное издание,0,Fact,3683687330,3422572307,22.01.2021 12:40:23
202007,ES + Home,Books,Литература на иностранном языке,0,Fact,1595046308,1554119252,22.01.2021 12:40:23
202007,ES + Home,Books,Манга,0,Fact,3600453413,1010145422,22.01.2021 12:40:23
202007,ES + Home,Books,Букинистическое издание,0,Fact,321567668,528288638,22.01.2021 12:40:23
202007,ES + Home,Books,Second-hand книга,0,Fact,2701044752,3334514023,22.01.2021 12:40:23
202007,ES + Home,Books,Иностранное издание,0,Fact,2542301499,3232742842,22.01.2021 12:40:23
202007,ES + Home,Books,ПО на физических носителях,0,Fact,2598149189,1807689973,22.01.2021 12:40:23
202007,ES + Home,Books,Календари,0,Fact,1075602477,4123217173,22.01.2021 12:40:23
202007,ES + Home,Books,Бизнес-литература,0,Fact,3039973414,3200109165,22.01.2021 12:40:23
202007,ES + Home,Books,Современные картографические издания,0,Fact,564453465,1724027195,22.01.2021 12:40:23
202007,ES + Home,Books,Аудиокнига,0,Fact,3853241162,2788092414,22.01.2021 12:40:23
202007,ES + Home,Books,Учебная литература,0,Fact,1842293983,2235504988,22.01.2021 12:40:23
202007,ES + Home,Books,Современная печатная книга,0,Fact,3753965964,1989884509,22.12.2020 12:40:23
202007,ES + Home,Books,Комиксы,0,Fact,2835233097,3839542976,22.12.2020 12:40:23
202007,ES + Home,Books,Цифровая аудиокнига,0,Fact,1932681372,2035709629,22.12.2020 12:40:23
202007,ES + Home,Books,Цифровая книга,0,Fact,2451812289,117037460,22.12.2020 12:40:23
202007,ES + Home,Books,Современные листовые издания,0,Fact,3760854019,3684130670,22.12.2020 12:40:23
202007,ES + Home,Books,Блокноты с ISBN,0,Fact,2545103801,1200454950,22.12.2020 12:40:23
202007,ES + Home,Books,Бизнес-литература,0,Fact,2955718051,3377973410,22.12.2020 12:40:23
202007,ES + Home,Books,Нехудожественная литература,0,Fact,2506896143,3505624921,22.12.2020 12:40:23
202007,ES + Home,Books,Книги детям и родителям,0,Fact,1140813102,1145260106,22.12.2020 12:40:23
202007,ES + Home,Books,ПО на физических носителях,0,Fact,4104303697,3588612232,22.12.2020 12:40:23
202007,ES + Home,Books,Современные картографические издания,0,Fact,3370534146,1685500211,22.12.2020 12:40:23
202007,ES + Home,Books,Аудиокнига,0,Fact,3485896268,3479372580,22.12.2020 12:40:23
202007,ES + Home,Books,Учебная литература,0,Fact,2843906073,315401113,22.12.2020 12:40:23
202007,ES + Home,Books,Художественная литература,0,Fact,1402992413,1244658925,22.12.2020 12:40:23
202007,ES + Home,Books,Книга по требованию,0,Fact,3561491823,3745964157,22.12.2020 12:40:23
202007,ES + Home,Books,Антикварное издание,0,Fact,3987757346,1957088157,22.12.2020 12:40:23
202007,ES + Home,Books,Литература на иностранном языке,0,Fact,1816395763,887546293,22.12.2020 12:40:23
202007,ES + Home,Books,Манга,0,Fact,3565927840,2565189113,22.12.2020 12:40:23
202007,ES + Home,Books,Букинистическое издание,0,Fact,2995804818,2962336168,22.12.2020 12:40:23
202007,ES + Home,Books,Second-hand книга,0,Fact,875733012,2737707802,22.12.2020 12:40:23
202007,ES + Home,Books,Иностранное издание,0,Fact,1365090665,568456263,22.12.2020 12:40:23
202007,ES + Home,Books,Календари,0,Fact,967133714,2162909291,22.12.2020 12:40:23
202007,ES + Home,Digital,Програмное обеспечение Digital,0,Fact,2694381781,2679264763,22.01.2021 12:40:23
202007,ES + Home,Digital,Програмное обеспечение Digital,0,Fact,4134667861,614782921,22.12.2020 12:40:23
202007,ES + Home,DIY,Ремонт и строительство,0,Fact,2378391796,1849888548,22.01.2021 12:40:23
202007,ES + Home,DIY,Сад и огород,0,Fact,1197772318,3958853295,22.01.2021 12:40:23
202007,ES + Home,DIY,Сад и огород,1,Fact,2670324768,1100137124,22.01.2021 12:40:23
202007,ES + Home,DIY,Сантехника,0,Fact,3949373027,2253332775,22.01.2021 12:40:23
202007,ES + Home,DIY,Освещение,0,Fact,821984901,3843327122,22.01.2021 12:40:23
202007,ES + Home,DIY,Фильтры для воды,0,Fact,70907354,2789098536,22.01.2021 12:40:23
202007,ES + Home,DIY,Инструменты,0,Fact,2731071088,1506904331,22.01.2021 12:40:23
202007,ES + Home,DIY,Ремонт и строительство,0,Fact,3523361952,3699221205,22.12.2020 12:40:23
202007,ES + Home,DIY,Сад и огород,1,Fact,256258279,1240716959,22.12.2020 12:40:23
202007,ES + Home,DIY,Сад и огород,0,Fact,2988434615,622326500,22.12.2020 12:40:23
202007,ES + Home,DIY,Фильтры для воды,0,Fact,4103769388,3958193854,22.12.2020 12:40:23
202007,ES + Home,DIY,Инструменты,0,Fact,2950650598,3083135930,22.12.2020 12:40:23
202007,ES + Home,DIY,Сантехника,0,Fact,3218293395,3101526894,22.12.2020 12:40:23
202007,ES + Home,DIY,Освещение,0,Fact,2699134389,1919693497,22.12.2020 12:40:23
202007,ES + Home,Furniture,Мебель для сна,0,Fact,1791772089,2532346773,22.01.2021 12:40:23
202007,ES + Home,Furniture,Корпусная мебель и мебель для хранения,0,Fact,4038031050,3766511088,22.01.2021 12:40:23
202007,ES + Home,Furniture,Мягкая мебель,0,Fact,1864592532,2130955925,22.01.2021 12:40:23
202007,ES + Home,Furniture,Компьютерная и офисная мебель,0,Fact,1317033466,920204807,22.01.2021 12:40:23
202007,ES + Home,Furniture,Столы и стулья,0,Fact,2247899274,1663187666,22.01.2021 12:40:23
202007,ES + Home,Furniture,Мебель для сада,0,Fact,2001770486,660286394,22.01.2021 12:40:23
202007,ES + Home,Furniture,Прочая мебель,0,Fact,2614891348,135359460,22.01.2021 12:40:23
202007,ES + Home,Furniture,Мебель для сна,0,Fact,3330274870,425733402,22.12.2020 12:40:23
202007,ES + Home,Furniture,Корпусная мебель и мебель для хранения,0,Fact,171325997,2907907494,22.12.2020 12:40:23
202007,ES + Home,Furniture,Мягкая мебель,0,Fact,2230003827,3014736971,22.12.2020 12:40:23
202007,ES + Home,Furniture,Прочая мебель,0,Fact,115272140,1940646502,22.12.2020 12:40:23
202007,ES + Home,Furniture,Мебель для сада,0,Fact,4202203278,812073362,22.12.2020 12:40:23
202007,ES + Home,Furniture,Компьютерная и офисная мебель,0,Fact,23341278,3525360027,22.12.2020 12:40:23
202007,ES + Home,Furniture,Столы и стулья,0,Fact,3521814348,1222939563,22.12.2020 12:40:23
202007,ES + Home,Household,Аксессуары для уборки и стирки,0,Fact,2842172240,919633100,22.01.2021 12:40:23
202007,ES + Home,Household,Кухня,0,Fact,3326490547,2364713145,22.01.2021 12:40:23
202007,ES + Home,Household,Ванная комната,0,Fact,2773750019,752238112,22.01.2021 12:40:23
202007,ES + Home,Household,Принадлежности для Нового года,0,Fact,1744225419,4052189829,22.01.2021 12:40:23
202007,ES + Home,Household,Аксессуары для уборки и стирки,1,Fact,2610624514,600735122,22.01.2021 12:40:23
202007,ES + Home,Household,Ритуальные изделия,0,Fact,3367558103,3538063330,22.01.2021 12:40:23
202007,ES + Home,Household,Хранение,0,Fact,2910140858,3380291182,22.01.2021 12:40:23
202007,ES + Home,Household,Домашний текстиль,0,Fact,2871538629,1134701542,22.01.2021 12:40:23
202007,ES + Home,Household,Интерьер и декор,0,Fact,2168113059,4099805238,22.01.2021 12:40:23
202007,ES + Home,Household,Антиквариат Хоум Декор,0,Fact,751537523,1213784171,22.01.2021 12:40:23
202007,ES + Home,Household,Кухня,0,Fact,3220249480,209525718,22.12.2020 12:40:23
202007,ES + Home,Household,Принадлежности для Нового года,0,Fact,3594716761,3793867111,22.12.2020 12:40:23
202007,ES + Home,Household,Аксессуары для уборки и стирки,1,Fact,1073384627,3210959322,22.12.2020 12:40:23
202007,ES + Home,Household,Аксессуары для уборки и стирки,0,Fact,3342980964,3771119895,22.12.2020 12:40:23
202007,ES + Home,Household,Ванная комната,0,Fact,2168458914,772368648,22.12.2020 12:40:23
202007,ES + Home,Household,Хранение,0,Fact,86773072,3916201251,22.12.2020 12:40:23
202007,ES + Home,Household,Ритуальные изделия,0,Fact,2313924519,1707343126,22.12.2020 12:40:23
202007,ES + Home,Household,Домашний текстиль,0,Fact,3179177435,1288785840,22.12.2020 12:40:23
202007,ES + Home,Household,Интерьер и декор,0,Fact,1090593874,1513794966,22.12.2020 12:40:23
202007,ES + Home,Household,Антиквариат Хоум Декор,0,Fact,2819396464,675559116,22.12.2020 12:40:23
202007,ES + Home,Laptops & Computers,Компьютерная офисная техника Lap&Comp,0,Fact,286581099,4184054225,22.01.2021 12:40:23
202007,ES + Home,Laptops & Computers,Расходный материал для электроники Lap&Comp,0,Fact,3406106431,4144988769,22.01.2021 12:40:23
202007,ES + Home,Laptops & Computers,Компьютерная периферия Lap&Comp,0,Fact,804371353,958548815,22.01.2021 12:40:23
202007,ES + Home,Laptops & Computers,Домашняя Аудио и Видеотехника Lap&Comp,0,Fact,2825144493,3023459673,22.01.2021 12:40:23
202007,ES + Home,Laptops & Computers,Компьютеры Lap&Comp,0,Fact,4200427294,19392988,22.01.2021 12:40:23
202007,ES + Home,Laptops & Computers,Компьютерная периферия Lap&Comp,0,Fact,3738126108,148166172,22.12.2020 12:40:23
202007,ES + Home,Laptops & Computers,Компьютерная офисная техника Lap&Comp,0,Fact,16031053,232318652,22.12.2020 12:40:23
202007,ES + Home,Laptops & Computers,Расходный материал для электроники Lap&Comp,0,Fact,940345494,1977432574,22.12.2020 12:40:23
202007,ES + Home,Laptops & Computers,Компьютеры Lap&Comp,0,Fact,210463447,3045674444,22.12.2020 12:40:23
202007,ES + Home,Laptops & Computers,Домашняя Аудио и Видеотехника Lap&Comp,0,Fact,2382999842,323895860,22.12.2020 12:40:23
202007,ES + Home,Major Domestic Appliances,Крупная бытовая техника MDA,0,Fact,879203042,2007172457,22.01.2021 12:40:23
202007,ES + Home,Major Domestic Appliances,Крупная бытовая техника MDA,0,Fact,2948766269,3420042055,22.12.2020 12:40:23
202007,ES + Home,Miscellaneous accessories,Электропитание Access,0,Fact,1331595485,1860898546,22.01.2021 12:40:23
202007,ES + Home,Miscellaneous accessories,Компьютеры Access,0,Fact,616682298,1374253187,22.01.2021 12:40:23
202007,ES + Home,Miscellaneous accessories,Домашняя Аудио и Видеотехника Access,0,Fact,1733896526,87830852,22.01.2021 12:40:23
202007,ES + Home,Miscellaneous accessories,Электропитание Access,1,Fact,105297641,196435159,22.01.2021 12:40:23
202007,ES + Home,Miscellaneous accessories,Расходный материал для электроники Access,0,Fact,3059047947,340281681,22.01.2021 12:40:23
202007,ES + Home,Miscellaneous accessories,Игровые приставки и аксессуары Access,0,Fact,3014647699,1506131534,22.01.2021 12:40:23
202007,ES + Home,Miscellaneous accessories,Компьютерная периферия Access,0,Fact,2203210866,4086292605,22.01.2021 12:40:23
202007,ES + Home,Miscellaneous accessories,Автомобильная техника Access,0,Fact,2702814003,249444730,22.01.2021 12:40:23
202007,ES + Home,Miscellaneous accessories,Оборудование Access,0,Fact,258584149,3772856894,22.01.2021 12:40:23
202007,ES + Home,Miscellaneous accessories,Электронные товары хобби и отдых Access,0,Fact,3030909192,1782180840,22.01.2021 12:40:23
202007,ES + Home,Miscellaneous accessories,Средства связи Access,0,Fact,740660636,2560011324,22.01.2021 12:40:23
202007,ES + Home,Miscellaneous accessories,Фото и видео Access,0,Fact,4007494118,820427887,22.01.2021 12:40:23
202007,ES + Home,Miscellaneous accessories,Бытовая техника Access,0,Fact,3419466566,328960939,22.01.2021 12:40:23
202007,ES + Home,Miscellaneous accessories,Электропитание Access,0,Fact,3898329816,2639195015,22.12.2020 12:40:23
202007,ES + Home,Miscellaneous accessories,Компьютерная периферия Access,0,Fact,2715497944,4221079750,22.12.2020 12:40:23
202007,ES + Home,Miscellaneous accessories,Фото и видео Access,0,Fact,3420722421,3950214798,22.12.2020 12:40:23
202007,ES + Home,Miscellaneous accessories,Автомобильная техника Access,0,Fact,1037500069,935645625,22.12.2020 12:40:23
202007,ES + Home,Miscellaneous accessories,Оборудование Access,0,Fact,2708397981,376284000,22.12.2020 12:40:23
202007,ES + Home,Miscellaneous accessories,Компьютеры Access,0,Fact,4072568084,2352035440,22.12.2020 12:40:23
202007,ES + Home,Miscellaneous accessories,Электропитание Access,1,Fact,1622085961,1068232363,22.12.2020 12:40:23
202007,ES + Home,Miscellaneous accessories,Домашняя Аудио и Видеотехника Access,0,Fact,296693227,1642997611,22.12.2020 12:40:23
202007,ES + Home,Miscellaneous accessories,Расходный материал для электроники Access,0,Fact,3304558424,3348555728,22.12.2020 12:40:23
202007,ES + Home,Miscellaneous accessories,Электронные товары хобби и отдых Access,0,Fact,4261493653,382764150,22.12.2020 12:40:23
202007,ES + Home,Miscellaneous accessories,Игровые приставки и аксессуары Access,0,Fact,3398876038,1175952408,22.12.2020 12:40:23
202007,ES + Home,Miscellaneous accessories,Средства связи Access,0,Fact,1673860083,2926769405,22.12.2020 12:40:23
202007,ES + Home,Miscellaneous accessories,Бытовая техника Access,0,Fact,3166999977,3618573955,22.12.2020 12:40:23
202007,ES + Home,Small Domestic Appliances,Мелкая бытовая техника SDA,1,Fact,2683777550,1592315834,22.01.2021 12:40:23
202007,ES + Home,Small Domestic Appliances,Мелкая бытовая техника SDA,0,Fact,2009540689,2573599203,22.01.2021 12:40:23
202007,ES + Home,Small Domestic Appliances,Оборудование SDA,0,Fact,259403169,1833759851,22.01.2021 12:40:23
202007,ES + Home,Small Domestic Appliances,Мелкая бытовая техника SDA,1,Fact,3289357989,2246334404,22.12.2020 12:40:23
202007,ES + Home,Small Domestic Appliances,Оборудование SDA,0,Fact,480529555,486661043,22.12.2020 12:40:23
202007,ES + Home,Small Domestic Appliances,Мелкая бытовая техника SDA,0,Fact,1080472634,2533496776,22.12.2020 12:40:23
202007,ES + Home,Smartphones & Tablets,Компьютеры Smart&Tablets,0,Fact,3570477413,1493275180,22.01.2021 12:40:23
202007,ES + Home,Smartphones & Tablets,Средства связи Smart&Tablets,0,Fact,3006980083,378297996,22.01.2021 12:40:23
202007,ES + Home,Smartphones & Tablets,Средства связи Smart&Tablets,0,Fact,302390997,2461185948,22.12.2020 12:40:23
202007,ES + Home,Smartphones & Tablets,Компьютеры Smart&Tablets,0,Fact,1320951350,1100192217,22.12.2020 12:40:23
202007,ES + Home,Sport,Единоборства,0,Fact,319274275,1602309521,22.01.2021 12:40:23
202007,ES + Home,Sport,Тренажеры и фитнес,0,Fact,1271919667,743224766,22.01.2021 12:40:23
202007,ES + Home,Sport,Товары для охоты,0,Fact,3583112511,2170527392,22.01.2021 12:40:23
202007,ES + Home,Sport,Всесезонные виды спорта,0,Fact,2245749391,1046246114,22.01.2021 12:40:23
202007,ES + Home,Sport,Зимние виды спорта,0,Fact,1465035445,3555239807,22.01.2021 12:40:23
202007,ES + Home,Sport,Спортивные аксессуары,0,Fact,344357337,283278143,22.01.2021 12:40:23
202007,ES + Home,Sport,Туризм,0,Fact,3334939903,1503471441,22.01.2021 12:40:23
202007,ES + Home,Sport,Летние виды спорта,0,Fact,3914253956,1873334099,22.01.2021 12:40:23
202007,ES + Home,Sport,Страйкбол и пневматика,0,Fact,1398037728,3225492790,22.01.2021 12:40:23
202007,ES + Home,Sport,Цирковое искусство,0,Fact,1700710991,3514669719,22.01.2021 12:40:23
202007,ES + Home,Sport,Товары для рыбалки,0,Fact,207154280,349778771,22.01.2021 12:40:23
202007,ES + Home,Sport,Единоборства,0,Fact,3107948136,2957353863,22.12.2020 12:40:23
202007,ES + Home,Sport,Товары для охоты,0,Fact,2324489166,1778429702,22.12.2020 12:40:23
202007,ES + Home,Sport,Всесезонные виды спорта,0,Fact,3488008823,2350853470,22.12.2020 12:40:23
202007,ES + Home,Sport,Спортивные аксессуары,0,Fact,1058332288,3427110934,22.12.2020 12:40:23
202007,ES + Home,Sport,Тренажеры и фитнес,0,Fact,3087369687,3006779202,22.12.2020 12:40:23
202007,ES + Home,Sport,Страйкбол и пневматика,0,Fact,2892890044,2846819904,22.12.2020 12:40:23
202007,ES + Home,Sport,Цирковое искусство,0,Fact,1622540242,2401558784,22.12.2020 12:40:23
202007,ES + Home,Sport,Товары для рыбалки,0,Fact,292246929,3153649276,22.12.2020 12:40:23
202007,ES + Home,Sport,Зимние виды спорта,0,Fact,2699770722,1208317156,22.12.2020 12:40:23
202007,ES + Home,Sport,Туризм,0,Fact,768304231,3540861317,22.12.2020 12:40:23
202007,ES + Home,Sport,Летние виды спорта,0,Fact,3400786191,2118120480,22.12.2020 12:40:23
202007,ES + Home,TV  audio  Hi-Fi & other electronics,Music,0,Fact,3493307413,1830995652,22.01.2021 12:40:23
202007,ES + Home,TV  audio  Hi-Fi & other electronics,Фото и видео TV&Audio,0,Fact,889673766,2577958613,22.01.2021 12:40:23
202007,ES + Home,TV  audio  Hi-Fi & other electronics,Средства связи TV&Audio,0,Fact,220190260,2631548750,22.01.2021 12:40:23
202007,ES + Home,TV  audio  Hi-Fi & other electronics,Портативная аудиотехника TV&Audio,0,Fact,872798025,2527212923,22.01.2021 12:40:23
202007,ES + Home,TV  audio  Hi-Fi & other electronics,Програмное обеспечение TV&Audio,0,Fact,2313634130,427935595,22.01.2021 12:40:23
202007,ES + Home,TV  audio  Hi-Fi & other electronics,Система безопасности TV&Audio,0,Fact,336388697,3451197249,22.01.2021 12:40:23
202007,ES + Home,TV  audio  Hi-Fi & other electronics,Компьютерная периферия TV&Audio,0,Fact,3906774181,285914851,22.01.2021 12:40:23
202007,ES + Home,TV  audio  Hi-Fi & other electronics,Игровые приставки и аксессуары TV&Audio,0,Fact,1008677294,934117163,22.01.2021 12:40:23
202007,ES + Home,TV  audio  Hi-Fi & other electronics,Электронные товары хобби и отдых TV&Audio,0,Fact,2104304405,3105629014,22.01.2021 12:40:23
202007,ES + Home,TV  audio  Hi-Fi & other electronics,Фан атрибутика TV&Audio,0,Fact,242551884,1621244486,22.01.2021 12:40:23
202007,ES + Home,TV  audio  Hi-Fi & other electronics,Компьютеры TV&Audio,0,Fact,1214881119,2857102609,22.01.2021 12:40:23
202007,ES + Home,TV  audio  Hi-Fi & other electronics,Домашняя Аудио и Видеотехника TV&Audio,0,Fact,2007290286,3772679185,22.01.2021 12:40:23
202007,ES + Home,TV  audio  Hi-Fi & other electronics,Автомобильная техника TV&Audio,0,Fact,73082803,202923126,22.01.2021 12:40:23
202007,ES + Home,TV  audio  Hi-Fi & other electronics,Movie,0,Fact,605486277,1833267377,22.01.2021 12:40:23
202007,ES + Home,TV  audio  Hi-Fi & other electronics,Програмное обеспечение TV&Audio,0,Fact,736100588,3108257527,22.12.2020 12:40:23
202007,ES + Home,TV  audio  Hi-Fi & other electronics,Компьютерная периферия TV&Audio,0,Fact,1785218033,617590370,22.12.2020 12:40:23
202007,ES + Home,TV  audio  Hi-Fi & other electronics,Автомобильная техника TV&Audio,0,Fact,3776225800,4199460680,22.12.2020 12:40:23
202007,ES + Home,TV  audio  Hi-Fi & other electronics,Электронные товары хобби и отдых TV&Audio,0,Fact,3398887495,4217022901,22.12.2020 12:40:23
202007,ES + Home,TV  audio  Hi-Fi & other electronics,Система безопасности TV&Audio,0,Fact,3931016618,2469550728,22.12.2020 12:40:23
202007,ES + Home,TV  audio  Hi-Fi & other electronics,Music,0,Fact,2205755137,1130404021,22.12.2020 12:40:23
202007,ES + Home,TV  audio  Hi-Fi & other electronics,Фото и видео TV&Audio,0,Fact,1639856352,4205059369,22.12.2020 12:40:23
202007,ES + Home,TV  audio  Hi-Fi & other electronics,Портативная аудиотехника TV&Audio,0,Fact,2248424486,2588823758,22.12.2020 12:40:23
202007,ES + Home,TV  audio  Hi-Fi & other electronics,Средства связи TV&Audio,0,Fact,1205196413,934025905,22.12.2020 12:40:23
202007,ES + Home,TV  audio  Hi-Fi & other electronics,Игровые приставки и аксессуары TV&Audio,0,Fact,433749157,4242998908,22.12.2020 12:40:23
202007,ES + Home,TV  audio  Hi-Fi & other electronics,Movie,0,Fact,3306978480,3540923153,22.12.2020 12:40:23
202007,ES + Home,TV  audio  Hi-Fi & other electronics,Домашняя Аудио и Видеотехника TV&Audio,0,Fact,922976810,932513884,22.12.2020 12:40:23
202007,ES + Home,TV  audio  Hi-Fi & other electronics,Фан атрибутика TV&Audio,0,Fact,483567542,1384800330,22.12.2020 12:40:23
202007,ES + Home,TV  audio  Hi-Fi & other electronics,Компьютеры TV&Audio,0,Fact,3320784076,1565920093,22.12.2020 12:40:23
202007,FMCG,FMCG nonfood,Бритвы и лезвия,0,Fact,3176704882,707213689,22.01.2021 12:40:23
202007,FMCG,FMCG nonfood,Детская продукция,0,Fact,423219170,4238213398,22.01.2021 12:40:23
202007,FMCG,FMCG nonfood,Кормление детское,1,Fact,1537936431,3586516846,22.01.2021 12:40:23
202007,FMCG,FMCG nonfood,Бритвы и лезвия,1,Fact,908933543,2122606155,22.01.2021 12:40:23
202007,FMCG,FMCG nonfood,Электроника детская,0,Fact,806379168,3551951527,22.01.2021 12:40:23
202007,FMCG,FMCG nonfood,Бытовая химия,0,Fact,3631711836,4007196429,22.01.2021 12:40:23
202007,FMCG,FMCG nonfood,Кормление детское,0,Fact,1135152588,4248114300,22.01.2021 12:40:23
202007,FMCG,FMCG nonfood,Детская продукция,1,Fact,2788993033,2464090657,22.01.2021 12:40:23
202007,FMCG,FMCG nonfood,Уход и гигиена,0,Fact,3481941319,2668542909,22.01.2021 12:40:23
202007,FMCG,FMCG nonfood,Личная гигиена,1,Fact,3193327691,1992579652,22.01.2021 12:40:23
202007,FMCG,FMCG nonfood,Бытовая химия,1,Fact,1408025994,676580857,22.01.2021 12:40:23
202007,FMCG,FMCG nonfood,Личная гигиена,0,Fact,2303808115,3236171690,22.01.2021 12:40:23
202007,FMCG,FMCG nonfood,Уход и гигиена,1,Fact,3626183371,3039946182,22.01.2021 12:40:23
202007,FMCG,FMCG nonfood,Бытовая химия,0,Fact,1399153918,4161789952,22.12.2020 12:40:23
202007,FMCG,FMCG nonfood,Электроника детская,0,Fact,143509624,2844338950,22.12.2020 12:40:23
202007,FMCG,FMCG nonfood,Бритвы и лезвия,0,Fact,2499427659,1859107563,22.12.2020 12:40:23
202007,FMCG,FMCG nonfood,Детская продукция,0,Fact,1701785300,760389925,22.12.2020 12:40:23
202007,FMCG,FMCG nonfood,Кормление детское,1,Fact,2146697521,4019675354,22.12.2020 12:40:23
202007,FMCG,FMCG nonfood,Бритвы и лезвия,1,Fact,2213148400,743198509,22.12.2020 12:40:23
202007,FMCG,FMCG nonfood,Личная гигиена,1,Fact,4153879499,2887479488,22.12.2020 12:40:23
202007,FMCG,FMCG nonfood,Бытовая химия,1,Fact,646636936,1997994631,22.12.2020 12:40:23
202007,FMCG,FMCG nonfood,Личная гигиена,0,Fact,3809100487,4092475312,22.12.2020 12:40:23
202007,FMCG,FMCG nonfood,Уход и гигиена,1,Fact,341481612,3878046128,22.12.2020 12:40:23
202007,FMCG,FMCG nonfood,Кормление детское,0,Fact,2848588946,2399261652,22.12.2020 12:40:23
202007,FMCG,FMCG nonfood,Детская продукция,1,Fact,1797880414,4050412571,22.12.2020 12:40:23
202007,FMCG,FMCG nonfood,Уход и гигиена,0,Fact,687742106,3056132959,22.12.2020 12:40:23
202007,FMCG,Food,Кондитерские изделия,0,Fact,39870070,2940598251,22.01.2021 12:40:23
202007,FMCG,Food,Напитки,0,Fact,4278528661,2395814217,22.01.2021 12:40:23
202007,FMCG,Food,Кондитерские изделия,1,Fact,1616348085,913328719,22.01.2021 12:40:23
202007,FMCG,Food,Молекулярная кухня,0,Fact,1887885359,2433813346,22.01.2021 12:40:23
202007,FMCG,Food,Бакалея,1,Fact,1169214325,1115804799,22.01.2021 12:40:23
202007,FMCG,Food,Бакалея,0,Fact,1896959743,3635684974,22.01.2021 12:40:23
202007,FMCG,Food,Детское питание,0,Fact,3853068908,1399216876,22.01.2021 12:40:23
202007,FMCG,Food,Детское питание,1,Fact,3879531452,773563008,22.01.2021 12:40:23
202007,FMCG,Food,Напитки,1,Fact,2690771373,3263893467,22.01.2021 12:40:23
202007,FMCG,Food,Молочная продукция стерилизованная,1,Fact,714504711,3547930893,22.01.2021 12:40:23
202007,FMCG,Food,Молочная продукция стерилизованная,0,Fact,1574296506,1380283114,22.01.2021 12:40:23
202007,FMCG,Food,Бакалея,1,Fact,2907899008,1009556618,22.12.2020 12:40:23
202007,FMCG,Food,Напитки,0,Fact,686026921,2670884061,22.12.2020 12:40:23
202007,FMCG,Food,Напитки,1,Fact,1289956349,2613928512,22.12.2020 12:40:23
202007,FMCG,Food,Детское питание,0,Fact,3236146758,3004663445,22.12.2020 12:40:23
202007,FMCG,Food,Молекулярная кухня,0,Fact,2752140104,486263152,22.12.2020 12:40:23
202007,FMCG,Food,Детское питание,1,Fact,798814401,320268336,22.12.2020 12:40:23
202007,FMCG,Food,Бакалея,0,Fact,1588951115,4286494316,22.12.2020 12:40:23
202007,FMCG,Food,Молочная продукция стерилизованная,0,Fact,2262537295,4177133007,22.12.2020 12:40:23
202007,FMCG,Food,Кондитерские изделия,0,Fact,3556375135,1533338426,22.12.2020 12:40:23
202007,FMCG,Food,Молочная продукция стерилизованная,1,Fact,3396074281,3726359277,22.12.2020 12:40:23
202007,FMCG,Food,Кондитерские изделия,1,Fact,4069581500,2358202750,22.12.2020 12:40:23
202007,FMCG,FreshFood,Молочная продукция и яйца Fresh,1,Fact,3758655686,2503105306,22.01.2021 12:40:23
202007,FMCG,FreshFood,Овощи  фрукты  зелень свежие,1,Fact,629707988,2552104037,22.01.2021 12:40:23
202007,FMCG,FreshFood,Мясо  птица,1,Fact,3830791766,712006129,22.01.2021 12:40:23
202007,FMCG,FreshFood,Растительные аналоги Fresh,1,Fact,3547095676,1242130831,22.01.2021 12:40:23
202007,FMCG,FreshFood,Мясная гастрономия,1,Fact,415529137,3446496034,22.01.2021 12:40:23
202007,FMCG,FreshFood,Замороженные продукты,1,Fact,2782590295,729527043,22.01.2021 12:40:23
202007,FMCG,FreshFood,Хлебобулочные изделия Fresh,1,Fact,3154537470,1726088601,22.01.2021 12:40:23
202007,FMCG,FreshFood,Напитки Fresh,1,Fact,1221112277,1986578075,22.01.2021 12:40:23
202007,FMCG,FreshFood,Кулинария и полуфабрикаты Fresh,1,Fact,550680785,4024705493,22.01.2021 12:40:23
202007,FMCG,FreshFood,Рыба  морепродукты,1,Fact,654094853,3845595755,22.01.2021 12:40:23
202007,FMCG,FreshFood,Мясо  птица,1,Fact,1644606702,4036923138,22.12.2020 12:40:23
202007,FMCG,FreshFood,Рыба  морепродукты,1,Fact,874901439,1882911502,22.12.2020 12:40:23
202007,FMCG,FreshFood,Растительные аналоги Fresh,1,Fact,1729186351,4271961771,22.12.2020 12:40:23
202007,FMCG,FreshFood,Молочная продукция и яйца Fresh,1,Fact,3857893194,1086087970,22.12.2020 12:40:23
202007,FMCG,FreshFood,Овощи  фрукты  зелень свежие,1,Fact,25167224,2246000005,22.12.2020 12:40:23
202007,FMCG,FreshFood,Хлебобулочные изделия Fresh,1,Fact,17132420,1001237289,22.12.2020 12:40:23
202007,FMCG,FreshFood,Напитки Fresh,1,Fact,1240307584,2194575630,22.12.2020 12:40:23
202007,FMCG,FreshFood,Кулинария и полуфабрикаты Fresh,1,Fact,1661997198,4102866323,22.12.2020 12:40:23
202007,FMCG,FreshFood,Мясная гастрономия,1,Fact,221806419,522412720,22.12.2020 12:40:23
202007,FMCG,FreshFood,Замороженные продукты,1,Fact,4213780765,1067685078,22.12.2020 12:40:23
202007,FMCG,Moms&Kids,Творчество  хобби и игры,1,Fact,1967032357,2701501189,22.01.2021 12:40:23
202007,FMCG,Moms&Kids,Игрушки,1,Fact,4212941458,211778753,22.01.2021 12:40:23
202007,FMCG,Moms&Kids,КГТ и спорт для детей,0,Fact,2518824795,3078412443,22.01.2021 12:40:23
202007,FMCG,Moms&Kids,Игрушки,0,Fact,743495998,1227320543,22.01.2021 12:40:23
202007,FMCG,Moms&Kids,Товары для школы  канцелярия  оборудование,1,Fact,949960481,3860317581,22.01.2021 12:40:23
202007,FMCG,Moms&Kids,Товары для школы  канцелярия  оборудование,0,Fact,3635964163,2350596813,22.01.2021 12:40:23
202007,FMCG,Moms&Kids,Творчество  хобби и игры,0,Fact,2780648559,1382797150,22.01.2021 12:40:23
202007,FMCG,Moms&Kids,Игрушки,1,Fact,99589030,3498221758,22.12.2020 12:40:23
202007,FMCG,Moms&Kids,КГТ и спорт для детей,0,Fact,2081578151,256255607,22.12.2020 12:40:23
202007,FMCG,Moms&Kids,Игрушки,0,Fact,2726412243,4270002039,22.12.2020 12:40:23
202007,FMCG,Moms&Kids,Творчество  хобби и игры,1,Fact,667280538,1973375673,22.12.2020 12:40:23
202007,FMCG,Moms&Kids,Товары для школы  канцелярия  оборудование,1,Fact,2160346712,2121201966,22.12.2020 12:40:23
202007,FMCG,Moms&Kids,Товары для школы  канцелярия  оборудование,0,Fact,1781222197,354620050,22.12.2020 12:40:23
202007,FMCG,Moms&Kids,Творчество  хобби и игры,0,Fact,3775452571,2260409429,22.12.2020 12:40:23
202007,FMCG,Zoo,Гигиена и уход животных,1,Fact,2631490383,429957047,22.01.2021 12:40:23
202007,FMCG,Zoo,Фермерское хозяйство - Оборудование для птицеводства и животноводства,0,Fact,3130657818,234754586,22.01.2021 12:40:23
202007,FMCG,Zoo,Гигиена и уход животных,0,Fact,2190554965,683660868,22.01.2021 12:40:23
202007,FMCG,Zoo,Спальное место животного,0,Fact,2591232818,3426518221,22.01.2021 12:40:23
202007,FMCG,Zoo,Фермерское хозяйство - Товары для пчеловодства,0,Fact,2711064820,3649822243,22.01.2021 12:40:23
202007,FMCG,Zoo,Фермерское хозяйство - Корма и кормовые добавки для птицеводства и животноводства,0,Fact,1801695130,2472259941,22.01.2021 12:40:23
202007,FMCG,Zoo,Товары для прогулки и дрессировки животных,1,Fact,1519727798,759023510,22.01.2021 12:40:23
202007,FMCG,Zoo,Зоокорм  витамины,1,Fact,2461993316,672360481,22.01.2021 12:40:23
202007,FMCG,Zoo,Зоокорм  витамины,0,Fact,1734997544,1700243974,22.01.2021 12:40:23
202007,FMCG,Zoo,Фермерское хозяйство - Содержание  уход птицы и сельскохозяйственных животных,0,Fact,1199347952,3121347638,22.01.2021 12:40:23
202007,FMCG,Zoo,Товары для прогулки и дрессировки животных,0,Fact,1771504331,2428156048,22.01.2021 12:40:23
202007,FMCG,Zoo,Гигиена и уход животных,0,Fact,118828217,3140172533,22.12.2020 12:40:23
202007,FMCG,Zoo,Фермерское хозяйство - Содержание  уход птицы и сельскохозяйственных животных,0,Fact,3756428720,1414060226,22.12.2020 12:40:23
202007,FMCG,Zoo,Спальное место животного,0,Fact,1330768814,4123285865,22.12.2020 12:40:23
202007,FMCG,Zoo,Зоокорм  витамины,1,Fact,22553664,1000772135,22.12.2020 12:40:23
202007,FMCG,Zoo,Гигиена и уход животных,1,Fact,4285474776,1527055595,22.12.2020 12:40:23
202007,FMCG,Zoo,Зоокорм  витамины,0,Fact,527991345,3485665100,22.12.2020 12:40:23
202007,FMCG,Zoo,Фермерское хозяйство - Товары для пчеловодства,0,Fact,426069735,1313044984,22.12.2020 12:40:23
202007,FMCG,Zoo,Фермерское хозяйство - Оборудование для птицеводства и животноводства,0,Fact,4139119905,4149695178,22.12.2020 12:40:23
202007,FMCG,Zoo,Товары для прогулки и дрессировки животных,1,Fact,1672545609,359605811,22.12.2020 12:40:23
202007,FMCG,Zoo,Фермерское хозяйство - Корма и кормовые добавки для птицеводства и животноводства,0,Fact,3480555688,2532591322,22.12.2020 12:40:23
202007,FMCG,Zoo,Товары для прогулки и дрессировки животных,0,Fact,2136331438,2908408487,22.12.2020 12:40:23
202008,Beauty,Apparel,Взрослая обувь,0,Fact,2650869501,702908377,22.01.2021 12:40:23
202008,Beauty,Apparel,Аксессуары для взрослых и детей,1,Fact,3878062655,1794944009,22.01.2021 12:40:23
202008,Beauty,Apparel,Аксессуары для взрослых и детей,0,Fact,2496494027,1757133770,22.01.2021 12:40:23
202008,Beauty,Apparel,Детская одежда,0,Fact,3010911068,4271779534,22.01.2021 12:40:23
202008,Beauty,Apparel,Бижутерия и часы бижутерные,0,Fact,2808470520,1556876401,22.01.2021 12:40:23
202008,Beauty,Apparel,Взрослая одежда,0,Fact,795049092,2222753454,22.01.2021 12:40:23
202008,Beauty,Apparel,Детская обувь,0,Fact,2578061652,2334301409,22.01.2021 12:40:23
202008,Beauty,Apparel,Взрослая обувь,0,Fact,3655940817,3647741428,22.12.2020 12:40:23
202008,Beauty,Apparel,Аксессуары для взрослых и детей,1,Fact,2435724590,3235069923,22.12.2020 12:40:23
202008,Beauty,Apparel,Аксессуары для взрослых и детей,0,Fact,3671886931,4116303372,22.12.2020 12:40:23
202008,Beauty,Apparel,Детская одежда,0,Fact,3714661879,1406294215,22.12.2020 12:40:23
202008,Beauty,Apparel,Бижутерия и часы бижутерные,0,Fact,1550642028,2350483343,22.12.2020 12:40:23
202008,Beauty,Apparel,Детская обувь,0,Fact,822083306,2979729156,22.12.2020 12:40:23
202008,Beauty,Apparel,Взрослая одежда,0,Fact,3654618869,2668436145,22.12.2020 12:40:23
202008,Beauty,Health&Beauty,Косметика для ухода за волосами,1,Fact,1970939038,1123660403,22.01.2021 12:40:23
202008,Beauty,Health&Beauty,Косметические средства для детей и беременных,1,Fact,2609481186,3891289156,22.01.2021 12:40:23
202008,Beauty,Health&Beauty,Декоративная косметика,0,Fact,735859075,142541957,22.01.2021 12:40:23
202008,Beauty,Health&Beauty,Косметика для ухода за волосами,0,Fact,2728302177,3672950915,22.01.2021 12:40:23
202008,Beauty,Health&Beauty,Косметика для ухода за кожей,0,Fact,3709484977,2320398353,22.01.2021 12:40:23
202008,Beauty,Health&Beauty,Косметика для ухода за кожей,1,Fact,1341491973,939664528,22.01.2021 12:40:23
202008,Beauty,Health&Beauty,Косметическая техника,0,Fact,2674114931,1979644060,22.01.2021 12:40:23
202008,Beauty,Health&Beauty,Косметические аксессуары,0,Fact,2712201061,222921609,22.01.2021 12:40:23
202008,Beauty,Health&Beauty,Уход и гигиена,0,Fact,1526521281,4249561433,22.01.2021 12:40:23
202008,Beauty,Health&Beauty,Парфюмерия  ароматерапия,0,Fact,2984120455,2215292285,22.01.2021 12:40:23
202008,Beauty,Health&Beauty,Косметические средства для детей и беременных,0,Fact,3312564158,3515334844,22.01.2021 12:40:23
202008,Beauty,Health&Beauty,Уход и гигиена,1,Fact,2495086853,747553175,22.01.2021 12:40:23
202008,Beauty,Health&Beauty,Косметика для ухода за волосами,1,Fact,4233628594,2356017950,22.12.2020 12:40:23
202008,Beauty,Health&Beauty,Декоративная косметика,0,Fact,1760582626,414197292,22.12.2020 12:40:23
202008,Beauty,Health&Beauty,Косметика для ухода за волосами,0,Fact,364972015,72699250,22.12.2020 12:40:23
202008,Beauty,Health&Beauty,Косметические средства для детей и беременных,1,Fact,292402811,3408608638,22.12.2020 12:40:23
202008,Beauty,Health&Beauty,Косметика для ухода за кожей,0,Fact,919567483,356546203,22.12.2020 12:40:23
202008,Beauty,Health&Beauty,Парфюмерия  ароматерапия,0,Fact,487468081,2427225089,22.12.2020 12:40:23
202008,Beauty,Health&Beauty,Косметика для ухода за кожей,1,Fact,2853731745,1718613059,22.12.2020 12:40:23
202008,Beauty,Health&Beauty,Косметические средства для детей и беременных,0,Fact,834576177,2293360470,22.12.2020 12:40:23
202008,Beauty,Health&Beauty,Уход и гигиена,0,Fact,1856217366,4055738988,22.12.2020 12:40:23
202008,Beauty,Health&Beauty,Косметическая техника,0,Fact,3569078864,2619949481,22.12.2020 12:40:23
202008,Beauty,Health&Beauty,Косметические аксессуары,0,Fact,1192187253,3310506217,22.12.2020 12:40:23
202008,Beauty,Health&Beauty,Уход и гигиена,1,Fact,2038239334,884046274,22.12.2020 12:40:23
202008,Beauty,Jewelry,Ювелирные изделия,0,Fact,1631043997,2141531289,22.01.2021 12:40:23
202008,Beauty,Jewelry,Ювелирные изделия,0,Fact,2938491693,2725267650,22.12.2020 12:40:23
202008,Beauty,Pharmacy,Медицинские изделия,0,Fact,2387128274,3997415571,22.01.2021 12:40:23
202008,Beauty,Pharmacy,Уход и гигиена,1,Fact,3991269859,2222616788,22.01.2021 12:40:23
202008,Beauty,Pharmacy,Парафармацевтика,1,Fact,90151291,1446790644,22.01.2021 12:40:23
202008,Beauty,Pharmacy,Медицинские изделия,1,Fact,1855448613,1058084194,22.01.2021 12:40:23
202008,Beauty,Pharmacy,Товары для взрослых,0,Fact,1555629412,3345296500,22.01.2021 12:40:23
202008,Beauty,Pharmacy,Профессиональный уход за полостью рта,0,Fact,852796978,3777576966,22.01.2021 12:40:23
202008,Beauty,Pharmacy,Антибактериальные  дезинфицирующие средства,1,Fact,3781400198,1779230927,22.01.2021 12:40:23
202008,Beauty,Pharmacy,Тату,0,Fact,74379008,2902695101,22.01.2021 12:40:23
202008,Beauty,Pharmacy,Лекарственные средства для животных,0,Fact,2484731618,1348266600,22.01.2021 12:40:23
202008,Beauty,Pharmacy,Электронные сигареты  парители  кальяны,1,Fact,1076076857,3961545843,22.01.2021 12:40:23
202008,Beauty,Pharmacy,Средства реабилитации,1,Fact,780942633,985901660,22.01.2021 12:40:23
202008,Beauty,Pharmacy,Парафармацевтика,0,Fact,1941177637,177963517,22.01.2021 12:40:23
202008,Beauty,Pharmacy,Товары для взрослых,1,Fact,3452903613,735129583,22.01.2021 12:40:23
202008,Beauty,Pharmacy,Медицинская техника,0,Fact,3696188021,913779289,22.01.2021 12:40:23
202008,Beauty,Pharmacy,Электронные сигареты  парители  кальяны,0,Fact,335753959,1950229680,22.01.2021 12:40:23
202008,Beauty,Pharmacy,Средства реабилитации,0,Fact,886997089,1601624314,22.01.2021 12:40:23
202008,Beauty,Pharmacy,Ортопедия и компрессионный трикотаж,0,Fact,708073729,3627153109,22.01.2021 12:40:23
202008,Beauty,Pharmacy,Спортивное питание,0,Fact,2175521855,4258971888,22.01.2021 12:40:23
202008,Beauty,Pharmacy,Оптика,0,Fact,391239554,3609601391,22.01.2021 12:40:23
202008,Beauty,Pharmacy,Витамины и БАДы,0,Fact,3141247963,3482385176,22.01.2021 12:40:23
202008,Beauty,Pharmacy,Лекарственные средства,0,Fact,198111812,3792875200,22.01.2021 12:40:23
202008,Beauty,Pharmacy,Оптика,1,Fact,4247096906,2826368229,22.01.2021 12:40:23
202008,Beauty,Pharmacy,Уход и гигиена,0,Fact,2063813394,2500685343,22.01.2021 12:40:23
202008,Beauty,Pharmacy,Антибактериальные  дезинфицирующие средства,0,Fact,3257797309,1576810605,22.01.2021 12:40:23
202008,Beauty,Pharmacy,Профессиональный уход за полостью рта,0,Fact,491375570,3805781727,22.12.2020 12:40:23
202008,Beauty,Pharmacy,Антибактериальные  дезинфицирующие средства,1,Fact,1983106957,1012516128,22.12.2020 12:40:23
202008,Beauty,Pharmacy,Лекарственные средства для животных,0,Fact,91866916,2197334483,22.12.2020 12:40:23
202008,Beauty,Pharmacy,Парафармацевтика,1,Fact,3870061914,1273166609,22.12.2020 12:40:23
202008,Beauty,Pharmacy,Товары для взрослых,1,Fact,2608382563,689334410,22.12.2020 12:40:23
202008,Beauty,Pharmacy,Медицинская техника,0,Fact,2932824775,1417408371,22.12.2020 12:40:23
202008,Beauty,Pharmacy,Медицинские изделия,0,Fact,673816087,1466057444,22.12.2020 12:40:23
202008,Beauty,Pharmacy,Парафармацевтика,0,Fact,3749938383,4282415589,22.12.2020 12:40:23
202008,Beauty,Pharmacy,Уход и гигиена,1,Fact,2451627977,1820716846,22.12.2020 12:40:23
202008,Beauty,Pharmacy,Тату,0,Fact,1211060025,991921222,22.12.2020 12:40:23
202008,Beauty,Pharmacy,Медицинские изделия,1,Fact,202179838,15615571,22.12.2020 12:40:23
202008,Beauty,Pharmacy,Товары для взрослых,0,Fact,738647928,258198553,22.12.2020 12:40:23
202008,Beauty,Pharmacy,Электронные сигареты  парители  кальяны,1,Fact,3915488823,2460646967,22.12.2020 12:40:23
202008,Beauty,Pharmacy,Оптика,1,Fact,4272281363,505993875,22.12.2020 12:40:23
202008,Beauty,Pharmacy,Средства реабилитации,1,Fact,4206486895,2636632750,22.12.2020 12:40:23
202008,Beauty,Pharmacy,Электронные сигареты  парители  кальяны,0,Fact,1731440172,3594834893,22.12.2020 12:40:23
202008,Beauty,Pharmacy,Средства реабилитации,0,Fact,3055491761,3218262013,22.12.2020 12:40:23
202008,Beauty,Pharmacy,Уход и гигиена,0,Fact,3607489754,2659934117,22.12.2020 12:40:23
202008,Beauty,Pharmacy,Антибактериальные  дезинфицирующие средства,0,Fact,2088092823,787722297,22.12.2020 12:40:23
202008,Beauty,Pharmacy,Ортопедия и компрессионный трикотаж,0,Fact,1383637198,401599888,22.12.2020 12:40:23
202008,Beauty,Pharmacy,Спортивное питание,0,Fact,3707001536,3190585261,22.12.2020 12:40:23
202008,Beauty,Pharmacy,Оптика,0,Fact,3488962587,3850716739,22.12.2020 12:40:23
202008,Beauty,Pharmacy,Витамины и БАДы,0,Fact,823184986,1806903559,22.12.2020 12:40:23
202008,Beauty,Pharmacy,Лекарственные средства,0,Fact,1319077037,669520554,22.12.2020 12:40:23
202008,ES + Home,Auto&Moto,Автомобили и мототехника,0,Fact,4086063569,3814412651,22.01.2021 12:40:23
202008,ES + Home,Auto&Moto,Масла и автохимия,0,Fact,4255831165,375108908,22.01.2021 12:40:23
202008,ES + Home,Auto&Moto,Шины и диски,0,Fact,3085336116,3245646029,22.01.2021 12:40:23
202008,ES + Home,Auto&Moto,Дополнительное оборудование для авто и мото техники,0,Fact,3974849880,61158482,22.01.2021 12:40:23
202008,ES + Home,Auto&Moto,Универсальные авто и мото аксессуары,0,Fact,2521416547,3708623681,22.01.2021 12:40:23
202008,ES + Home,Auto&Moto,Авто и мото запчасти,0,Fact,1897708850,2285531787,22.01.2021 12:40:23
202008,ES + Home,Auto&Moto,Автоинструменты и гаражное оборудование,0,Fact,3204170658,2575844123,22.01.2021 12:40:23
202008,ES + Home,Auto&Moto,Масла и автохимия,0,Fact,3419500957,831815548,22.12.2020 12:40:23
202008,ES + Home,Auto&Moto,Авто и мото запчасти,0,Fact,2081322863,185077806,22.12.2020 12:40:23
202008,ES + Home,Auto&Moto,Шины и диски,0,Fact,1477847757,3025256565,22.12.2020 12:40:23
202008,ES + Home,Auto&Moto,Автомобили и мототехника,0,Fact,833360485,1219942243,22.12.2020 12:40:23
202008,ES + Home,Auto&Moto,Универсальные авто и мото аксессуары,0,Fact,361723912,2027782252,22.12.2020 12:40:23
202008,ES + Home,Auto&Moto,Дополнительное оборудование для авто и мото техники,0,Fact,3854030926,1016503736,22.12.2020 12:40:23
202008,ES + Home,Auto&Moto,Автоинструменты и гаражное оборудование,0,Fact,1015088654,2123028097,22.12.2020 12:40:23
202008,ES + Home,Books,Антикварное издание,0,Fact,2416627371,3540268806,22.01.2021 12:40:23
202008,ES + Home,Books,Современные листовые издания,0,Fact,584683578,810827237,22.01.2021 12:40:23
202008,ES + Home,Books,Книга по требованию,0,Fact,1771062784,1583709289,22.01.2021 12:40:23
202008,ES + Home,Books,Художественная литература,0,Fact,1382822424,1404099278,22.01.2021 12:40:23
202008,ES + Home,Books,Современная печатная книга,0,Fact,4193827253,2502931736,22.01.2021 12:40:23
202008,ES + Home,Books,Нехудожественная литература,0,Fact,3610838081,3114994771,22.01.2021 12:40:23
202008,ES + Home,Books,Иностранное издание,0,Fact,3152868751,3439151492,22.01.2021 12:40:23
202008,ES + Home,Books,Бизнес-литература,0,Fact,1647594998,1646698827,22.01.2021 12:40:23
202008,ES + Home,Books,Книги детям и родителям,0,Fact,1443545565,1436488498,22.01.2021 12:40:23
202008,ES + Home,Books,Современные картографические издания,0,Fact,1571828689,1168958078,22.01.2021 12:40:23
202008,ES + Home,Books,Учебная литература,0,Fact,1493522556,944225062,22.01.2021 12:40:23
202008,ES + Home,Books,Комиксы,0,Fact,2423758328,2433110129,22.01.2021 12:40:23
202008,ES + Home,Books,Манга,0,Fact,3235552116,2868943643,22.01.2021 12:40:23
202008,ES + Home,Books,Литература на иностранном языке,0,Fact,2470976722,1308496722,22.01.2021 12:40:23
202008,ES + Home,Books,Цифровая книга,0,Fact,1510251012,1534379335,22.01.2021 12:40:23
202008,ES + Home,Books,Аудиокнига,0,Fact,622931770,988953742,22.01.2021 12:40:23
202008,ES + Home,Books,Second-hand книга,0,Fact,720458247,3100050178,22.01.2021 12:40:23
202008,ES + Home,Books,Календари,0,Fact,2589182604,2454402778,22.01.2021 12:40:23
202008,ES + Home,Books,Цифровая аудиокнига,0,Fact,3127503458,2744802729,22.01.2021 12:40:23
202008,ES + Home,Books,Букинистическое издание,0,Fact,1585058823,1411768258,22.01.2021 12:40:23
202008,ES + Home,Books,ПО на физических носителях,0,Fact,1185973908,4221581842,22.01.2021 12:40:23
202008,ES + Home,Books,Блокноты с ISBN,0,Fact,2974471393,1265555537,22.01.2021 12:40:23
202008,ES + Home,Books,Книги детям и родителям,0,Fact,3964770533,1990643888,22.12.2020 12:40:23
202008,ES + Home,Books,Современные картографические издания,0,Fact,3028554333,1213010086,22.12.2020 12:40:23
202008,ES + Home,Books,ПО на физических носителях,0,Fact,849517240,1855184089,22.12.2020 12:40:23
202008,ES + Home,Books,Учебная литература,0,Fact,68572924,4266201218,22.12.2020 12:40:23
202008,ES + Home,Books,Комиксы,0,Fact,1605862616,1166234330,22.12.2020 12:40:23
202008,ES + Home,Books,Антикварное издание,0,Fact,890716700,4081714105,22.12.2020 12:40:23
202008,ES + Home,Books,Современные листовые издания,0,Fact,845741570,613149417,22.12.2020 12:40:23
202008,ES + Home,Books,Книга по требованию,0,Fact,1686504115,3823468605,22.12.2020 12:40:23
202008,ES + Home,Books,Современная печатная книга,0,Fact,3028064123,4063533409,22.12.2020 12:40:23
202008,ES + Home,Books,Нехудожественная литература,0,Fact,687728908,4077939642,22.12.2020 12:40:23
202008,ES + Home,Books,Иностранное издание,0,Fact,3853861077,2788198886,22.12.2020 12:40:23
202008,ES + Home,Books,Second-hand книга,0,Fact,2033709283,3089920160,22.12.2020 12:40:23
202008,ES + Home,Books,Календари,0,Fact,400583205,2411694880,22.12.2020 12:40:23
202008,ES + Home,Books,Цифровая аудиокнига,0,Fact,47688052,2130029082,22.12.2020 12:40:23
202008,ES + Home,Books,Бизнес-литература,0,Fact,2760212353,2858926497,22.12.2020 12:40:23
202008,ES + Home,Books,Букинистическое издание,0,Fact,2975079616,2608465788,22.12.2020 12:40:23
202008,ES + Home,Books,Блокноты с ISBN,0,Fact,3113777561,572853996,22.12.2020 12:40:23
202008,ES + Home,Books,Манга,0,Fact,3515252672,2321615353,22.12.2020 12:40:23
202008,ES + Home,Books,Художественная литература,0,Fact,2443007164,3054615728,22.12.2020 12:40:23
202008,ES + Home,Books,Литература на иностранном языке,0,Fact,1957069600,1106883117,22.12.2020 12:40:23
202008,ES + Home,Books,Цифровая книга,0,Fact,277589650,4291678986,22.12.2020 12:40:23
202008,ES + Home,Books,Аудиокнига,0,Fact,1078328552,3517583628,22.12.2020 12:40:23
202008,ES + Home,Digital,Програмное обеспечение Digital,0,Fact,3416050947,151128697,22.01.2021 12:40:23
202008,ES + Home,Digital,Програмное обеспечение Digital,0,Fact,213436219,2235542050,22.12.2020 12:40:23
202008,ES + Home,DIY,Сад и огород,1,Fact,570065213,587289073,22.01.2021 12:40:23
202008,ES + Home,DIY,Фильтры для воды,0,Fact,3741959422,992546920,22.01.2021 12:40:23
202008,ES + Home,DIY,Сад и огород,0,Fact,79158975,1132744748,22.01.2021 12:40:23
202008,ES + Home,DIY,Ремонт и строительство,0,Fact,2610763600,1046411784,22.01.2021 12:40:23
202008,ES + Home,DIY,Инструменты,0,Fact,2402013630,2506240881,22.01.2021 12:40:23
202008,ES + Home,DIY,Освещение,0,Fact,2463995390,4217258789,22.01.2021 12:40:23
202008,ES + Home,DIY,Сантехника,0,Fact,3695193291,910945939,22.01.2021 12:40:23
202008,ES + Home,DIY,Сад и огород,0,Fact,1584131324,1430719397,22.12.2020 12:40:23
202008,ES + Home,DIY,Сад и огород,1,Fact,1737458001,1636244801,22.12.2020 12:40:23
202008,ES + Home,DIY,Ремонт и строительство,0,Fact,1579034467,1946654820,22.12.2020 12:40:23
202008,ES + Home,DIY,Фильтры для воды,0,Fact,14635975,1292432644,22.12.2020 12:40:23
202008,ES + Home,DIY,Освещение,0,Fact,2550310100,3629373557,22.12.2020 12:40:23
202008,ES + Home,DIY,Сантехника,0,Fact,1482809553,1521823627,22.12.2020 12:40:23
202008,ES + Home,DIY,Инструменты,0,Fact,3852953233,1361076899,22.12.2020 12:40:23
202008,ES + Home,Furniture,Прочая мебель,0,Fact,666998062,2081569964,22.01.2021 12:40:23
202008,ES + Home,Furniture,Столы и стулья,0,Fact,3893981733,2342677580,22.01.2021 12:40:23
202008,ES + Home,Furniture,Мебель для сада,0,Fact,1235609301,349786237,22.01.2021 12:40:23
202008,ES + Home,Furniture,Компьютерная и офисная мебель,0,Fact,1641859829,2315638698,22.01.2021 12:40:23
202008,ES + Home,Furniture,Корпусная мебель и мебель для хранения,0,Fact,1287312150,2068212106,22.01.2021 12:40:23
202008,ES + Home,Furniture,Мебель для сна,0,Fact,1546710204,3965962759,22.01.2021 12:40:23
202008,ES + Home,Furniture,Мягкая мебель,0,Fact,1172557012,2235812703,22.01.2021 12:40:23
202008,ES + Home,Furniture,Столы и стулья,0,Fact,4032718377,822308187,22.12.2020 12:40:23
202008,ES + Home,Furniture,Прочая мебель,0,Fact,3412794337,3399059803,22.12.2020 12:40:23
202008,ES + Home,Furniture,Мебель для сада,0,Fact,4052028146,3867250380,22.12.2020 12:40:23
202008,ES + Home,Furniture,Мебель для сна,0,Fact,3807644621,1705341173,22.12.2020 12:40:23
202008,ES + Home,Furniture,Мягкая мебель,0,Fact,889157519,90232908,22.12.2020 12:40:23
202008,ES + Home,Furniture,Компьютерная и офисная мебель,0,Fact,3014038491,1621845245,22.12.2020 12:40:23
202008,ES + Home,Furniture,Корпусная мебель и мебель для хранения,0,Fact,3666704388,3794301646,22.12.2020 12:40:23
202008,ES + Home,Household,Аксессуары для уборки и стирки,0,Fact,2806990964,1988512104,22.01.2021 12:40:23
202008,ES + Home,Household,Принадлежности для Нового года,0,Fact,3134161227,1645511190,22.01.2021 12:40:23
202008,ES + Home,Household,Аксессуары для уборки и стирки,1,Fact,1500043166,2688368999,22.01.2021 12:40:23
202008,ES + Home,Household,Домашний текстиль,0,Fact,2733084198,3861523251,22.01.2021 12:40:23
202008,ES + Home,Household,Интерьер и декор,0,Fact,585534461,3367913774,22.01.2021 12:40:23
202008,ES + Home,Household,Кухня,0,Fact,1854465750,3643521845,22.01.2021 12:40:23
202008,ES + Home,Household,Антиквариат Хоум Декор,0,Fact,3063464371,3703892360,22.01.2021 12:40:23
202008,ES + Home,Household,Хранение,0,Fact,3005722630,369400412,22.01.2021 12:40:23
202008,ES + Home,Household,Ритуальные изделия,0,Fact,1562768041,3613082576,22.01.2021 12:40:23
202008,ES + Home,Household,Ванная комната,0,Fact,3568115788,1314391948,22.01.2021 12:40:23
202008,ES + Home,Household,Принадлежности для Нового года,0,Fact,1877448930,931175525,22.12.2020 12:40:23
202008,ES + Home,Household,Аксессуары для уборки и стирки,1,Fact,2550972994,4285891011,22.12.2020 12:40:23
202008,ES + Home,Household,Домашний текстиль,0,Fact,3140102146,1975055800,22.12.2020 12:40:23
202008,ES + Home,Household,Интерьер и декор,0,Fact,315534788,1977947421,22.12.2020 12:40:23
202008,ES + Home,Household,Кухня,0,Fact,3466685879,2910167080,22.12.2020 12:40:23
202008,ES + Home,Household,Аксессуары для уборки и стирки,0,Fact,501501048,4125613889,22.12.2020 12:40:23
202008,ES + Home,Household,Ритуальные изделия,0,Fact,2464291272,1358454903,22.12.2020 12:40:23
202008,ES + Home,Household,Антиквариат Хоум Декор,0,Fact,1231767371,1485198987,22.12.2020 12:40:23
202008,ES + Home,Household,Ванная комната,0,Fact,1232517867,2531091224,22.12.2020 12:40:23
202008,ES + Home,Household,Хранение,0,Fact,2788496944,2612745304,22.12.2020 12:40:23
202008,ES + Home,Laptops & Computers,Домашняя Аудио и Видеотехника Lap&Comp,0,Fact,756050969,586918898,22.01.2021 12:40:23
202008,ES + Home,Laptops & Computers,Компьютеры Lap&Comp,0,Fact,2673502110,1092847258,22.01.2021 12:40:23
202008,ES + Home,Laptops & Computers,Расходный материал для электроники Lap&Comp,0,Fact,2173596330,2134154586,22.01.2021 12:40:23
202008,ES + Home,Laptops & Computers,Компьютерная офисная техника Lap&Comp,0,Fact,2657087785,227919707,22.01.2021 12:40:23
202008,ES + Home,Laptops & Computers,Компьютерная периферия Lap&Comp,0,Fact,2788608154,3023080331,22.01.2021 12:40:23
202008,ES + Home,Laptops & Computers,Домашняя Аудио и Видеотехника Lap&Comp,0,Fact,3998082155,4209355619,22.12.2020 12:40:23
202008,ES + Home,Laptops & Computers,Компьютерная периферия Lap&Comp,0,Fact,1055817514,1635043915,22.12.2020 12:40:23
202008,ES + Home,Laptops & Computers,Расходный материал для электроники Lap&Comp,0,Fact,4046815483,1549829290,22.12.2020 12:40:23
202008,ES + Home,Laptops & Computers,Компьютеры Lap&Comp,0,Fact,2155362272,506123045,22.12.2020 12:40:23
202008,ES + Home,Laptops & Computers,Компьютерная офисная техника Lap&Comp,0,Fact,160787693,3670747861,22.12.2020 12:40:23
202008,ES + Home,Major Domestic Appliances,Крупная бытовая техника MDA,0,Fact,3853707144,2693202562,22.01.2021 12:40:23
202008,ES + Home,Major Domestic Appliances,Крупная бытовая техника MDA,0,Fact,1954697964,1941980436,22.12.2020 12:40:23
202008,ES + Home,Miscellaneous accessories,Электропитание Access,1,Fact,3905148377,4289362196,22.01.2021 12:40:23
202008,ES + Home,Miscellaneous accessories,Оборудование Access,0,Fact,2364640293,284573133,22.01.2021 12:40:23
202008,ES + Home,Miscellaneous accessories,Электропитание Access,0,Fact,884726769,4137413237,22.01.2021 12:40:23
202008,ES + Home,Miscellaneous accessories,Компьютеры Access,0,Fact,3465932808,1285509992,22.01.2021 12:40:23
202008,ES + Home,Miscellaneous accessories,Игровые приставки и аксессуары Access,0,Fact,2424380742,2538907354,22.01.2021 12:40:23
202008,ES + Home,Miscellaneous accessories,Электронные товары хобби и отдых Access,0,Fact,3058258816,265475144,22.01.2021 12:40:23
202008,ES + Home,Miscellaneous accessories,Фото и видео Access,0,Fact,3129672164,2729333842,22.01.2021 12:40:23
202008,ES + Home,Miscellaneous accessories,Домашняя Аудио и Видеотехника Access,0,Fact,2202190753,1542239636,22.01.2021 12:40:23
202008,ES + Home,Miscellaneous accessories,Средства связи Access,0,Fact,3167512559,1698825064,22.01.2021 12:40:23
202008,ES + Home,Miscellaneous accessories,Компьютерная периферия Access,0,Fact,2843724973,502971329,22.01.2021 12:40:23
202008,ES + Home,Miscellaneous accessories,Автомобильная техника Access,0,Fact,1626822251,204184889,22.01.2021 12:40:23
202008,ES + Home,Miscellaneous accessories,Бытовая техника Access,0,Fact,176169971,3955423388,22.01.2021 12:40:23
202008,ES + Home,Miscellaneous accessories,Расходный материал для электроники Access,0,Fact,411327433,4054397106,22.01.2021 12:40:23
202008,ES + Home,Miscellaneous accessories,Электропитание Access,1,Fact,706513818,3493211135,22.12.2020 12:40:23
202008,ES + Home,Miscellaneous accessories,Электропитание Access,0,Fact,2524926081,3697773255,22.12.2020 12:40:23
202008,ES + Home,Miscellaneous accessories,Фото и видео Access,0,Fact,499908987,1947030708,22.12.2020 12:40:23
202008,ES + Home,Miscellaneous accessories,Оборудование Access,0,Fact,2520363617,768956969,22.12.2020 12:40:23
202008,ES + Home,Miscellaneous accessories,Компьютеры Access,0,Fact,338314271,4179410013,22.12.2020 12:40:23
202008,ES + Home,Miscellaneous accessories,Компьютерная периферия Access,0,Fact,1062570809,2605934746,22.12.2020 12:40:23
202008,ES + Home,Miscellaneous accessories,Автомобильная техника Access,0,Fact,968206983,2773159386,22.12.2020 12:40:23
202008,ES + Home,Miscellaneous accessories,Расходный материал для электроники Access,0,Fact,1341893644,288525230,22.12.2020 12:40:23
202008,ES + Home,Miscellaneous accessories,Электронные товары хобби и отдых Access,0,Fact,1136326019,4286463713,22.12.2020 12:40:23
202008,ES + Home,Miscellaneous accessories,Бытовая техника Access,0,Fact,1927583556,3478804275,22.12.2020 12:40:23
202008,ES + Home,Miscellaneous accessories,Игровые приставки и аксессуары Access,0,Fact,2596419942,1331456839,22.12.2020 12:40:23
202008,ES + Home,Miscellaneous accessories,Домашняя Аудио и Видеотехника Access,0,Fact,756609434,2643681919,22.12.2020 12:40:23
202008,ES + Home,Miscellaneous accessories,Средства связи Access,0,Fact,31188588,3962085247,22.12.2020 12:40:23
202008,ES + Home,Small Domestic Appliances,Мелкая бытовая техника SDA,0,Fact,3077724679,3816551775,22.01.2021 12:40:23
202008,ES + Home,Small Domestic Appliances,Оборудование SDA,0,Fact,3056100389,118616433,22.01.2021 12:40:23
202008,ES + Home,Small Domestic Appliances,Мелкая бытовая техника SDA,1,Fact,4155177666,2597551100,22.01.2021 12:40:23
202008,ES + Home,Small Domestic Appliances,Мелкая бытовая техника SDA,0,Fact,4104236868,2127467627,22.12.2020 12:40:23
202008,ES + Home,Small Domestic Appliances,Оборудование SDA,0,Fact,3506321381,293009897,22.12.2020 12:40:23
202008,ES + Home,Small Domestic Appliances,Мелкая бытовая техника SDA,1,Fact,3342108004,2791719355,22.12.2020 12:40:23
202008,ES + Home,Smartphones & Tablets,Компьютеры Smart&Tablets,0,Fact,770260975,2213249120,22.01.2021 12:40:23
202008,ES + Home,Smartphones & Tablets,Средства связи Smart&Tablets,0,Fact,4066907971,1207744627,22.01.2021 12:40:23
202008,ES + Home,Smartphones & Tablets,Средства связи Smart&Tablets,0,Fact,3021444382,523088310,22.12.2020 12:40:23
202008,ES + Home,Smartphones & Tablets,Компьютеры Smart&Tablets,0,Fact,217906073,1296458607,22.12.2020 12:40:23
202008,ES + Home,Sport,Зимние виды спорта,0,Fact,3849970697,2720079867,22.01.2021 12:40:23
202008,ES + Home,Sport,Летние виды спорта,0,Fact,8270002,2539868249,22.01.2021 12:40:23
202008,ES + Home,Sport,Всесезонные виды спорта,0,Fact,3229344082,4199144365,22.01.2021 12:40:23
202008,ES + Home,Sport,Цирковое искусство,0,Fact,2436214023,1270734021,22.01.2021 12:40:23
202008,ES + Home,Sport,Товары для рыбалки,0,Fact,2936572221,115098249,22.01.2021 12:40:23
202008,ES + Home,Sport,Товары для охоты,0,Fact,3220597897,1614599850,22.01.2021 12:40:23
202008,ES + Home,Sport,Туризм,0,Fact,1863470663,3109815216,22.01.2021 12:40:23
202008,ES + Home,Sport,Страйкбол и пневматика,0,Fact,3004489001,2732201526,22.01.2021 12:40:23
202008,ES + Home,Sport,Тренажеры и фитнес,0,Fact,2914073043,4064753347,22.01.2021 12:40:23
202008,ES + Home,Sport,Единоборства,0,Fact,1158810295,177965438,22.01.2021 12:40:23
202008,ES + Home,Sport,Спортивные аксессуары,0,Fact,811858160,895258287,22.01.2021 12:40:23
202008,ES + Home,Sport,Спортивные аксессуары,0,Fact,2497493421,4175434973,22.12.2020 12:40:23
202008,ES + Home,Sport,Цирковое искусство,0,Fact,2761067486,2902499362,22.12.2020 12:40:23
202008,ES + Home,Sport,Товары для рыбалки,0,Fact,1468781699,3158904839,22.12.2020 12:40:23
202008,ES + Home,Sport,Зимние виды спорта,0,Fact,4047205619,914075066,22.12.2020 12:40:23
202008,ES + Home,Sport,Летние виды спорта,0,Fact,4136427319,2410502267,22.12.2020 12:40:23
202008,ES + Home,Sport,Всесезонные виды спорта,0,Fact,1905038259,1102525517,22.12.2020 12:40:23
202008,ES + Home,Sport,Товары для охоты,0,Fact,4072526823,321173261,22.12.2020 12:40:23
202008,ES + Home,Sport,Туризм,0,Fact,2781851638,931789928,22.12.2020 12:40:23
202008,ES + Home,Sport,Страйкбол и пневматика,0,Fact,1012732024,473481971,22.12.2020 12:40:23
202008,ES + Home,Sport,Единоборства,0,Fact,2138795018,1616187496,22.12.2020 12:40:23
202008,ES + Home,Sport,Тренажеры и фитнес,0,Fact,1287012308,115710111,22.12.2020 12:40:23
202008,ES + Home,TV  audio  Hi-Fi & other electronics,Фан атрибутика TV&Audio,0,Fact,2671776295,4228920563,22.01.2021 12:40:23
202008,ES + Home,TV  audio  Hi-Fi & other electronics,Игровые приставки и аксессуары TV&Audio,0,Fact,1843648560,3913997697,22.01.2021 12:40:23
202008,ES + Home,TV  audio  Hi-Fi & other electronics,Фото и видео TV&Audio,0,Fact,2214400296,771217019,22.01.2021 12:40:23
202008,ES + Home,TV  audio  Hi-Fi & other electronics,Электронные товары хобби и отдых TV&Audio,0,Fact,3176149001,4109271558,22.01.2021 12:40:23
202008,ES + Home,TV  audio  Hi-Fi & other electronics,Автомобильная техника TV&Audio,0,Fact,3151334912,1406131347,22.01.2021 12:40:23
202008,ES + Home,TV  audio  Hi-Fi & other electronics,Movie,0,Fact,600125805,3255064908,22.01.2021 12:40:23
202008,ES + Home,TV  audio  Hi-Fi & other electronics,Портативная аудиотехника TV&Audio,0,Fact,195207628,1090386320,22.01.2021 12:40:23
202008,ES + Home,TV  audio  Hi-Fi & other electronics,Music,0,Fact,3044125096,2234509049,22.01.2021 12:40:23
202008,ES + Home,TV  audio  Hi-Fi & other electronics,Карты оплаты  страховки TV&Audio,0,Fact,3210500454,2253301914,22.01.2021 12:40:23
202008,ES + Home,TV  audio  Hi-Fi & other electronics,Компьютеры TV&Audio,0,Fact,107119105,1997545850,22.01.2021 12:40:23
202008,ES + Home,TV  audio  Hi-Fi & other electronics,Средства связи TV&Audio,0,Fact,2332576250,2139140128,22.01.2021 12:40:23
202008,ES + Home,TV  audio  Hi-Fi & other electronics,Компьютерная периферия TV&Audio,0,Fact,903498507,654280220,22.01.2021 12:40:23
202008,ES + Home,TV  audio  Hi-Fi & other electronics,Система безопасности TV&Audio,0,Fact,2201986453,2701792666,22.01.2021 12:40:23
202008,ES + Home,TV  audio  Hi-Fi & other electronics,Програмное обеспечение TV&Audio,0,Fact,3625524567,2650793649,22.01.2021 12:40:23
202008,ES + Home,TV  audio  Hi-Fi & other electronics,Домашняя Аудио и Видеотехника TV&Audio,0,Fact,2828656607,4075885075,22.01.2021 12:40:23
202008,ES + Home,TV  audio  Hi-Fi & other electronics,Movie,0,Fact,1425582171,699649045,22.12.2020 12:40:23
202008,ES + Home,TV  audio  Hi-Fi & other electronics,Фан атрибутика TV&Audio,0,Fact,2649611845,3371706641,22.12.2020 12:40:23
202008,ES + Home,TV  audio  Hi-Fi & other electronics,Фото и видео TV&Audio,0,Fact,339924333,3235936873,22.12.2020 12:40:23
202008,ES + Home,TV  audio  Hi-Fi & other electronics,Электронные товары хобби и отдых TV&Audio,0,Fact,1139126346,2625523379,22.12.2020 12:40:23
202008,ES + Home,TV  audio  Hi-Fi & other electronics,Компьютерная периферия TV&Audio,0,Fact,662112306,432560003,22.12.2020 12:40:23
202008,ES + Home,TV  audio  Hi-Fi & other electronics,Програмное обеспечение TV&Audio,0,Fact,3764575349,3647600508,22.12.2020 12:40:23
202008,ES + Home,TV  audio  Hi-Fi & other electronics,Портативная аудиотехника TV&Audio,0,Fact,4177973818,2537578959,22.12.2020 12:40:23
202008,ES + Home,TV  audio  Hi-Fi & other electronics,Автомобильная техника TV&Audio,0,Fact,477649813,1598422316,22.12.2020 12:40:23
202008,ES + Home,TV  audio  Hi-Fi & other electronics,Игровые приставки и аксессуары TV&Audio,0,Fact,4082629527,2557454814,22.12.2020 12:40:23
202008,ES + Home,TV  audio  Hi-Fi & other electronics,Music,0,Fact,117883132,2092722951,22.12.2020 12:40:23
202008,ES + Home,TV  audio  Hi-Fi & other electronics,Карты оплаты  страховки TV&Audio,0,Fact,2635273612,1945352627,22.12.2020 12:40:23
202008,ES + Home,TV  audio  Hi-Fi & other electronics,Компьютеры TV&Audio,0,Fact,3511570939,1408528858,22.12.2020 12:40:23
202008,ES + Home,TV  audio  Hi-Fi & other electronics,Система безопасности TV&Audio,0,Fact,344161027,1713332330,22.12.2020 12:40:23
202008,ES + Home,TV  audio  Hi-Fi & other electronics,Домашняя Аудио и Видеотехника TV&Audio,0,Fact,3243994536,3186364414,22.12.2020 12:40:23
202008,ES + Home,TV  audio  Hi-Fi & other electronics,Средства связи TV&Audio,0,Fact,1172217539,4192708667,22.12.2020 12:40:23
202008,FMCG,FMCG nonfood,Детская продукция,1,Fact,1064015662,3280441280,22.01.2021 12:40:23
202008,FMCG,FMCG nonfood,Кормление детское,0,Fact,2693672330,3496590152,22.01.2021 12:40:23
202008,FMCG,FMCG nonfood,Личная гигиена,0,Fact,3195967522,1292236674,22.01.2021 12:40:23
202008,FMCG,FMCG nonfood,Электроника детская,0,Fact,1007275034,1562016991,22.01.2021 12:40:23
202008,FMCG,FMCG nonfood,Уход и гигиена,1,Fact,1663978513,556299592,22.01.2021 12:40:23
202008,FMCG,FMCG nonfood,Личная гигиена,1,Fact,2310764020,920385212,22.01.2021 12:40:23
202008,FMCG,FMCG nonfood,Бытовая химия,1,Fact,2378653135,3152619674,22.01.2021 12:40:23
202008,FMCG,FMCG nonfood,Уход и гигиена,0,Fact,653085360,3888950177,22.01.2021 12:40:23
202008,FMCG,FMCG nonfood,Бытовая химия,0,Fact,4292722801,3756614932,22.01.2021 12:40:23
202008,FMCG,FMCG nonfood,Кормление детское,1,Fact,4137582633,2176919315,22.01.2021 12:40:23
202008,FMCG,FMCG nonfood,Детская продукция,0,Fact,3869223625,4132135499,22.01.2021 12:40:23
202008,FMCG,FMCG nonfood,Бритвы и лезвия,1,Fact,2467680705,4163455389,22.01.2021 12:40:23
202008,FMCG,FMCG nonfood,Бритвы и лезвия,0,Fact,2016390224,1757210914,22.01.2021 12:40:23
202008,FMCG,FMCG nonfood,Уход и гигиена,0,Fact,3442135954,2265546617,22.12.2020 12:40:23
202008,FMCG,FMCG nonfood,Электроника детская,0,Fact,1188621948,905720898,22.12.2020 12:40:23
202008,FMCG,FMCG nonfood,Детская продукция,1,Fact,2190580672,3564372164,22.12.2020 12:40:23
202008,FMCG,FMCG nonfood,Кормление детское,0,Fact,2261620933,4100845207,22.12.2020 12:40:23
202008,FMCG,FMCG nonfood,Личная гигиена,0,Fact,1207622618,1050928015,22.12.2020 12:40:23
202008,FMCG,FMCG nonfood,Уход и гигиена,1,Fact,567514541,1931884222,22.12.2020 12:40:23
202008,FMCG,FMCG nonfood,Личная гигиена,1,Fact,896484369,4146833684,22.12.2020 12:40:23
202008,FMCG,FMCG nonfood,Бытовая химия,1,Fact,3599550824,898598004,22.12.2020 12:40:23
202008,FMCG,FMCG nonfood,Бритвы и лезвия,1,Fact,3893067990,738504807,22.12.2020 12:40:23
202008,FMCG,FMCG nonfood,Бритвы и лезвия,0,Fact,3680593729,1395845572,22.12.2020 12:40:23
202008,FMCG,FMCG nonfood,Бытовая химия,0,Fact,3579961536,3651504856,22.12.2020 12:40:23
202008,FMCG,FMCG nonfood,Кормление детское,1,Fact,3068502251,421203212,22.12.2020 12:40:23
202008,FMCG,FMCG nonfood,Детская продукция,0,Fact,1918649255,3215498617,22.12.2020 12:40:23
202008,FMCG,Food,Бакалея,1,Fact,3448293804,2688025746,22.01.2021 12:40:23
202008,FMCG,Food,Напитки,0,Fact,3056378906,20703784,22.01.2021 12:40:23
202008,FMCG,Food,Напитки,1,Fact,16045866,452412130,22.01.2021 12:40:23
202008,FMCG,Food,Бакалея,0,Fact,3713607963,562173959,22.01.2021 12:40:23
202008,FMCG,Food,Кондитерские изделия,0,Fact,3322152430,3601346492,22.01.2021 12:40:23
202008,FMCG,Food,Молочная продукция стерилизованная,1,Fact,260486417,1875137261,22.01.2021 12:40:23
202008,FMCG,Food,Детское питание,1,Fact,3632746062,3346939070,22.01.2021 12:40:23
202008,FMCG,Food,Кондитерские изделия,1,Fact,2950193082,1359621689,22.01.2021 12:40:23
202008,FMCG,Food,Детское питание,0,Fact,3087214257,1508635446,22.01.2021 12:40:23
202008,FMCG,Food,Молочная продукция стерилизованная,0,Fact,362092235,3022715918,22.01.2021 12:40:23
202008,FMCG,Food,Молекулярная кухня,0,Fact,956346576,1313258344,22.01.2021 12:40:23
202008,FMCG,Food,Напитки,0,Fact,2211508409,3390329066,22.12.2020 12:40:23
202008,FMCG,Food,Бакалея,1,Fact,850404103,112938116,22.12.2020 12:40:23
202008,FMCG,Food,Бакалея,0,Fact,591095728,1413525250,22.12.2020 12:40:23
202008,FMCG,Food,Кондитерские изделия,0,Fact,2608433623,3860909379,22.12.2020 12:40:23
202008,FMCG,Food,Напитки,1,Fact,750254093,4234930198,22.12.2020 12:40:23
202008,FMCG,Food,Кондитерские изделия,1,Fact,1824651133,3717173179,22.12.2020 12:40:23
202008,FMCG,Food,Детское питание,1,Fact,1424348878,1440267376,22.12.2020 12:40:23
202008,FMCG,Food,Молочная продукция стерилизованная,0,Fact,2564731661,2532643105,22.12.2020 12:40:23
202008,FMCG,Food,Детское питание,0,Fact,464462272,3287073260,22.12.2020 12:40:23
202008,FMCG,Food,Молекулярная кухня,0,Fact,2530492224,3432950798,22.12.2020 12:40:23
202008,FMCG,Food,Молочная продукция стерилизованная,1,Fact,597471698,1919062559,22.12.2020 12:40:23
202008,FMCG,FreshFood,Растительные аналоги Fresh,1,Fact,3811457126,2741732961,22.01.2021 12:40:23
202008,FMCG,FreshFood,Мясо  птица,1,Fact,4203986936,2756913596,22.01.2021 12:40:23
202008,FMCG,FreshFood,Мясная гастрономия,1,Fact,4220823986,382905658,22.01.2021 12:40:23
202008,FMCG,FreshFood,Овощи  фрукты  зелень свежие,1,Fact,1556405978,3269631928,22.01.2021 12:40:23
202008,FMCG,FreshFood,Рыба  морепродукты,1,Fact,1751164246,4180033636,22.01.2021 12:40:23
202008,FMCG,FreshFood,Молочная продукция и яйца Fresh,1,Fact,1621685986,3750492883,22.01.2021 12:40:23
202008,FMCG,FreshFood,Хлебобулочные изделия Fresh,1,Fact,799751939,3961104997,22.01.2021 12:40:23
202008,FMCG,FreshFood,Напитки Fresh,1,Fact,2658529447,753138277,22.01.2021 12:40:23
202008,FMCG,FreshFood,Замороженные продукты,1,Fact,1741243280,1905623131,22.01.2021 12:40:23
202008,FMCG,FreshFood,Кулинария и полуфабрикаты Fresh,1,Fact,4254168532,1887312901,22.01.2021 12:40:23
202008,FMCG,FreshFood,Овощи  фрукты  зелень свежие,1,Fact,1617933431,3605478249,22.12.2020 12:40:23
202008,FMCG,FreshFood,Молочная продукция и яйца Fresh,1,Fact,3771061463,504426056,22.12.2020 12:40:23
202008,FMCG,FreshFood,Растительные аналоги Fresh,1,Fact,969137070,4135550860,22.12.2020 12:40:23
202008,FMCG,FreshFood,Мясо  птица,1,Fact,1847231741,3009759864,22.12.2020 12:40:23
202008,FMCG,FreshFood,Мясная гастрономия,1,Fact,855363660,1535124025,22.12.2020 12:40:23
202008,FMCG,FreshFood,Рыба  морепродукты,1,Fact,926950505,1102460802,22.12.2020 12:40:23
202008,FMCG,FreshFood,Замороженные продукты,1,Fact,2094374781,964394368,22.12.2020 12:40:23
202008,FMCG,FreshFood,Хлебобулочные изделия Fresh,1,Fact,1669968168,748529878,22.12.2020 12:40:23
202008,FMCG,FreshFood,Напитки Fresh,1,Fact,585143943,394685691,22.12.2020 12:40:23
202008,FMCG,FreshFood,Кулинария и полуфабрикаты Fresh,1,Fact,2381903731,1593717378,22.12.2020 12:40:23
202008,FMCG,Moms&Kids,Товары для школы  канцелярия  оборудование,0,Fact,2030492391,3217658167,22.01.2021 12:40:23
202008,FMCG,Moms&Kids,Товары для школы  канцелярия  оборудование,1,Fact,2131674537,2792891795,22.01.2021 12:40:23
202008,FMCG,Moms&Kids,Творчество  хобби и игры,1,Fact,563205948,3180295065,22.01.2021 12:40:23
202008,FMCG,Moms&Kids,Игрушки,0,Fact,403036495,1547651899,22.01.2021 12:40:23
202008,FMCG,Moms&Kids,Игрушки,1,Fact,2407021231,585501521,22.01.2021 12:40:23
202008,FMCG,Moms&Kids,КГТ и спорт для детей,0,Fact,3448393555,1009737693,22.01.2021 12:40:23
202008,FMCG,Moms&Kids,Творчество  хобби и игры,0,Fact,1922265788,2271756367,22.01.2021 12:40:23
202008,FMCG,Moms&Kids,Творчество  хобби и игры,1,Fact,4254138918,3200484649,22.12.2020 12:40:23
202008,FMCG,Moms&Kids,Игрушки,0,Fact,63258687,1841715293,22.12.2020 12:40:23
202008,FMCG,Moms&Kids,Игрушки,1,Fact,3639671145,2202776761,22.12.2020 12:40:23
202008,FMCG,Moms&Kids,Товары для школы  канцелярия  оборудование,0,Fact,1305270680,1547610932,22.12.2020 12:40:23
202008,FMCG,Moms&Kids,Товары для школы  канцелярия  оборудование,1,Fact,2453912485,4049706366,22.12.2020 12:40:23
202008,FMCG,Moms&Kids,КГТ и спорт для детей,0,Fact,4149457052,1397181660,22.12.2020 12:40:23
202008,FMCG,Moms&Kids,Творчество  хобби и игры,0,Fact,521348899,4008014586,22.12.2020 12:40:23
202008,FMCG,Zoo,Товары для прогулки и дрессировки животных,1,Fact,3030328985,752678713,22.01.2021 12:40:23
202008,FMCG,Zoo,Спальное место животного,0,Fact,830994581,239427243,22.01.2021 12:40:23
202008,FMCG,Zoo,Фермерское хозяйство - Корма и кормовые добавки для птицеводства и животноводства,0,Fact,995527008,2253178794,22.01.2021 12:40:23
202008,FMCG,Zoo,Зоокорм  витамины,1,Fact,1640058340,128406613,22.01.2021 12:40:23
202008,FMCG,Zoo,Фермерское хозяйство - Содержание  уход птицы и сельскохозяйственных животных,0,Fact,612811443,3079337416,22.01.2021 12:40:23
202008,FMCG,Zoo,Зоокорм  витамины,0,Fact,2427983100,4293346439,22.01.2021 12:40:23
202008,FMCG,Zoo,Товары для прогулки и дрессировки животных,0,Fact,587038271,3476068460,22.01.2021 12:40:23
202008,FMCG,Zoo,Гигиена и уход животных,1,Fact,4214489098,3118199119,22.01.2021 12:40:23
202008,FMCG,Zoo,Гигиена и уход животных,0,Fact,3477815543,3130022095,22.01.2021 12:40:23
202008,FMCG,Zoo,Фермерское хозяйство - Оборудование для птицеводства и животноводства,0,Fact,3493656064,1775654653,22.01.2021 12:40:23
202008,FMCG,Zoo,Фермерское хозяйство - Товары для пчеловодства,0,Fact,629541424,117083482,22.01.2021 12:40:23
202008,FMCG,Zoo,Спальное место животного,0,Fact,1280502108,2359196551,22.12.2020 12:40:23
202008,FMCG,Zoo,Товары для прогулки и дрессировки животных,1,Fact,42163563,2509561765,22.12.2020 12:40:23
202008,FMCG,Zoo,Товары для прогулки и дрессировки животных,0,Fact,2306634433,2722239443,22.12.2020 12:40:23
202008,FMCG,Zoo,Фермерское хозяйство - Корма и кормовые добавки для птицеводства и животноводства,0,Fact,2393982625,634017666,22.12.2020 12:40:23
202008,FMCG,Zoo,Гигиена и уход животных,0,Fact,4042868146,529567306,22.12.2020 12:40:23
202008,FMCG,Zoo,Фермерское хозяйство - Оборудование для птицеводства и животноводства,0,Fact,1345646207,3465449232,22.12.2020 12:40:23
202008,FMCG,Zoo,Зоокорм  витамины,1,Fact,2699495929,1788594589,22.12.2020 12:40:23
202008,FMCG,Zoo,Зоокорм  витамины,0,Fact,188183716,787004185,22.12.2020 12:40:23
202008,FMCG,Zoo,Фермерское хозяйство - Содержание  уход птицы и сельскохозяйственных животных,0,Fact,4097554082,3744837529,22.12.2020 12:40:23
202008,FMCG,Zoo,Гигиена и уход животных,1,Fact,78822829,1756955077,22.12.2020 12:40:23
202008,FMCG,Zoo,Фермерское хозяйство - Товары для пчеловодства,0,Fact,3740021434,396051522,22.12.2020 12:40:23
202009,Beauty,Apparel,Взрослая обувь,0,Fact,2969408068,1906458098,22.01.2021 12:40:23
202009,Beauty,Apparel,Детская обувь,0,Fact,181523017,2211553426,27.01.2021 21:11:22
202009,Beauty,Apparel,Взрослая обувь,0,Fact,1988136715,4155259177,27.01.2021 21:11:22
202009,Beauty,Apparel,Бижутерия и часы бижутерные,0,Fact,2023872090,881385040,27.01.2021 21:11:22
202009,Beauty,Apparel,Детская обувь,0,Fact,3377909989,3420407070,22.01.2021 12:40:23
202009,Beauty,Apparel,Детская одежда,0,Fact,1999732877,1513699416,27.01.2021 21:11:22
202009,Beauty,Apparel,Аксессуары для взрослых и детей,1,Fact,2695179822,3529236113,22.01.2021 12:40:23
202009,Beauty,Apparel,Взрослая одежда,0,Fact,2860546614,456020556,27.01.2021 21:11:22
202009,Beauty,Apparel,Аксессуары для взрослых и детей,0,Fact,3272805912,3225951684,27.01.2021 21:11:22
202009,Beauty,Apparel,Аксессуары для взрослых и детей,0,Fact,140753860,2720804551,22.01.2021 12:40:23
202009,Beauty,Apparel,Детская одежда,0,Fact,2957202140,3982348630,22.01.2021 12:40:23
202009,Beauty,Apparel,Бижутерия и часы бижутерные,0,Fact,1804626918,1786628147,22.01.2021 12:40:23
202009,Beauty,Apparel,Взрослая одежда,0,Fact,306311381,834445188,22.01.2021 12:40:23
202009,Beauty,Apparel,Детская одежда,0,Fact,249695089,360590341,27.12.2020 21:11:22
202009,Beauty,Apparel,Бижутерия и часы бижутерные,0,Fact,4207253602,961691574,27.12.2020 21:11:22
202009,Beauty,Apparel,Детская обувь,0,Fact,2148472393,3925795134,27.12.2020 21:11:22
202009,Beauty,Apparel,Взрослая одежда,0,Fact,1973191906,1258838362,27.12.2020 21:11:22
202009,Beauty,Apparel,Аксессуары для взрослых и детей,1,Fact,341003753,1915410873,22.12.2020 12:40:23
202009,Beauty,Apparel,Аксессуары для взрослых и детей,0,Fact,1778546764,312397133,22.12.2020 12:40:23
202009,Beauty,Apparel,Взрослая обувь,0,Fact,769216062,3071861074,22.12.2020 12:40:23
202009,Beauty,Apparel,Детская одежда,0,Fact,3429778757,3154299361,22.12.2020 12:40:23
202009,Beauty,Apparel,Аксессуары для взрослых и детей,0,Fact,1970065117,2327591590,27.12.2020 21:11:22
202009,Beauty,Apparel,Бижутерия и часы бижутерные,0,Fact,783920894,555711340,22.12.2020 12:40:23
202009,Beauty,Apparel,Детская обувь,0,Fact,2661261823,3643995453,22.12.2020 12:40:23
202009,Beauty,Apparel,Взрослая одежда,0,Fact,570167774,1464647477,22.12.2020 12:40:23
202009,Beauty,Apparel,Взрослая обувь,0,Fact,3988822738,3641781914,27.12.2020 21:11:22
202009,Beauty,Health&Beauty,Декоративная косметика,1,Fact,2373395312,3155818870,22.01.2021 12:40:23
202009,Beauty,Health&Beauty,Косметические средства для детей и беременных,0,Fact,147225942,79126284,22.01.2021 12:40:23
202009,Beauty,Health&Beauty,Декоративная косметика,0,Fact,1585666114,864013701,22.01.2021 12:40:23
202009,Beauty,Health&Beauty,Косметика для ухода за волосами,0,Fact,1412054392,1857248844,22.01.2021 12:40:23
202009,Beauty,Health&Beauty,Косметика для ухода за волосами,1,Fact,60866009,4208111817,22.01.2021 12:40:23
202009,Beauty,Health&Beauty,Косметическая техника,0,Fact,3804518921,2642531390,22.01.2021 12:40:23
202009,Beauty,Health&Beauty,Косметика для ухода за кожей,0,Fact,1046193939,21868796,22.01.2021 12:40:23
202009,Beauty,Health&Beauty,Парфюмерия  ароматерапия,0,Fact,2597199989,76327545,22.01.2021 12:40:23
202009,Beauty,Health&Beauty,Косметика для ухода за кожей,1,Fact,174590200,2607388138,22.01.2021 12:40:23
202009,Beauty,Health&Beauty,Косметические средства для детей и беременных,1,Fact,1367927286,2066384326,22.01.2021 12:40:23
202009,Beauty,Health&Beauty,Уход и гигиена,1,Fact,2697762397,2588391879,22.01.2021 12:40:23
202009,Beauty,Health&Beauty,Уход и гигиена,0,Fact,1374207703,501904028,22.01.2021 12:40:23
202009,Beauty,Health&Beauty,Косметические аксессуары,0,Fact,3935086160,1418876017,22.01.2021 12:40:23
202009,Beauty,Health&Beauty,Декоративная косметика,1,Fact,805698680,3712243331,22.12.2020 12:40:23
202009,Beauty,Health&Beauty,Косметика для ухода за волосами,0,Fact,2782283116,2844392951,22.12.2020 12:40:23
202009,Beauty,Health&Beauty,Косметика для ухода за кожей,0,Fact,2513036573,21303396,22.12.2020 12:40:23
202009,Beauty,Health&Beauty,Косметика для ухода за кожей,1,Fact,2168153584,1396348186,22.12.2020 12:40:23
202009,Beauty,Health&Beauty,Декоративная косметика,0,Fact,3762608092,971784154,22.12.2020 12:40:23
202009,Beauty,Health&Beauty,Косметические средства для детей и беременных,0,Fact,84023614,1855842825,22.12.2020 12:40:23
202009,Beauty,Health&Beauty,Косметика для ухода за волосами,1,Fact,243542853,733722072,22.12.2020 12:40:23
202009,Beauty,Health&Beauty,Косметические средства для детей и беременных,1,Fact,2224972290,3768740365,22.12.2020 12:40:23
202009,Beauty,Health&Beauty,Косметические аксессуары,0,Fact,4207470684,2330670217,22.12.2020 12:40:23
202009,Beauty,Health&Beauty,Уход и гигиена,1,Fact,3428872903,794668313,22.12.2020 12:40:23
202009,Beauty,Health&Beauty,Косметическая техника,0,Fact,3903060641,1346437306,22.12.2020 12:40:23
202009,Beauty,Health&Beauty,Парфюмерия  ароматерапия,0,Fact,4079277873,1651379675,22.12.2020 12:40:23
202009,Beauty,Health&Beauty,Уход и гигиена,0,Fact,3999443659,1160297189,22.12.2020 12:40:23
202009,Beauty,Jewelry,Ювелирные изделия,0,Fact,1357208750,3514066645,22.01.2021 12:40:23
202009,Beauty,Jewelry,Ювелирные изделия,0,Fact,4173666952,1501190809,22.12.2020 12:40:23
202009,Beauty,Pharmacy,Медицинские изделия,1,Fact,2087749776,1481527762,22.01.2021 12:40:23
202009,Beauty,Pharmacy,Товары для взрослых,0,Fact,3080832648,2463972487,22.01.2021 12:40:23
202009,Beauty,Pharmacy,Лекарственные средства для животных,0,Fact,3985210011,1669184879,22.01.2021 12:40:23
202009,Beauty,Pharmacy,Медицинские изделия,0,Fact,3617448511,3328902513,22.01.2021 12:40:23
202009,Beauty,Pharmacy,Профессиональный уход за полостью рта,0,Fact,1078278994,1907639645,22.01.2021 12:40:23
202009,Beauty,Pharmacy,Парафармацевтика,1,Fact,3084071402,640502696,22.01.2021 12:40:23
202009,Beauty,Pharmacy,Медицинская техника,0,Fact,3065540541,1160085554,22.01.2021 12:40:23
202009,Beauty,Pharmacy,Парафармацевтика,0,Fact,2818698508,1991456918,22.01.2021 12:40:23
202009,Beauty,Pharmacy,Товары для взрослых,1,Fact,3411430168,3534179153,22.01.2021 12:40:23
202009,Beauty,Pharmacy,Антибактериальные  дезинфицирующие средства,1,Fact,3554365322,1034932172,22.01.2021 12:40:23
202009,Beauty,Pharmacy,Уход и гигиена,1,Fact,3071008256,835683578,22.01.2021 12:40:23
202009,Beauty,Pharmacy,Тату,0,Fact,150815256,327095631,22.01.2021 12:40:23
202009,Beauty,Pharmacy,Средства реабилитации,1,Fact,1503866797,821479188,22.01.2021 12:40:23
202009,Beauty,Pharmacy,Средства реабилитации,0,Fact,1142501558,814038553,22.01.2021 12:40:23
202009,Beauty,Pharmacy,Оптика,0,Fact,3816645184,772333595,22.01.2021 12:40:23
202009,Beauty,Pharmacy,Уход и гигиена,0,Fact,29848964,2526928494,22.01.2021 12:40:23
202009,Beauty,Pharmacy,Лекарственные средства,0,Fact,1717032633,4083024909,22.01.2021 12:40:23
202009,Beauty,Pharmacy,Спортивное питание,0,Fact,2223764973,2791298653,22.01.2021 12:40:23
202009,Beauty,Pharmacy,Оптика,1,Fact,3429703706,992489393,22.01.2021 12:40:23
202009,Beauty,Pharmacy,Электронные сигареты  парители  кальяны,1,Fact,1346522868,2589693067,22.01.2021 12:40:23
202009,Beauty,Pharmacy,Витамины и БАДы,0,Fact,3335349115,2254570356,22.01.2021 12:40:23
202009,Beauty,Pharmacy,Антибактериальные  дезинфицирующие средства,0,Fact,3353583406,937483537,22.01.2021 12:40:23
202009,Beauty,Pharmacy,Электронные сигареты  парители  кальяны,0,Fact,1649981264,3556721445,22.01.2021 12:40:23
202009,Beauty,Pharmacy,Ортопедия и компрессионный трикотаж,0,Fact,1822608371,1335399469,22.01.2021 12:40:23
202009,Beauty,Pharmacy,Электронные сигареты  парители  кальяны,1,Fact,1997236172,682934159,22.12.2020 12:40:23
202009,Beauty,Pharmacy,Парафармацевтика,1,Fact,2417886534,3875492420,22.12.2020 12:40:23
202009,Beauty,Pharmacy,Медицинская техника,0,Fact,1937150335,277716012,22.12.2020 12:40:23
202009,Beauty,Pharmacy,Товары для взрослых,1,Fact,2999954157,3918777432,22.12.2020 12:40:23
202009,Beauty,Pharmacy,Антибактериальные  дезинфицирующие средства,1,Fact,3048808994,897962118,22.12.2020 12:40:23
202009,Beauty,Pharmacy,Электронные сигареты  парители  кальяны,0,Fact,4180058319,2390242590,22.12.2020 12:40:23
202009,Beauty,Pharmacy,Уход и гигиена,1,Fact,1302942338,2330036163,22.12.2020 12:40:23
202009,Beauty,Pharmacy,Медицинские изделия,1,Fact,3449638623,109107294,22.12.2020 12:40:23
202009,Beauty,Pharmacy,Товары для взрослых,0,Fact,2681775810,3002465128,22.12.2020 12:40:23
202009,Beauty,Pharmacy,Лекарственные средства для животных,0,Fact,763223480,4242676366,22.12.2020 12:40:23
202009,Beauty,Pharmacy,Тату,0,Fact,2506065697,162643012,22.12.2020 12:40:23
202009,Beauty,Pharmacy,Медицинские изделия,0,Fact,3245164567,957422650,22.12.2020 12:40:23
202009,Beauty,Pharmacy,Профессиональный уход за полостью рта,0,Fact,2270078860,1070540634,22.12.2020 12:40:23
202009,Beauty,Pharmacy,Парафармацевтика,0,Fact,2681500397,3227275895,22.12.2020 12:40:23
202009,Beauty,Pharmacy,Средства реабилитации,1,Fact,1642697506,1289745982,22.12.2020 12:40:23
202009,Beauty,Pharmacy,Оптика,1,Fact,4171377672,2071434494,22.12.2020 12:40:23
202009,Beauty,Pharmacy,Средства реабилитации,0,Fact,1362767748,1317040610,22.12.2020 12:40:23
202009,Beauty,Pharmacy,Витамины и БАДы,0,Fact,3269138274,3390208835,22.12.2020 12:40:23
202009,Beauty,Pharmacy,Антибактериальные  дезинфицирующие средства,0,Fact,875753020,226840408,22.12.2020 12:40:23
202009,Beauty,Pharmacy,Ортопедия и компрессионный трикотаж,0,Fact,3001604646,3503172937,22.12.2020 12:40:23
202009,Beauty,Pharmacy,Оптика,0,Fact,2759878342,678423348,22.12.2020 12:40:23
202009,Beauty,Pharmacy,Уход и гигиена,0,Fact,3971024115,854795079,22.12.2020 12:40:23
202009,Beauty,Pharmacy,Лекарственные средства,0,Fact,1504397751,2491633252,22.12.2020 12:40:23
202009,Beauty,Pharmacy,Спортивное питание,0,Fact,726122604,1642975452,22.12.2020 12:40:23
202009,ES + Home,Auto&Moto,Универсальные авто и мото аксессуары,0,Fact,2941771284,2436009687,22.01.2021 12:40:23
202009,ES + Home,Auto&Moto,Шины и диски,0,Fact,1468340352,3736204986,22.01.2021 12:40:23
202009,ES + Home,Auto&Moto,Автомобили и мототехника,0,Fact,1685838871,4256035645,22.01.2021 12:40:23
202009,ES + Home,Auto&Moto,Масла и автохимия,0,Fact,4271554104,750319252,22.01.2021 12:40:23
202009,ES + Home,Auto&Moto,Дополнительное оборудование для авто и мото техники,0,Fact,4161201811,4130839941,22.01.2021 12:40:23
202009,ES + Home,Auto&Moto,Авто и мото запчасти,0,Fact,794300028,2406969715,22.01.2021 12:40:23
202009,ES + Home,Auto&Moto,Автоинструменты и гаражное оборудование,0,Fact,2297573687,3397478414,22.01.2021 12:40:23
202009,ES + Home,Auto&Moto,Универсальные авто и мото аксессуары,0,Fact,3898400565,2697273938,22.12.2020 12:40:23
202009,ES + Home,Auto&Moto,Автомобили и мототехника,0,Fact,1375953425,3131526046,22.12.2020 12:40:23
202009,ES + Home,Auto&Moto,Масла и автохимия,0,Fact,4211494,1727349262,22.12.2020 12:40:23
202009,ES + Home,Auto&Moto,Авто и мото запчасти,0,Fact,3941686511,1147621311,22.12.2020 12:40:23
202009,ES + Home,Auto&Moto,Дополнительное оборудование для авто и мото техники,0,Fact,344911192,3839460000,22.12.2020 12:40:23
202009,ES + Home,Auto&Moto,Шины и диски,0,Fact,3322693333,1874656731,22.12.2020 12:40:23
202009,ES + Home,Auto&Moto,Автоинструменты и гаражное оборудование,0,Fact,3839842961,533294439,22.12.2020 12:40:23
202009,ES + Home,Books,Second-hand книга,0,Fact,2415373142,3675753936,22.01.2021 12:40:23
202009,ES + Home,Books,Иностранное издание,0,Fact,696987945,767010506,22.01.2021 12:40:23
202009,ES + Home,Books,Календари,0,Fact,231122190,373254236,22.01.2021 12:40:23
202009,ES + Home,Books,Антикварное издание,0,Fact,4070827972,1079147027,22.01.2021 12:40:23
202009,ES + Home,Books,Книга по требованию,0,Fact,2144353956,3254187979,22.01.2021 12:40:23
202009,ES + Home,Books,Современные картографические издания,0,Fact,538948152,747719202,22.01.2021 12:40:23
202009,ES + Home,Books,Нехудожественная литература,0,Fact,3794925794,3787740704,22.01.2021 12:40:23
202009,ES + Home,Books,Книги детям и родителям,0,Fact,2361158505,1847911763,22.01.2021 12:40:23
202009,ES + Home,Books,Комиксы,0,Fact,2656041853,3639271161,22.01.2021 12:40:23
202009,ES + Home,Books,Литература на иностранном языке,0,Fact,4079945931,1184421786,22.01.2021 12:40:23
202009,ES + Home,Books,Художественная литература,0,Fact,394155987,2889872539,22.01.2021 12:40:23
202009,ES + Home,Books,Современные листовые издания,0,Fact,972958806,1157567433,22.01.2021 12:40:23
202009,ES + Home,Books,Бизнес-литература,0,Fact,2310370322,1929417676,22.01.2021 12:40:23
202009,ES + Home,Books,Современная печатная книга,0,Fact,1923972944,4195731779,22.01.2021 12:40:23
202009,ES + Home,Books,Учебная литература,0,Fact,2114475545,1491853336,22.01.2021 12:40:23
202009,ES + Home,Books,Аудиокнига,0,Fact,4037791691,1536193254,22.01.2021 12:40:23
202009,ES + Home,Books,ПО на физических носителях,0,Fact,1927753796,1475781408,22.01.2021 12:40:23
202009,ES + Home,Books,Манга,0,Fact,2791585272,1428181222,22.01.2021 12:40:23
202009,ES + Home,Books,Блокноты с ISBN,0,Fact,2299629797,4257196896,22.01.2021 12:40:23
202009,ES + Home,Books,Букинистическое издание,0,Fact,2488644316,1088019044,22.01.2021 12:40:23
202009,ES + Home,Books,Цифровая книга,0,Fact,3911115101,4113375576,22.01.2021 12:40:23
202009,ES + Home,Books,Цифровая аудиокнига,0,Fact,2293435488,2653613480,22.01.2021 12:40:23
202009,ES + Home,Books,Нехудожественная литература,0,Fact,1996211238,1764999045,22.12.2020 12:40:23
202009,ES + Home,Books,Книги детям и родителям,0,Fact,2013255386,2566447839,22.12.2020 12:40:23
202009,ES + Home,Books,Комиксы,0,Fact,279524211,4272180787,22.12.2020 12:40:23
202009,ES + Home,Books,Литература на иностранном языке,0,Fact,2092205940,2877218886,22.12.2020 12:40:23
202009,ES + Home,Books,Современные листовые издания,0,Fact,2771037446,381227217,22.12.2020 12:40:23
202009,ES + Home,Books,Современная печатная книга,0,Fact,2438109440,3205866914,22.12.2020 12:40:23
202009,ES + Home,Books,Учебная литература,0,Fact,1569106303,112542377,22.12.2020 12:40:23
202009,ES + Home,Books,Аудиокнига,0,Fact,1168004300,3359181805,22.12.2020 12:40:23
202009,ES + Home,Books,Second-hand книга,0,Fact,2687009314,3435657734,22.12.2020 12:40:23
202009,ES + Home,Books,Иностранное издание,0,Fact,3269651110,659618552,22.12.2020 12:40:23
202009,ES + Home,Books,Календари,0,Fact,2627257325,1875355591,22.12.2020 12:40:23
202009,ES + Home,Books,Антикварное издание,0,Fact,2379215919,3395402473,22.12.2020 12:40:23
202009,ES + Home,Books,Книга по требованию,0,Fact,3417187309,3190283763,22.12.2020 12:40:23
202009,ES + Home,Books,Современные картографические издания,0,Fact,2739813735,762157240,22.12.2020 12:40:23
202009,ES + Home,Books,ПО на физических носителях,0,Fact,4019299497,4275356764,22.12.2020 12:40:23
202009,ES + Home,Books,Художественная литература,0,Fact,944009714,1039962961,22.12.2020 12:40:23
202009,ES + Home,Books,Блокноты с ISBN,0,Fact,750835038,1524925541,22.12.2020 12:40:23
202009,ES + Home,Books,Бизнес-литература,0,Fact,1954802572,2770275275,22.12.2020 12:40:23
202009,ES + Home,Books,Букинистическое издание,0,Fact,2601889691,3519951052,22.12.2020 12:40:23
202009,ES + Home,Books,Цифровая книга,0,Fact,2463999183,3183085463,22.12.2020 12:40:23
202009,ES + Home,Books,Цифровая аудиокнига,0,Fact,704745768,2389668712,22.12.2020 12:40:23
202009,ES + Home,Books,Манга,0,Fact,1590510474,3063273851,22.12.2020 12:40:23
202009,ES + Home,Digital,Програмное обеспечение Digital,0,Fact,3849057855,318409140,22.01.2021 12:40:23
202009,ES + Home,Digital,Програмное обеспечение Digital,0,Fact,3122466035,1929917450,22.12.2020 12:40:23
202009,ES + Home,DIY,Сантехника,0,Fact,80442664,542679755,22.01.2021 12:40:23
202009,ES + Home,DIY,Инструменты,0,Fact,149492321,4184049175,22.01.2021 12:40:23
202009,ES + Home,DIY,Фильтры для воды,0,Fact,1323367623,1344799574,22.01.2021 12:40:23
202009,ES + Home,DIY,Освещение,0,Fact,960248209,2148391571,22.01.2021 12:40:23
202009,ES + Home,DIY,Ремонт и строительство,0,Fact,846802326,147694448,22.01.2021 12:40:23
202009,ES + Home,DIY,Сад и огород,0,Fact,962031792,1973367376,22.01.2021 12:40:23
202009,ES + Home,DIY,Сад и огород,1,Fact,1720003191,2653321187,22.01.2021 12:40:23
202009,ES + Home,DIY,Инструменты,0,Fact,2357101150,2369649217,22.12.2020 12:40:23
202009,ES + Home,DIY,Фильтры для воды,0,Fact,2601705775,3949982503,22.12.2020 12:40:23
202009,ES + Home,DIY,Ремонт и строительство,0,Fact,2393893101,3267867329,22.12.2020 12:40:23
202009,ES + Home,DIY,Освещение,0,Fact,3584145640,3818421223,22.12.2020 12:40:23
202009,ES + Home,DIY,Сантехника,0,Fact,467635659,4230224496,22.12.2020 12:40:23
202009,ES + Home,DIY,Сад и огород,1,Fact,1785916669,4269240673,22.12.2020 12:40:23
202009,ES + Home,DIY,Сад и огород,0,Fact,4186894617,424431427,22.12.2020 12:40:23
202009,ES + Home,Furniture,Корпусная мебель и мебель для хранения,0,Fact,4239769573,2887196131,22.01.2021 12:40:23
202009,ES + Home,Furniture,Столы и стулья,0,Fact,1753587978,3287868618,22.01.2021 12:40:23
202009,ES + Home,Furniture,Компьютерная и офисная мебель,0,Fact,1949618662,3486069180,22.01.2021 12:40:23
202009,ES + Home,Furniture,Прочая мебель,0,Fact,2461019461,2256248490,22.01.2021 12:40:23
202009,ES + Home,Furniture,Мебель для сада,0,Fact,554651775,2599350,22.01.2021 12:40:23
202009,ES + Home,Furniture,Мебель для сна,0,Fact,2084480123,2691024483,22.01.2021 12:40:23
202009,ES + Home,Furniture,Мягкая мебель,0,Fact,688318835,277912533,22.01.2021 12:40:23
202009,ES + Home,Furniture,Компьютерная и офисная мебель,0,Fact,3943944650,4163591300,22.12.2020 12:40:23
202009,ES + Home,Furniture,Прочая мебель,0,Fact,1697081488,2213586213,22.12.2020 12:40:23
202009,ES + Home,Furniture,Мебель для сада,0,Fact,2677292761,127436396,22.12.2020 12:40:23
202009,ES + Home,Furniture,Корпусная мебель и мебель для хранения,0,Fact,1472587235,1947655256,22.12.2020 12:40:23
202009,ES + Home,Furniture,Столы и стулья,0,Fact,2914342673,3788279438,22.12.2020 12:40:23
202009,ES + Home,Furniture,Мебель для сна,0,Fact,3041383504,1471416674,22.12.2020 12:40:23
202009,ES + Home,Furniture,Мягкая мебель,0,Fact,3843861501,853285917,22.12.2020 12:40:23
202009,ES + Home,Household,Интерьер и декор,0,Fact,2768308454,993047238,22.01.2021 12:40:23
202009,ES + Home,Household,Домашний текстиль,0,Fact,524561323,520217899,22.01.2021 12:40:23
202009,ES + Home,Household,Кухня,1,Fact,3169876039,779461425,22.01.2021 12:40:23
202009,ES + Home,Household,Кухня,0,Fact,4211977290,2736210977,22.01.2021 12:40:23
202009,ES + Home,Household,Хранение,0,Fact,1856801324,2491620109,22.01.2021 12:40:23
202009,ES + Home,Household,Аксессуары для уборки и стирки,1,Fact,1169669661,724044854,22.01.2021 12:40:23
202009,ES + Home,Household,Принадлежности для Нового года,0,Fact,947812301,2669805727,22.01.2021 12:40:23
202009,ES + Home,Household,Антиквариат Хоум Декор,0,Fact,3701054451,753197004,22.01.2021 12:40:23
202009,ES + Home,Household,Ванная комната,0,Fact,489983443,2429691120,22.01.2021 12:40:23
202009,ES + Home,Household,Ритуальные изделия,0,Fact,2433042362,2795538986,22.01.2021 12:40:23
202009,ES + Home,Household,Аксессуары для уборки и стирки,0,Fact,3344562536,4257067214,22.01.2021 12:40:23
202009,ES + Home,Household,Интерьер и декор,0,Fact,396346549,3744464382,22.12.2020 12:40:23
202009,ES + Home,Household,Домашний текстиль,0,Fact,2184112382,1866815242,22.12.2020 12:40:23
202009,ES + Home,Household,Кухня,1,Fact,2071747322,3213353123,22.12.2020 12:40:23
202009,ES + Home,Household,Кухня,0,Fact,3696144368,2612255092,22.12.2020 12:40:23
202009,ES + Home,Household,Хранение,0,Fact,2505374158,451411359,22.12.2020 12:40:23
202009,ES + Home,Household,Аксессуары для уборки и стирки,0,Fact,1451030818,1949710865,22.12.2020 12:40:23
202009,ES + Home,Household,Ванная комната,0,Fact,3019322576,3044230136,22.12.2020 12:40:23
202009,ES + Home,Household,Аксессуары для уборки и стирки,1,Fact,2063512943,786612636,22.12.2020 12:40:23
202009,ES + Home,Household,Принадлежности для Нового года,0,Fact,4269479592,3114773145,22.12.2020 12:40:23
202009,ES + Home,Household,Ритуальные изделия,0,Fact,3963801941,517447016,22.12.2020 12:40:23
202009,ES + Home,Household,Антиквариат Хоум Декор,0,Fact,2631424287,2814302188,22.12.2020 12:40:23
202009,ES + Home,Laptops & Computers,Компьютерная офисная техника Lap&Comp,0,Fact,489416917,2267810519,22.01.2021 12:40:23
202009,ES + Home,Laptops & Computers,Расходный материал для электроники Lap&Comp,0,Fact,3071773153,2887782459,22.01.2021 12:40:23
202009,ES + Home,Laptops & Computers,Компьютеры Lap&Comp,0,Fact,724905108,771536708,22.01.2021 12:40:23
202009,ES + Home,Laptops & Computers,Компьютерная периферия Lap&Comp,0,Fact,2829796881,993031199,22.01.2021 12:40:23
202009,ES + Home,Laptops & Computers,Домашняя Аудио и Видеотехника Lap&Comp,0,Fact,2904333357,3743030126,22.01.2021 12:40:23
202009,ES + Home,Laptops & Computers,Компьютерная офисная техника Lap&Comp,0,Fact,2618243867,1948397721,22.12.2020 12:40:23
202009,ES + Home,Laptops & Computers,Расходный материал для электроники Lap&Comp,0,Fact,669234810,2637750455,22.12.2020 12:40:23
202009,ES + Home,Laptops & Computers,Компьютеры Lap&Comp,0,Fact,3758571869,414908595,22.12.2020 12:40:23
202009,ES + Home,Laptops & Computers,Компьютерная периферия Lap&Comp,0,Fact,2062628105,2256452030,22.12.2020 12:40:23
202009,ES + Home,Laptops & Computers,Домашняя Аудио и Видеотехника Lap&Comp,0,Fact,1531210934,2858330233,22.12.2020 12:40:23
202009,ES + Home,Major Domestic Appliances,Крупная бытовая техника MDA,0,Fact,2094600235,1340577910,22.01.2021 12:40:23
202009,ES + Home,Major Domestic Appliances,Крупная бытовая техника MDA,0,Fact,3402851905,2028608518,22.12.2020 12:40:23
202009,ES + Home,Miscellaneous accessories,Бытовая техника Access,0,Fact,4114258497,2530368703,22.01.2021 12:40:23
202009,ES + Home,Miscellaneous accessories,Компьютеры Access,0,Fact,976180479,1725734916,22.01.2021 12:40:23
202009,ES + Home,Miscellaneous accessories,Расходный материал для электроники Access,0,Fact,2626611410,3259179296,22.01.2021 12:40:23
202009,ES + Home,Miscellaneous accessories,Оборудование Access,0,Fact,3786759111,2143709852,22.01.2021 12:40:23
202009,ES + Home,Miscellaneous accessories,Электронные товары хобби и отдых Access,0,Fact,1689050439,3445737877,22.01.2021 12:40:23
202009,ES + Home,Miscellaneous accessories,Автомобильная техника Access,0,Fact,1368029591,439844064,22.01.2021 12:40:23
202009,ES + Home,Miscellaneous accessories,Домашняя Аудио и Видеотехника Access,0,Fact,2865357822,1007529042,22.01.2021 12:40:23
202009,ES + Home,Miscellaneous accessories,Компьютерная периферия Access,0,Fact,2516469172,1850643524,22.01.2021 12:40:23
202009,ES + Home,Miscellaneous accessories,Игровые приставки и аксессуары Access,0,Fact,1628126502,3897664889,22.01.2021 12:40:23
202009,ES + Home,Miscellaneous accessories,Электропитание Access,1,Fact,583140312,3984757558,22.01.2021 12:40:23
202009,ES + Home,Miscellaneous accessories,Фото и видео Access,0,Fact,2207317108,2284482211,22.01.2021 12:40:23
202009,ES + Home,Miscellaneous accessories,Средства связи Access,0,Fact,498596102,2006113670,22.01.2021 12:40:23
202009,ES + Home,Miscellaneous accessories,Средства связи Access,1,Fact,3804094242,4245433243,22.01.2021 12:40:23
202009,ES + Home,Miscellaneous accessories,Электропитание Access,0,Fact,190568675,1688355099,22.01.2021 12:40:23
202009,ES + Home,Miscellaneous accessories,Компьютеры Access,0,Fact,191573231,414250672,22.12.2020 12:40:23
202009,ES + Home,Miscellaneous accessories,Фото и видео Access,0,Fact,4776944,3863511611,22.12.2020 12:40:23
202009,ES + Home,Miscellaneous accessories,Оборудование Access,0,Fact,1297542629,979225523,22.12.2020 12:40:23
202009,ES + Home,Miscellaneous accessories,Бытовая техника Access,0,Fact,4026095974,645339855,22.12.2020 12:40:23
202009,ES + Home,Miscellaneous accessories,Электронные товары хобби и отдых Access,0,Fact,3348805508,4160234744,22.12.2020 12:40:23
202009,ES + Home,Miscellaneous accessories,Расходный материал для электроники Access,0,Fact,1392657049,1667043371,22.12.2020 12:40:23
202009,ES + Home,Miscellaneous accessories,Средства связи Access,0,Fact,328240935,1103168773,22.12.2020 12:40:23
202009,ES + Home,Miscellaneous accessories,Средства связи Access,1,Fact,2345539654,3671395716,22.12.2020 12:40:23
202009,ES + Home,Miscellaneous accessories,Электропитание Access,1,Fact,3253926594,2130483924,22.12.2020 12:40:23
202009,ES + Home,Miscellaneous accessories,Автомобильная техника Access,0,Fact,2650545382,2652124152,22.12.2020 12:40:23
202009,ES + Home,Miscellaneous accessories,Домашняя Аудио и Видеотехника Access,0,Fact,1987068293,3898471806,22.12.2020 12:40:23
202009,ES + Home,Miscellaneous accessories,Электропитание Access,0,Fact,3174815193,2076291605,22.12.2020 12:40:23
202009,ES + Home,Miscellaneous accessories,Компьютерная периферия Access,0,Fact,2050575756,2609942223,22.12.2020 12:40:23
202009,ES + Home,Miscellaneous accessories,Игровые приставки и аксессуары Access,0,Fact,2850821747,3599580413,22.12.2020 12:40:23
202009,ES + Home,Small Domestic Appliances,Мелкая бытовая техника SDA,0,Fact,239222305,1094935541,22.01.2021 12:40:23
202009,ES + Home,Small Domestic Appliances,Мелкая бытовая техника SDA,1,Fact,259863708,273620935,22.01.2021 12:40:23
202009,ES + Home,Small Domestic Appliances,Оборудование SDA,0,Fact,1626141422,1236869998,22.01.2021 12:40:23
202009,ES + Home,Small Domestic Appliances,Мелкая бытовая техника SDA,0,Fact,3542150544,2281698751,22.12.2020 12:40:23
202009,ES + Home,Small Domestic Appliances,Мелкая бытовая техника SDA,1,Fact,4089546990,2960968470,22.12.2020 12:40:23
202009,ES + Home,Small Domestic Appliances,Оборудование SDA,0,Fact,2906736512,1131750198,22.12.2020 12:40:23
202009,ES + Home,Smartphones & Tablets,Компьютеры Smart&Tablets,0,Fact,3209357417,1245830860,22.01.2021 12:40:23
202009,ES + Home,Smartphones & Tablets,Средства связи Smart&Tablets,1,Fact,2687500141,2309490710,22.01.2021 12:40:23
202009,ES + Home,Smartphones & Tablets,Средства связи Smart&Tablets,0,Fact,2452020887,537106854,22.01.2021 12:40:23
202009,ES + Home,Smartphones & Tablets,Компьютеры Smart&Tablets,0,Fact,3551225064,774846423,22.12.2020 12:40:23
202009,ES + Home,Smartphones & Tablets,Средства связи Smart&Tablets,1,Fact,3223973093,1596182333,22.12.2020 12:40:23
202009,ES + Home,Smartphones & Tablets,Средства связи Smart&Tablets,0,Fact,3915860029,3078071394,22.12.2020 12:40:23
202009,ES + Home,Sport,Летние виды спорта,0,Fact,287010086,844773660,22.01.2021 12:40:23
202009,ES + Home,Sport,Всесезонные виды спорта,0,Fact,2165465844,1843468649,22.01.2021 12:40:23
202009,ES + Home,Sport,Зимние виды спорта,0,Fact,3082155324,2038862807,22.01.2021 12:40:23
202009,ES + Home,Sport,Цирковое искусство,0,Fact,1015597252,795617966,22.01.2021 12:40:23
202009,ES + Home,Sport,Товары для рыбалки,0,Fact,492217464,2320541122,22.01.2021 12:40:23
202009,ES + Home,Sport,Единоборства,0,Fact,2065240289,697054272,22.01.2021 12:40:23
202009,ES + Home,Sport,Туризм,0,Fact,1988386442,319798356,22.01.2021 12:40:23
202009,ES + Home,Sport,Тренажеры и фитнес,0,Fact,564035930,3778546129,22.01.2021 12:40:23
202009,ES + Home,Sport,Страйкбол и пневматика,0,Fact,2486182619,2053798464,22.01.2021 12:40:23
202009,ES + Home,Sport,Товары для охоты,0,Fact,1960424930,593380472,22.01.2021 12:40:23
202009,ES + Home,Sport,Спортивные аксессуары,0,Fact,939761564,348302723,22.01.2021 12:40:23
202009,ES + Home,Sport,Цирковое искусство,0,Fact,2731415949,718357739,22.12.2020 12:40:23
202009,ES + Home,Sport,Товары для рыбалки,0,Fact,2146919879,1500168974,22.12.2020 12:40:23
202009,ES + Home,Sport,Спортивные аксессуары,0,Fact,3817364092,2852828926,22.12.2020 12:40:23
202009,ES + Home,Sport,Летние виды спорта,0,Fact,3067914304,371389687,22.12.2020 12:40:23
202009,ES + Home,Sport,Всесезонные виды спорта,0,Fact,2977591842,207939492,22.12.2020 12:40:23
202009,ES + Home,Sport,Зимние виды спорта,0,Fact,2732737470,2334234886,22.12.2020 12:40:23
202009,ES + Home,Sport,Товары для охоты,0,Fact,1584713514,3401472971,22.12.2020 12:40:23
202009,ES + Home,Sport,Единоборства,0,Fact,3188742161,2791162345,22.12.2020 12:40:23
202009,ES + Home,Sport,Туризм,0,Fact,3325481969,1294269125,22.12.2020 12:40:23
202009,ES + Home,Sport,Тренажеры и фитнес,0,Fact,3070147280,3689418356,22.12.2020 12:40:23
202009,ES + Home,Sport,Страйкбол и пневматика,0,Fact,2709346862,2247357387,22.12.2020 12:40:23
202009,ES + Home,TV  audio  Hi-Fi & other electronics,Домашняя Аудио и Видеотехника TV&Audio,0,Fact,418209501,3592615793,22.01.2021 12:40:23
202009,ES + Home,TV  audio  Hi-Fi & other electronics,Movie,0,Fact,738035934,2275119056,22.01.2021 12:40:23
202009,ES + Home,TV  audio  Hi-Fi & other electronics,Автомобильная техника TV&Audio,0,Fact,741732278,660381207,22.01.2021 12:40:23
202009,ES + Home,TV  audio  Hi-Fi & other electronics,Портативная аудиотехника TV&Audio,0,Fact,323056032,172354990,22.01.2021 12:40:23
202009,ES + Home,TV  audio  Hi-Fi & other electronics,Компьютеры TV&Audio,0,Fact,1147361095,3996154079,22.01.2021 12:40:23
202009,ES + Home,TV  audio  Hi-Fi & other electronics,Портативная аудиотехника TV&Audio,1,Fact,2438913561,2491442980,22.01.2021 12:40:23
202009,ES + Home,TV  audio  Hi-Fi & other electronics,Средства связи TV&Audio,1,Fact,2313283318,3250494122,22.01.2021 12:40:23
202009,ES + Home,TV  audio  Hi-Fi & other electronics,Фан атрибутика TV&Audio,0,Fact,1704163799,724875027,22.01.2021 12:40:23
202009,ES + Home,TV  audio  Hi-Fi & other electronics,Music,0,Fact,3798807074,1212583272,22.01.2021 12:40:23
202009,ES + Home,TV  audio  Hi-Fi & other electronics,Электронные товары хобби и отдых TV&Audio,0,Fact,2109668841,249798996,22.01.2021 12:40:23
202009,ES + Home,TV  audio  Hi-Fi & other electronics,Програмное обеспечение TV&Audio,0,Fact,522726719,2201737772,22.01.2021 12:40:23
202009,ES + Home,TV  audio  Hi-Fi & other electronics,Средства связи TV&Audio,0,Fact,1620571476,1666681978,22.01.2021 12:40:23
202009,ES + Home,TV  audio  Hi-Fi & other electronics,Игровые приставки и аксессуары TV&Audio,0,Fact,1722282077,2408280809,22.01.2021 12:40:23
202009,ES + Home,TV  audio  Hi-Fi & other electronics,Система безопасности TV&Audio,0,Fact,2889750591,1367348892,22.01.2021 12:40:23
202009,ES + Home,TV  audio  Hi-Fi & other electronics,Компьютерная периферия TV&Audio,0,Fact,3843041500,3389970842,22.01.2021 12:40:23
202009,ES + Home,TV  audio  Hi-Fi & other electronics,Фото и видео TV&Audio,0,Fact,1185938935,4228620660,22.01.2021 12:40:23
202009,ES + Home,TV  audio  Hi-Fi & other electronics,Movie,0,Fact,888735990,2812018301,22.12.2020 12:40:23
202009,ES + Home,TV  audio  Hi-Fi & other electronics,Домашняя Аудио и Видеотехника TV&Audio,0,Fact,3326696139,1889890526,22.12.2020 12:40:23
202009,ES + Home,TV  audio  Hi-Fi & other electronics,Компьютеры TV&Audio,0,Fact,1724870269,4153990740,22.12.2020 12:40:23
202009,ES + Home,TV  audio  Hi-Fi & other electronics,Средства связи TV&Audio,1,Fact,1465101836,80194967,22.12.2020 12:40:23
202009,ES + Home,TV  audio  Hi-Fi & other electronics,Игровые приставки и аксессуары TV&Audio,0,Fact,3723665574,2440153401,22.12.2020 12:40:23
202009,ES + Home,TV  audio  Hi-Fi & other electronics,Фан атрибутика TV&Audio,0,Fact,2300273631,1693793869,22.12.2020 12:40:23
202009,ES + Home,TV  audio  Hi-Fi & other electronics,Портативная аудиотехника TV&Audio,0,Fact,2881126010,3523256339,22.12.2020 12:40:23
202009,ES + Home,TV  audio  Hi-Fi & other electronics,Портативная аудиотехника TV&Audio,1,Fact,1858902111,1850991551,22.12.2020 12:40:23
202009,ES + Home,TV  audio  Hi-Fi & other electronics,Электронные товары хобби и отдых TV&Audio,0,Fact,1639069338,1100614903,22.12.2020 12:40:23
202009,ES + Home,TV  audio  Hi-Fi & other electronics,Програмное обеспечение TV&Audio,0,Fact,301200889,2065280146,22.12.2020 12:40:23
202009,ES + Home,TV  audio  Hi-Fi & other electronics,Средства связи TV&Audio,0,Fact,157671587,2500556491,22.12.2020 12:40:23
202009,ES + Home,TV  audio  Hi-Fi & other electronics,Компьютерная периферия TV&Audio,0,Fact,2456858809,1164809570,22.12.2020 12:40:23
202009,ES + Home,TV  audio  Hi-Fi & other electronics,Фото и видео TV&Audio,0,Fact,987443523,2803806539,22.12.2020 12:40:23
202009,ES + Home,TV  audio  Hi-Fi & other electronics,Автомобильная техника TV&Audio,0,Fact,277301623,1068140116,22.12.2020 12:40:23
202009,ES + Home,TV  audio  Hi-Fi & other electronics,Система безопасности TV&Audio,0,Fact,382600518,3370148375,22.12.2020 12:40:23
202009,ES + Home,TV  audio  Hi-Fi & other electronics,Music,0,Fact,1376437767,1752913205,22.12.2020 12:40:23
202009,FMCG,FMCG nonfood,Уход и гигиена,0,Fact,1279513318,2671706221,22.01.2021 12:40:23
202009,FMCG,FMCG nonfood,Электроника детская,0,Fact,3979125174,2974947849,22.01.2021 12:40:23
202009,FMCG,FMCG nonfood,Кормление детское,0,Fact,2633473035,47572048,22.01.2021 12:40:23
202009,FMCG,FMCG nonfood,Детская продукция,1,Fact,4029544884,3672446612,22.01.2021 12:40:23
202009,FMCG,FMCG nonfood,Личная гигиена,0,Fact,3197735805,1112698948,22.01.2021 12:40:23
202009,FMCG,FMCG nonfood,Уход и гигиена,1,Fact,1463532611,3587017244,22.01.2021 12:40:23
202009,FMCG,FMCG nonfood,Личная гигиена,1,Fact,2634833938,377652714,22.01.2021 12:40:23
202009,FMCG,FMCG nonfood,Бытовая химия,1,Fact,539634073,2348258287,22.01.2021 12:40:23
202009,FMCG,FMCG nonfood,Детская продукция,0,Fact,1945307934,1298763183,22.01.2021 12:40:23
202009,FMCG,FMCG nonfood,Кормление детское,1,Fact,3111395559,1405425492,22.01.2021 12:40:23
202009,FMCG,FMCG nonfood,Бритвы и лезвия,1,Fact,3966935105,2283104876,22.01.2021 12:40:23
202009,FMCG,FMCG nonfood,Бритвы и лезвия,0,Fact,1880957163,1120720253,22.01.2021 12:40:23
202009,FMCG,FMCG nonfood,Бытовая химия,0,Fact,2118452454,1612605752,22.01.2021 12:40:23
202009,FMCG,FMCG nonfood,Электроника детская,0,Fact,796866797,3166426257,22.12.2020 12:40:23
202009,FMCG,FMCG nonfood,Личная гигиена,0,Fact,2734443940,1627891600,22.12.2020 12:40:23
202009,FMCG,FMCG nonfood,Уход и гигиена,1,Fact,3242025826,2633599566,22.12.2020 12:40:23
202009,FMCG,FMCG nonfood,Личная гигиена,1,Fact,3039760063,421251324,22.12.2020 12:40:23
202009,FMCG,FMCG nonfood,Бытовая химия,1,Fact,3892201983,4174844269,22.12.2020 12:40:23
202009,FMCG,FMCG nonfood,Уход и гигиена,0,Fact,4230825792,2275128088,22.12.2020 12:40:23
202009,FMCG,FMCG nonfood,Кормление детское,0,Fact,3222798008,112074126,22.12.2020 12:40:23
202009,FMCG,FMCG nonfood,Детская продукция,1,Fact,954749253,3389212269,22.12.2020 12:40:23
202009,FMCG,FMCG nonfood,Бытовая химия,0,Fact,2416810206,1436722200,22.12.2020 12:40:23
202009,FMCG,FMCG nonfood,Детская продукция,0,Fact,3302504863,843332432,22.12.2020 12:40:23
202009,FMCG,FMCG nonfood,Кормление детское,1,Fact,2245352799,4202318494,22.12.2020 12:40:23
202009,FMCG,FMCG nonfood,Бритвы и лезвия,1,Fact,3176083909,2286041618,22.12.2020 12:40:23
202009,FMCG,FMCG nonfood,Бритвы и лезвия,0,Fact,2795683389,452983773,22.12.2020 12:40:23
202009,FMCG,Food,Бакалея,1,Fact,993903670,3236888682,22.01.2021 12:40:23
202009,FMCG,Food,Молочная продукция стерилизованная,0,Fact,2795155693,2059744366,22.01.2021 12:40:23
202009,FMCG,Food,Напитки,0,Fact,318094474,3780452297,22.01.2021 12:40:23
202009,FMCG,Food,Молочная продукция стерилизованная,1,Fact,2312586350,3460365034,22.01.2021 12:40:23
202009,FMCG,Food,Напитки,1,Fact,2819004898,1465185513,22.01.2021 12:40:23
202009,FMCG,Food,Бакалея,0,Fact,3671731681,2553985287,22.01.2021 12:40:23
202009,FMCG,Food,Кондитерские изделия,0,Fact,1398839776,4052029975,22.01.2021 12:40:23
202009,FMCG,Food,Молекулярная кухня,0,Fact,4076877122,2972479533,22.01.2021 12:40:23
202009,FMCG,Food,Кондитерские изделия,1,Fact,986840966,1755614985,22.01.2021 12:40:23
202009,FMCG,Food,Детское питание,1,Fact,3632300399,1753748756,22.01.2021 12:40:23
202009,FMCG,Food,Детское питание,0,Fact,2024628677,1918947112,22.01.2021 12:40:23
202009,FMCG,Food,Молочная продукция стерилизованная,1,Fact,519690669,2502436323,22.12.2020 12:40:23
202009,FMCG,Food,Напитки,0,Fact,258981866,3661336531,22.12.2020 12:40:23
202009,FMCG,Food,Бакалея,1,Fact,1642550214,3553318845,22.12.2020 12:40:23
202009,FMCG,Food,Кондитерские изделия,0,Fact,221980800,529663118,22.12.2020 12:40:23
202009,FMCG,Food,Бакалея,0,Fact,2938318861,1138271130,22.12.2020 12:40:23
202009,FMCG,Food,Молочная продукция стерилизованная,0,Fact,4160429230,1040767749,22.12.2020 12:40:23
202009,FMCG,Food,Кондитерские изделия,1,Fact,1132401043,1350425384,22.12.2020 12:40:23
202009,FMCG,Food,Напитки,1,Fact,561063202,112515079,22.12.2020 12:40:23
202009,FMCG,Food,Детское питание,1,Fact,1616297700,2286898189,22.12.2020 12:40:23
202009,FMCG,Food,Детское питание,0,Fact,1069086977,1415248746,22.12.2020 12:40:23
202009,FMCG,Food,Молекулярная кухня,0,Fact,4065586544,1823970615,22.12.2020 12:40:23
202009,FMCG,FreshFood,Овощи  фрукты  зелень свежие,1,Fact,1800734451,4115397029,22.01.2021 12:40:23
202009,FMCG,FreshFood,Растительные аналоги Fresh,1,Fact,1515399598,1808714667,22.01.2021 12:40:23
202009,FMCG,FreshFood,Молочная продукция и яйца Fresh,1,Fact,3441685819,725845800,22.01.2021 12:40:23
202009,FMCG,FreshFood,Мясная гастрономия,1,Fact,306397122,1193141788,22.01.2021 12:40:23
202009,FMCG,FreshFood,Напитки Fresh,1,Fact,1592361074,2789152498,22.01.2021 12:40:23
202009,FMCG,FreshFood,Рыба  морепродукты,1,Fact,3128409156,666580239,22.01.2021 12:40:23
202009,FMCG,FreshFood,Хлебобулочные изделия Fresh,1,Fact,203747542,2981621793,22.01.2021 12:40:23
202009,FMCG,FreshFood,Замороженные продукты,1,Fact,1075602517,3012278045,22.01.2021 12:40:23
202009,FMCG,FreshFood,Кулинария и полуфабрикаты Fresh,1,Fact,85677710,2811394211,22.01.2021 12:40:23
202009,FMCG,FreshFood,Мясо  птица,1,Fact,2479436468,2985781748,22.01.2021 12:40:23
202009,FMCG,FreshFood,Напитки Fresh,1,Fact,4010744411,4051046443,22.12.2020 12:40:23
202009,FMCG,FreshFood,Овощи  фрукты  зелень свежие,1,Fact,1491109651,1331458281,22.12.2020 12:40:23
202009,FMCG,FreshFood,Растительные аналоги Fresh,1,Fact,1420786101,4253472707,22.12.2020 12:40:23
202009,FMCG,FreshFood,Молочная продукция и яйца Fresh,1,Fact,4250947746,2897209635,22.12.2020 12:40:23
202009,FMCG,FreshFood,Мясная гастрономия,1,Fact,1982024159,1932535259,22.12.2020 12:40:23
202009,FMCG,FreshFood,Кулинария и полуфабрикаты Fresh,1,Fact,1028485801,3358485216,22.12.2020 12:40:23
202009,FMCG,FreshFood,Мясо  птица,1,Fact,456087237,3923776648,22.12.2020 12:40:23
202009,FMCG,FreshFood,Рыба  морепродукты,1,Fact,84976022,2643407902,22.12.2020 12:40:23
202009,FMCG,FreshFood,Замороженные продукты,1,Fact,3696462340,3704635311,22.12.2020 12:40:23
202009,FMCG,FreshFood,Хлебобулочные изделия Fresh,1,Fact,3553694402,3122710445,22.12.2020 12:40:23
202009,FMCG,Moms&Kids,Творчество  хобби и игры,1,Fact,3555345901,982459551,22.01.2021 12:40:23
202009,FMCG,Moms&Kids,Игрушки,0,Fact,3982676933,4165337112,22.01.2021 12:40:23
202009,FMCG,Moms&Kids,Игрушки,1,Fact,1395992710,4059191395,22.01.2021 12:40:23
202009,FMCG,Moms&Kids,Товары для школы  канцелярия  оборудование,0,Fact,69107169,3234656724,22.01.2021 12:40:23
202009,FMCG,Moms&Kids,Товары для школы  канцелярия  оборудование,1,Fact,2323653990,3607887093,22.01.2021 12:40:23
202009,FMCG,Moms&Kids,Творчество  хобби и игры,0,Fact,26910901,971506071,22.01.2021 12:40:23
202009,FMCG,Moms&Kids,КГТ и спорт для детей,0,Fact,2748953385,2845302577,22.01.2021 12:40:23
202009,FMCG,Moms&Kids,Творчество  хобби и игры,1,Fact,1104741837,716121129,22.12.2020 12:40:23
202009,FMCG,Moms&Kids,Игрушки,0,Fact,11488989,3093891293,22.12.2020 12:40:23
202009,FMCG,Moms&Kids,Игрушки,1,Fact,96040451,1353526280,22.12.2020 12:40:23
202009,FMCG,Moms&Kids,Творчество  хобби и игры,0,Fact,3240905699,197643499,22.12.2020 12:40:23
202009,FMCG,Moms&Kids,КГТ и спорт для детей,0,Fact,2385524262,1869060857,22.12.2020 12:40:23
202009,FMCG,Moms&Kids,Товары для школы  канцелярия  оборудование,0,Fact,1639320471,448052871,22.12.2020 12:40:23
202009,FMCG,Moms&Kids,Товары для школы  канцелярия  оборудование,1,Fact,101216851,1318513625,22.12.2020 12:40:23
202009,FMCG,Zoo,Зоокорм  витамины,1,Fact,3946060539,2375107095,22.01.2021 12:40:23
202009,FMCG,Zoo,Спальное место животного,0,Fact,3008218144,810888686,22.01.2021 12:40:23
202009,FMCG,Zoo,Зоокорм  витамины,0,Fact,3371640063,3561509170,22.01.2021 12:40:23
202009,FMCG,Zoo,Фермерское хозяйство - Корма и кормовые добавки для птицеводства и животноводства,0,Fact,3223316315,3303428091,22.01.2021 12:40:23
202009,FMCG,Zoo,Товары для прогулки и дрессировки животных,1,Fact,587602889,3207935924,22.01.2021 12:40:23
202009,FMCG,Zoo,Гигиена и уход животных,1,Fact,571105105,2400794346,22.01.2021 12:40:23
202009,FMCG,Zoo,Фермерское хозяйство - Содержание  уход птицы и сельскохозяйственных животных,0,Fact,3990275058,408209601,22.01.2021 12:40:23
202009,FMCG,Zoo,Товары для прогулки и дрессировки животных,0,Fact,2730771377,2133262748,22.01.2021 12:40:23
202009,FMCG,Zoo,Гигиена и уход животных,0,Fact,657475384,593547665,22.01.2021 12:40:23
202009,FMCG,Zoo,Фермерское хозяйство - Оборудование для птицеводства и животноводства,0,Fact,1404466162,3659093414,22.01.2021 12:40:23
202009,FMCG,Zoo,Фермерское хозяйство - Товары для пчеловодства,0,Fact,1081179457,1460190749,22.01.2021 12:40:23
202009,FMCG,Zoo,Спальное место животного,0,Fact,659669638,288400092,22.12.2020 12:40:23
202009,FMCG,Zoo,Фермерское хозяйство - Корма и кормовые добавки для птицеводства и животноводства,0,Fact,631244972,520693211,22.12.2020 12:40:23
202009,FMCG,Zoo,Фермерское хозяйство - Содержание  уход птицы и сельскохозяйственных животных,0,Fact,3438177629,820958108,22.12.2020 12:40:23
202009,FMCG,Zoo,Товары для прогулки и дрессировки животных,1,Fact,994170601,1900105663,22.12.2020 12:40:23
202009,FMCG,Zoo,Гигиена и уход животных,0,Fact,3604825165,99303837,22.12.2020 12:40:23
202009,FMCG,Zoo,Фермерское хозяйство - Оборудование для птицеводства и животноводства,0,Fact,3209432186,1766595514,22.12.2020 12:40:23
202009,FMCG,Zoo,Товары для прогулки и дрессировки животных,0,Fact,1482783791,2147207538,22.12.2020 12:40:23
202009,FMCG,Zoo,Зоокорм  витамины,1,Fact,2658054711,2674714777,22.12.2020 12:40:23
202009,FMCG,Zoo,Фермерское хозяйство - Товары для пчеловодства,0,Fact,4073415501,4205775360,22.12.2020 12:40:23
202009,FMCG,Zoo,Гигиена и уход животных,1,Fact,1026539496,479122515,22.12.2020 12:40:23
202009,FMCG,Zoo,Зоокорм  витамины,0,Fact,413853684,4065125224,22.12.2020 12:40:23
202010,Beauty,Apparel,Детская одежда,0,Fact,3070589124,3589282306,22.01.2021 12:40:23
202010,Beauty,Apparel,Взрослая одежда,0,Fact,1264224309,3751146871,22.01.2021 12:40:23
202010,Beauty,Apparel,Бижутерия и часы бижутерные,0,Fact,2409711135,2804082877,27.01.2021 21:11:22
202010,Beauty,Apparel,Детская обувь,0,Fact,146452999,3292749311,22.01.2021 12:40:23
202010,Beauty,Apparel,Детская одежда,0,Fact,38765618,3127896597,27.01.2021 21:11:22
202010,Beauty,Apparel,Бижутерия и часы бижутерные,0,Fact,2414516253,2486279625,22.01.2021 12:40:23
202010,Beauty,Apparel,Взрослая одежда,0,Fact,586659873,2000599033,27.01.2021 21:11:22
202010,Beauty,Apparel,Взрослая обувь,0,Fact,3355787174,304007314,27.01.2021 21:11:22
202010,Beauty,Apparel,Взрослая обувь,0,Fact,3874446914,2644738256,22.01.2021 12:40:23
202010,Beauty,Apparel,Детская обувь,0,Fact,3503954244,571762135,27.01.2021 21:11:22
202010,Beauty,Apparel,Аксессуары для взрослых и детей,0,Fact,262804798,1502735815,22.01.2021 12:40:23
202010,Beauty,Apparel,Аксессуары для взрослых и детей,0,Fact,992254997,1869070180,27.01.2021 21:11:22
202010,Beauty,Apparel,Аксессуары для взрослых и детей,1,Fact,3888308446,1068378922,22.01.2021 12:40:23
202010,Beauty,Apparel,Аксессуары для взрослых и детей,0,Fact,4290838768,919108030,22.12.2020 12:40:23
202010,Beauty,Apparel,Взрослая обувь,0,Fact,3522562216,2472790565,27.12.2020 21:11:22
202010,Beauty,Apparel,Аксессуары для взрослых и детей,1,Fact,891162832,3024354703,22.12.2020 12:40:23
202010,Beauty,Apparel,Бижутерия и часы бижутерные,0,Fact,329194108,3177454432,22.12.2020 12:40:23
202010,Beauty,Apparel,Детская одежда,0,Fact,272676834,3334535082,22.12.2020 12:40:23
202010,Beauty,Apparel,Взрослая одежда,0,Fact,2218188194,1951333412,22.12.2020 12:40:23
202010,Beauty,Apparel,Детская обувь,0,Fact,3698743052,1532110505,22.12.2020 12:40:23
202010,Beauty,Apparel,Взрослая обувь,0,Fact,1544333720,1631091021,22.12.2020 12:40:23
202010,Beauty,Apparel,Бижутерия и часы бижутерные,0,Fact,3544874581,1730451690,27.12.2020 21:11:22
202010,Beauty,Apparel,Аксессуары для взрослых и детей,0,Fact,3625277904,3542233646,27.12.2020 21:11:22
202010,Beauty,Apparel,Детская обувь,0,Fact,1313551590,64695095,27.12.2020 21:11:22
202010,Beauty,Apparel,Детская одежда,0,Fact,139931490,2575170043,27.12.2020 21:11:22
202010,Beauty,Apparel,Взрослая одежда,0,Fact,2773192740,2197729461,27.12.2020 21:11:22
202010,Beauty,Health&Beauty,Парфюмерия  ароматерапия,0,Fact,3990683725,3485768181,22.01.2021 12:40:23
202010,Beauty,Health&Beauty,Косметические аксессуары,0,Fact,996076868,3081005392,22.01.2021 12:40:23
202010,Beauty,Health&Beauty,Косметические средства для детей и беременных,0,Fact,2521837857,2126058476,22.01.2021 12:40:23
202010,Beauty,Health&Beauty,Косметическая техника,0,Fact,3377677005,2723329488,22.01.2021 12:40:23
202010,Beauty,Health&Beauty,Декоративная косметика,1,Fact,3692010344,2409826345,22.01.2021 12:40:23
202010,Beauty,Health&Beauty,Уход и гигиена,0,Fact,1103055393,4122684143,22.01.2021 12:40:23
202010,Beauty,Health&Beauty,Косметические средства для детей и беременных,1,Fact,3721438889,2319552458,22.01.2021 12:40:23
202010,Beauty,Health&Beauty,Уход и гигиена,1,Fact,1746588035,3395380340,22.01.2021 12:40:23
202010,Beauty,Health&Beauty,Косметика для ухода за волосами,0,Fact,3050755896,4088466335,22.01.2021 12:40:23
202010,Beauty,Health&Beauty,Косметика для ухода за кожей,1,Fact,2689585762,1535506915,22.01.2021 12:40:23
202010,Beauty,Health&Beauty,Косметика для ухода за волосами,1,Fact,1978458127,2391234683,22.01.2021 12:40:23
202010,Beauty,Health&Beauty,Косметика для ухода за кожей,0,Fact,1936362210,3802992660,22.01.2021 12:40:23
202010,Beauty,Health&Beauty,Декоративная косметика,0,Fact,3005407682,4252295632,22.01.2021 12:40:23
202010,Beauty,Health&Beauty,Косметика для ухода за кожей,1,Fact,3403879745,3611465132,22.12.2020 12:40:23
202010,Beauty,Health&Beauty,Косметические аксессуары,0,Fact,409692763,2482016730,22.12.2020 12:40:23
202010,Beauty,Health&Beauty,Косметические средства для детей и беременных,0,Fact,3654936268,3700756708,22.12.2020 12:40:23
202010,Beauty,Health&Beauty,Косметика для ухода за кожей,0,Fact,1910795815,1278082738,22.12.2020 12:40:23
202010,Beauty,Health&Beauty,Парфюмерия  ароматерапия,0,Fact,1446648881,3593204770,22.12.2020 12:40:23
202010,Beauty,Health&Beauty,Уход и гигиена,0,Fact,4146326128,3814922265,22.12.2020 12:40:23
202010,Beauty,Health&Beauty,Декоративная косметика,1,Fact,3017637567,2467108741,22.12.2020 12:40:23
202010,Beauty,Health&Beauty,Уход и гигиена,1,Fact,3351230674,2139541024,22.12.2020 12:40:23
202010,Beauty,Health&Beauty,Косметика для ухода за волосами,0,Fact,3487233342,247275420,22.12.2020 12:40:23
202010,Beauty,Health&Beauty,Косметическая техника,0,Fact,2436948500,1786635636,22.12.2020 12:40:23
202010,Beauty,Health&Beauty,Декоративная косметика,0,Fact,1419454285,1052414901,22.12.2020 12:40:23
202010,Beauty,Health&Beauty,Косметические средства для детей и беременных,1,Fact,1247985077,1973242805,22.12.2020 12:40:23
202010,Beauty,Health&Beauty,Косметика для ухода за волосами,1,Fact,2431420872,1197510064,22.12.2020 12:40:23
202010,Beauty,Jewelry,Ювелирные изделия,0,Fact,4214923291,4201574817,22.01.2021 12:40:23
202010,Beauty,Jewelry,Ювелирные изделия,0,Fact,1076854066,1069733585,22.12.2020 12:40:23
202010,Beauty,Pharmacy,Лекарственные средства,1,Fact,227310770,3669968423,22.01.2021 12:40:23
202010,Beauty,Pharmacy,Витамины и БАДы,0,Fact,2779212964,2011904147,22.01.2021 12:40:23
202010,Beauty,Pharmacy,Товары для взрослых,1,Fact,893169329,4199055266,22.01.2021 12:40:23
202010,Beauty,Pharmacy,Парафармацевтика,0,Fact,1269366583,2254285651,22.01.2021 12:40:23
202010,Beauty,Pharmacy,Медицинская техника,0,Fact,1595168892,46845081,22.01.2021 12:40:23
202010,Beauty,Pharmacy,Парафармацевтика,1,Fact,138831712,1272169713,22.01.2021 12:40:23
202010,Beauty,Pharmacy,Медицинские изделия,0,Fact,740304168,1095605241,22.01.2021 12:40:23
202010,Beauty,Pharmacy,Тату,0,Fact,2622238412,2484838900,22.01.2021 12:40:23
202010,Beauty,Pharmacy,Антибактериальные  дезинфицирующие средства,1,Fact,3675446867,2950375323,22.01.2021 12:40:23
202010,Beauty,Pharmacy,Средства реабилитации,0,Fact,2057323300,1684082652,22.01.2021 12:40:23
202010,Beauty,Pharmacy,Товары для взрослых,0,Fact,4225280845,2868018241,22.01.2021 12:40:23
202010,Beauty,Pharmacy,Уход и гигиена,0,Fact,309191117,67795703,22.01.2021 12:40:23
202010,Beauty,Pharmacy,Электронные сигареты  парители  кальяны,1,Fact,3679485780,2911744836,22.01.2021 12:40:23
202010,Beauty,Pharmacy,Средства реабилитации,1,Fact,429079778,3849383666,22.01.2021 12:40:23
202010,Beauty,Pharmacy,Витамины и БАДы,1,Fact,287690805,2822884558,22.01.2021 12:40:23
202010,Beauty,Pharmacy,Медицинские изделия,1,Fact,4206541970,2659805352,22.01.2021 12:40:23
202010,Beauty,Pharmacy,Ортопедия и компрессионный трикотаж,0,Fact,1807238219,3469354982,22.01.2021 12:40:23
202010,Beauty,Pharmacy,Электронные сигареты  парители  кальяны,0,Fact,4114207545,239898925,22.01.2021 12:40:23
202010,Beauty,Pharmacy,Оптика,0,Fact,739687374,4018608947,22.01.2021 12:40:23
202010,Beauty,Pharmacy,Уход и гигиена,1,Fact,3984408149,2972366509,22.01.2021 12:40:23
202010,Beauty,Pharmacy,Лекарственные средства для животных,0,Fact,683830649,3822967351,22.01.2021 12:40:23
202010,Beauty,Pharmacy,Лекарственные средства,0,Fact,3747555382,3287116749,22.01.2021 12:40:23
202010,Beauty,Pharmacy,Профессиональный уход за полостью рта,0,Fact,4008997658,606578631,22.01.2021 12:40:23
202010,Beauty,Pharmacy,Антибактериальные  дезинфицирующие средства,0,Fact,3470775847,582030539,22.01.2021 12:40:23
202010,Beauty,Pharmacy,Оптика,1,Fact,2214535182,852140131,22.01.2021 12:40:23
202010,Beauty,Pharmacy,Спортивное питание,0,Fact,2817115325,2260802045,22.01.2021 12:40:23
202010,Beauty,Pharmacy,Парафармацевтика,0,Fact,1575086075,1082441338,22.12.2020 12:40:23
202010,Beauty,Pharmacy,Медицинские изделия,0,Fact,3587562397,3456079314,22.12.2020 12:40:23
202010,Beauty,Pharmacy,Антибактериальные  дезинфицирующие средства,1,Fact,279473156,3880420935,22.12.2020 12:40:23
202010,Beauty,Pharmacy,Товары для взрослых,0,Fact,2468930017,1243779759,22.12.2020 12:40:23
202010,Beauty,Pharmacy,Уход и гигиена,0,Fact,1356670804,4011008434,22.12.2020 12:40:23
202010,Beauty,Pharmacy,Витамины и БАДы,1,Fact,3776262497,1043461240,22.12.2020 12:40:23
202010,Beauty,Pharmacy,Медицинские изделия,1,Fact,2300239543,1726558259,22.12.2020 12:40:23
202010,Beauty,Pharmacy,Ортопедия и компрессионный трикотаж,0,Fact,1880035576,2427543591,22.12.2020 12:40:23
202010,Beauty,Pharmacy,Лекарственные средства,1,Fact,371582946,2788341559,22.12.2020 12:40:23
202010,Beauty,Pharmacy,Витамины и БАДы,0,Fact,3916568389,3757364465,22.12.2020 12:40:23
202010,Beauty,Pharmacy,Тату,0,Fact,898273205,1342813964,22.12.2020 12:40:23
202010,Beauty,Pharmacy,Товары для взрослых,1,Fact,2001092809,2393468618,22.12.2020 12:40:23
202010,Beauty,Pharmacy,Медицинская техника,0,Fact,350809066,2281522902,22.12.2020 12:40:23
202010,Beauty,Pharmacy,Парафармацевтика,1,Fact,2877494368,1440985314,22.12.2020 12:40:23
202010,Beauty,Pharmacy,Антибактериальные  дезинфицирующие средства,0,Fact,4148604189,3636892942,22.12.2020 12:40:23
202010,Beauty,Pharmacy,Средства реабилитации,0,Fact,1174170405,1442715905,22.12.2020 12:40:23
202010,Beauty,Pharmacy,Оптика,1,Fact,1853852873,4175152395,22.12.2020 12:40:23
202010,Beauty,Pharmacy,Электронные сигареты  парители  кальяны,1,Fact,3894500861,453496485,22.12.2020 12:40:23
202010,Beauty,Pharmacy,Спортивное питание,0,Fact,864357916,2056231517,22.12.2020 12:40:23
202010,Beauty,Pharmacy,Средства реабилитации,1,Fact,873810600,1995945888,22.12.2020 12:40:23
202010,Beauty,Pharmacy,Электронные сигареты  парители  кальяны,0,Fact,1080117374,1766422798,22.12.2020 12:40:23
202010,Beauty,Pharmacy,Оптика,0,Fact,2952405869,3949412006,22.12.2020 12:40:23
202010,Beauty,Pharmacy,Уход и гигиена,1,Fact,2097797746,2708393835,22.12.2020 12:40:23
202010,Beauty,Pharmacy,Лекарственные средства для животных,0,Fact,2136678054,327967002,22.12.2020 12:40:23
202010,Beauty,Pharmacy,Лекарственные средства,0,Fact,2864135607,1277390266,22.12.2020 12:40:23
202010,Beauty,Pharmacy,Профессиональный уход за полостью рта,0,Fact,3467929517,17085768,22.12.2020 12:40:23
202010,ES + Home,Auto&Moto,Масла и автохимия,0,Fact,3037922640,341119597,22.01.2021 12:40:23
202010,ES + Home,Auto&Moto,Масла и автохимия,1,Fact,397697441,473216895,22.01.2021 12:40:23
202010,ES + Home,Auto&Moto,Дополнительное оборудование для авто и мото техники,0,Fact,765025941,620488311,22.01.2021 12:40:23
202010,ES + Home,Auto&Moto,Универсальные авто и мото аксессуары,0,Fact,3814989284,2705465418,22.01.2021 12:40:23
202010,ES + Home,Auto&Moto,Автоинструменты и гаражное оборудование,0,Fact,2433327914,3502136560,22.01.2021 12:40:23
202010,ES + Home,Auto&Moto,Авто и мото запчасти,0,Fact,1236566120,2169827085,22.01.2021 12:40:23
202010,ES + Home,Auto&Moto,Автоинструменты и гаражное оборудование,1,Fact,3286539188,3359399530,22.01.2021 12:40:23
202010,ES + Home,Auto&Moto,Автомобили и мототехника,0,Fact,2017651918,1577156852,22.01.2021 12:40:23
202010,ES + Home,Auto&Moto,Шины и диски,0,Fact,2830145351,1577220815,22.01.2021 12:40:23
202010,ES + Home,Auto&Moto,Масла и автохимия,1,Fact,294476496,555958176,22.12.2020 12:40:23
202010,ES + Home,Auto&Moto,Дополнительное оборудование для авто и мото техники,0,Fact,3815153619,2334804947,22.12.2020 12:40:23
202010,ES + Home,Auto&Moto,Авто и мото запчасти,0,Fact,3443272912,4223659274,22.12.2020 12:40:23
202010,ES + Home,Auto&Moto,Масла и автохимия,0,Fact,3987553531,1148123263,22.12.2020 12:40:23
202010,ES + Home,Auto&Moto,Универсальные авто и мото аксессуары,0,Fact,2865606813,2512601787,22.12.2020 12:40:23
202010,ES + Home,Auto&Moto,Автомобили и мототехника,0,Fact,303279920,2972891709,22.12.2020 12:40:23
202010,ES + Home,Auto&Moto,Шины и диски,0,Fact,4219382016,4269822088,22.12.2020 12:40:23
202010,ES + Home,Auto&Moto,Автоинструменты и гаражное оборудование,0,Fact,2781266254,2780765515,22.12.2020 12:40:23
202010,ES + Home,Auto&Moto,Автоинструменты и гаражное оборудование,1,Fact,3858417580,563312660,22.12.2020 12:40:23
202010,ES + Home,Books,Учебная литература,0,Fact,2896758219,3813026428,22.01.2021 12:40:23
202010,ES + Home,Books,Бизнес-литература,0,Fact,2012543845,1300189055,22.01.2021 12:40:23
202010,ES + Home,Books,ПО на физических носителях,0,Fact,3339118284,370436831,22.01.2021 12:40:23
202010,ES + Home,Books,Аудиокнига,0,Fact,86659658,3328532771,22.01.2021 12:40:23
202010,ES + Home,Books,Современная печатная книга,1,Fact,4143480254,2781743597,22.01.2021 12:40:23
202010,ES + Home,Books,Цифровая книга,0,Fact,278045814,1741974612,22.01.2021 12:40:23
202010,ES + Home,Books,Литература на иностранном языке,0,Fact,2993343193,3092527308,22.01.2021 12:40:23
202010,ES + Home,Books,Second-hand книга,0,Fact,1841864158,1680391480,22.01.2021 12:40:23
202010,ES + Home,Books,Книга по требованию,0,Fact,557176084,3658954272,22.01.2021 12:40:23
202010,ES + Home,Books,Книги детям и родителям,0,Fact,4009152216,3582415783,22.01.2021 12:40:23
202010,ES + Home,Books,Антикварное издание,0,Fact,3357917272,1778983464,22.01.2021 12:40:23
202010,ES + Home,Books,Календари,0,Fact,882035271,453014256,22.01.2021 12:40:23
202010,ES + Home,Books,Комиксы,0,Fact,1999100162,3481601720,22.01.2021 12:40:23
202010,ES + Home,Books,Блокноты с ISBN,0,Fact,2239091687,3395494187,22.01.2021 12:40:23
202010,ES + Home,Books,Иностранное издание,0,Fact,3342997319,518039968,22.01.2021 12:40:23
202010,ES + Home,Books,Цифровая аудиокнига,0,Fact,3526430963,1128460068,22.01.2021 12:40:23
202010,ES + Home,Books,Манга,0,Fact,2943976555,1981222658,22.01.2021 12:40:23
202010,ES + Home,Books,Современные картографические издания,0,Fact,3704252966,1012927344,22.01.2021 12:40:23
202010,ES + Home,Books,Современная печатная книга,0,Fact,2450885085,677444878,22.01.2021 12:40:23
202010,ES + Home,Books,Современные листовые издания,0,Fact,1697369416,76154753,22.01.2021 12:40:23
202010,ES + Home,Books,Художественная литература,0,Fact,2019367924,631030701,22.01.2021 12:40:23
202010,ES + Home,Books,Букинистическое издание,0,Fact,2007626960,4122384465,22.01.2021 12:40:23
202010,ES + Home,Books,Нехудожественная литература,0,Fact,3718479444,391830996,22.01.2021 12:40:23
202010,ES + Home,Books,Second-hand книга,0,Fact,2970565774,2611300679,22.12.2020 12:40:23
202010,ES + Home,Books,Книга по требованию,0,Fact,1400175366,2171214205,22.12.2020 12:40:23
202010,ES + Home,Books,Книги детям и родителям,0,Fact,4196265887,2238828545,22.12.2020 12:40:23
202010,ES + Home,Books,Антикварное издание,0,Fact,2450307984,2410715937,22.12.2020 12:40:23
202010,ES + Home,Books,Календари,0,Fact,1835071654,117440396,22.12.2020 12:40:23
202010,ES + Home,Books,Комиксы,0,Fact,1096054959,3468174791,22.12.2020 12:40:23
202010,ES + Home,Books,Иностранное издание,0,Fact,359582813,3495215634,22.12.2020 12:40:23
202010,ES + Home,Books,Художественная литература,0,Fact,2475309930,3438506541,22.12.2020 12:40:23
202010,ES + Home,Books,Учебная литература,0,Fact,4017898973,2683297729,22.12.2020 12:40:23
202010,ES + Home,Books,Блокноты с ISBN,0,Fact,2572907588,4031796578,22.12.2020 12:40:23
202010,ES + Home,Books,Аудиокнига,0,Fact,2712359214,2701481738,22.12.2020 12:40:23
202010,ES + Home,Books,Современная печатная книга,1,Fact,585168460,2384750308,22.12.2020 12:40:23
202010,ES + Home,Books,Цифровая книга,0,Fact,2765065581,985718564,22.12.2020 12:40:23
202010,ES + Home,Books,Литература на иностранном языке,0,Fact,1954544709,19613187,22.12.2020 12:40:23
202010,ES + Home,Books,Современная печатная книга,0,Fact,2838810485,225211072,22.12.2020 12:40:23
202010,ES + Home,Books,Современные листовые издания,0,Fact,1717871701,1305201208,22.12.2020 12:40:23
202010,ES + Home,Books,Букинистическое издание,0,Fact,2656551777,2460219368,22.12.2020 12:40:23
202010,ES + Home,Books,Нехудожественная литература,0,Fact,2828238785,3122012661,22.12.2020 12:40:23
202010,ES + Home,Books,Цифровая аудиокнига,0,Fact,1715743128,3332734006,22.12.2020 12:40:23
202010,ES + Home,Books,ПО на физических носителях,0,Fact,2702259477,2798771010,22.12.2020 12:40:23
202010,ES + Home,Books,Манга,0,Fact,2829394108,2626402921,22.12.2020 12:40:23
202010,ES + Home,Books,Бизнес-литература,0,Fact,298943998,3309664107,22.12.2020 12:40:23
202010,ES + Home,Books,Современные картографические издания,0,Fact,750305468,694323142,22.12.2020 12:40:23
202010,ES + Home,Digital,Програмное обеспечение Digital,0,Fact,1040671814,373555238,22.01.2021 12:40:23
202010,ES + Home,Digital,Програмное обеспечение Digital,0,Fact,221277855,3945665610,22.12.2020 12:40:23
202010,ES + Home,DIY,Инструменты,0,Fact,3450731825,2913217052,22.01.2021 12:40:23
202010,ES + Home,DIY,Освещение,0,Fact,492113133,470462569,22.01.2021 12:40:23
202010,ES + Home,DIY,Освещение,1,Fact,2618278307,1031246542,22.01.2021 12:40:23
202010,ES + Home,DIY,Ремонт и строительство,0,Fact,103749341,890476505,22.01.2021 12:40:23
202010,ES + Home,DIY,Сантехника,0,Fact,1359117611,2356484001,22.01.2021 12:40:23
202010,ES + Home,DIY,Сад и огород,1,Fact,622952216,501991643,22.01.2021 12:40:23
202010,ES + Home,DIY,Фильтры для воды,0,Fact,2854940710,2158721906,22.01.2021 12:40:23
202010,ES + Home,DIY,Фильтры для воды,1,Fact,1628712190,693642749,22.01.2021 12:40:23
202010,ES + Home,DIY,Сад и огород,0,Fact,2829285189,2023925722,22.01.2021 12:40:23
202010,ES + Home,DIY,Освещение,0,Fact,708389258,142170338,22.12.2020 12:40:23
202010,ES + Home,DIY,Сантехника,0,Fact,3663962473,735257058,22.12.2020 12:40:23
202010,ES + Home,DIY,Ремонт и строительство,0,Fact,3880930824,152562420,22.12.2020 12:40:23
202010,ES + Home,DIY,Инструменты,0,Fact,1706012483,2999376167,22.12.2020 12:40:23
202010,ES + Home,DIY,Освещение,1,Fact,2537606642,4086969777,22.12.2020 12:40:23
202010,ES + Home,DIY,Фильтры для воды,1,Fact,1207990591,4055661520,22.12.2020 12:40:23
202010,ES + Home,DIY,Сад и огород,0,Fact,2664015375,2578326622,22.12.2020 12:40:23
202010,ES + Home,DIY,Сад и огород,1,Fact,3774147263,1395567248,22.12.2020 12:40:23
202010,ES + Home,DIY,Фильтры для воды,0,Fact,3169966604,600468936,22.12.2020 12:40:23
202010,ES + Home,Furniture,Мебель для сада,0,Fact,2531119134,4135571360,22.01.2021 12:40:23
202010,ES + Home,Furniture,Компьютерная и офисная мебель,0,Fact,3701308766,3048317261,22.01.2021 12:40:23
202010,ES + Home,Furniture,Мебель для сна,0,Fact,2491463856,3807229214,22.01.2021 12:40:23
202010,ES + Home,Furniture,Мягкая мебель,0,Fact,672711469,671311599,22.01.2021 12:40:23
202010,ES + Home,Furniture,Прочая мебель,0,Fact,723998032,2027049843,22.01.2021 12:40:23
202010,ES + Home,Furniture,Корпусная мебель и мебель для хранения,0,Fact,406351280,2988151122,22.01.2021 12:40:23
202010,ES + Home,Furniture,Столы и стулья,0,Fact,3072547323,926921450,22.01.2021 12:40:23
202010,ES + Home,Furniture,Мебель для сна,0,Fact,424474546,1388963539,22.12.2020 12:40:23
202010,ES + Home,Furniture,Мягкая мебель,0,Fact,944529038,262933378,22.12.2020 12:40:23
202010,ES + Home,Furniture,Мебель для сада,0,Fact,1774437328,331530855,22.12.2020 12:40:23
202010,ES + Home,Furniture,Компьютерная и офисная мебель,0,Fact,786796360,1463298728,22.12.2020 12:40:23
202010,ES + Home,Furniture,Столы и стулья,0,Fact,1044020200,426501648,22.12.2020 12:40:23
202010,ES + Home,Furniture,Прочая мебель,0,Fact,2630664108,4029412926,22.12.2020 12:40:23
202010,ES + Home,Furniture,Корпусная мебель и мебель для хранения,0,Fact,3272494904,2120710323,22.12.2020 12:40:23
202010,ES + Home,Household,Домашний текстиль,1,Fact,3201969979,406242918,22.01.2021 12:40:23
202010,ES + Home,Household,Домашний текстиль,0,Fact,1726519204,3694168751,22.01.2021 12:40:23
202010,ES + Home,Household,Хранение,0,Fact,2487868438,2962230029,22.01.2021 12:40:23
202010,ES + Home,Household,Интерьер и декор,0,Fact,1741412475,296797169,22.01.2021 12:40:23
202010,ES + Home,Household,Кухня,1,Fact,3155081764,1438016917,22.01.2021 12:40:23
202010,ES + Home,Household,Кухня,0,Fact,335143505,1237053961,22.01.2021 12:40:23
202010,ES + Home,Household,Аксессуары для уборки и стирки,0,Fact,1134753050,1010208745,22.01.2021 12:40:23
202010,ES + Home,Household,Антиквариат Хоум Декор,0,Fact,1666303454,1201701619,22.01.2021 12:40:23
202010,ES + Home,Household,Ванная комната,0,Fact,2601557186,4006167025,22.01.2021 12:40:23
202010,ES + Home,Household,Принадлежности для Нового года,0,Fact,2702680013,3134940537,22.01.2021 12:40:23
202010,ES + Home,Household,Аксессуары для уборки и стирки,1,Fact,696574259,1866712076,22.01.2021 12:40:23
202010,ES + Home,Household,Интерьер и декор,1,Fact,2222611427,137990381,22.01.2021 12:40:23
202010,ES + Home,Household,Ритуальные изделия,0,Fact,670667428,2172429826,22.01.2021 12:40:23
202010,ES + Home,Household,Кухня,1,Fact,3028289609,1170737615,22.12.2020 12:40:23
202010,ES + Home,Household,Кухня,0,Fact,4214380975,1266955506,22.12.2020 12:40:23
202010,ES + Home,Household,Домашний текстиль,1,Fact,1322477887,2039434029,22.12.2020 12:40:23
202010,ES + Home,Household,Домашний текстиль,0,Fact,1094815540,1146290198,22.12.2020 12:40:23
202010,ES + Home,Household,Хранение,0,Fact,1217657786,2918980403,22.12.2020 12:40:23
202010,ES + Home,Household,Интерьер и декор,0,Fact,606942204,1272599024,22.12.2020 12:40:23
202010,ES + Home,Household,Принадлежности для Нового года,0,Fact,2193986767,1479698282,22.12.2020 12:40:23
202010,ES + Home,Household,Аксессуары для уборки и стирки,1,Fact,688637255,3279692878,22.12.2020 12:40:23
202010,ES + Home,Household,Интерьер и декор,1,Fact,3800862270,1076542150,22.12.2020 12:40:23
202010,ES + Home,Household,Ванная комната,0,Fact,574614798,2766215015,22.12.2020 12:40:23
202010,ES + Home,Household,Ритуальные изделия,0,Fact,1532964295,3314609416,22.12.2020 12:40:23
202010,ES + Home,Household,Аксессуары для уборки и стирки,0,Fact,808448323,3713144228,22.12.2020 12:40:23
202010,ES + Home,Household,Антиквариат Хоум Декор,0,Fact,748213053,3904476855,22.12.2020 12:40:23
202010,ES + Home,Laptops & Computers,Компьютерная периферия Lap&Comp,0,Fact,2972231988,1219214421,22.01.2021 12:40:23
202010,ES + Home,Laptops & Computers,Расходный материал для электроники Lap&Comp,0,Fact,1097602279,3653370147,22.01.2021 12:40:23
202010,ES + Home,Laptops & Computers,Домашняя Аудио и Видеотехника Lap&Comp,0,Fact,157323204,2613702295,22.01.2021 12:40:23
202010,ES + Home,Laptops & Computers,Расходный материал для электроники Lap&Comp,1,Fact,4132355195,2712298506,22.01.2021 12:40:23
202010,ES + Home,Laptops & Computers,Компьютеры Lap&Comp,0,Fact,1529685448,3481134464,22.01.2021 12:40:23
202010,ES + Home,Laptops & Computers,Компьютерная офисная техника Lap&Comp,0,Fact,2974073051,735011032,22.01.2021 12:40:23
202010,ES + Home,Laptops & Computers,Компьютерная периферия Lap&Comp,1,Fact,4201694857,260597011,22.01.2021 12:40:23
202010,ES + Home,Laptops & Computers,Расходный материал для электроники Lap&Comp,0,Fact,993050108,4157172024,22.12.2020 12:40:23
202010,ES + Home,Laptops & Computers,Компьютерная периферия Lap&Comp,0,Fact,3404903233,1242980324,22.12.2020 12:40:23
202010,ES + Home,Laptops & Computers,Расходный материал для электроники Lap&Comp,1,Fact,943558897,1694640132,22.12.2020 12:40:23
202010,ES + Home,Laptops & Computers,Домашняя Аудио и Видеотехника Lap&Comp,0,Fact,272661974,4219289849,22.12.2020 12:40:23
202010,ES + Home,Laptops & Computers,Компьютерная периферия Lap&Comp,1,Fact,724260024,526578589,22.12.2020 12:40:23
202010,ES + Home,Laptops & Computers,Компьютеры Lap&Comp,0,Fact,3181273710,2065531828,22.12.2020 12:40:23
202010,ES + Home,Laptops & Computers,Компьютерная офисная техника Lap&Comp,0,Fact,2624864398,2681968146,22.12.2020 12:40:23
202010,ES + Home,Major Domestic Appliances,Крупная бытовая техника MDA,0,Fact,2852006065,4085979771,22.01.2021 12:40:23
202010,ES + Home,Major Domestic Appliances,Крупная бытовая техника MDA,0,Fact,3412608040,1379014424,22.12.2020 12:40:23
202010,ES + Home,Miscellaneous accessories,Электронные товары хобби и отдых Access,0,Fact,4172904780,2581096792,22.01.2021 12:40:23
202010,ES + Home,Miscellaneous accessories,Автомобильная техника Access,0,Fact,1414957883,3796443081,22.01.2021 12:40:23
202010,ES + Home,Miscellaneous accessories,Бытовая техника Access,1,Fact,3083706712,3950016404,22.01.2021 12:40:23
202010,ES + Home,Miscellaneous accessories,Компьютерная периферия Access,0,Fact,2422489648,1209133092,22.01.2021 12:40:23
202010,ES + Home,Miscellaneous accessories,Средства связи Access,1,Fact,2780481633,4286932123,22.01.2021 12:40:23
202010,ES + Home,Miscellaneous accessories,Расходный материал для электроники Access,0,Fact,1519133317,1274529503,22.01.2021 12:40:23
202010,ES + Home,Miscellaneous accessories,Бытовая техника Access,0,Fact,559563507,626425987,22.01.2021 12:40:23
202010,ES + Home,Miscellaneous accessories,Средства связи Access,0,Fact,2468583326,3994661301,22.01.2021 12:40:23
202010,ES + Home,Miscellaneous accessories,Фото и видео Access,0,Fact,65347871,3723968259,22.01.2021 12:40:23
202010,ES + Home,Miscellaneous accessories,Домашняя Аудио и Видеотехника Access,0,Fact,1478368610,2620090987,22.01.2021 12:40:23
202010,ES + Home,Miscellaneous accessories,Игровые приставки и аксессуары Access,0,Fact,1222507325,3335708416,22.01.2021 12:40:23
202010,ES + Home,Miscellaneous accessories,Компьютеры Access,1,Fact,3031915247,3420520131,22.01.2021 12:40:23
202010,ES + Home,Miscellaneous accessories,Электропитание Access,1,Fact,2543333585,2215216709,22.01.2021 12:40:23
202010,ES + Home,Miscellaneous accessories,Электропитание Access,0,Fact,3174838256,2232955154,22.01.2021 12:40:23
202010,ES + Home,Miscellaneous accessories,Компьютеры Access,0,Fact,3647476450,3281105248,22.01.2021 12:40:23
202010,ES + Home,Miscellaneous accessories,Оборудование Access,0,Fact,2132940818,1501970204,22.01.2021 12:40:23
202010,ES + Home,Miscellaneous accessories,Средства связи Access,1,Fact,2892612427,2205277777,22.12.2020 12:40:23
202010,ES + Home,Miscellaneous accessories,Расходный материал для электроники Access,0,Fact,1671108166,1250937883,22.12.2020 12:40:23
202010,ES + Home,Miscellaneous accessories,Электронные товары хобби и отдых Access,0,Fact,1342902715,4180050542,22.12.2020 12:40:23
202010,ES + Home,Miscellaneous accessories,Бытовая техника Access,1,Fact,528089135,3150273276,22.12.2020 12:40:23
202010,ES + Home,Miscellaneous accessories,Средства связи Access,0,Fact,134729850,2324336525,22.12.2020 12:40:23
202010,ES + Home,Miscellaneous accessories,Автомобильная техника Access,0,Fact,699075023,1534413262,22.12.2020 12:40:23
202010,ES + Home,Miscellaneous accessories,Компьютерная периферия Access,0,Fact,1762520256,3150156890,22.12.2020 12:40:23
202010,ES + Home,Miscellaneous accessories,Бытовая техника Access,0,Fact,3430412814,3434720208,22.12.2020 12:40:23
202010,ES + Home,Miscellaneous accessories,Компьютеры Access,1,Fact,1444036350,1665638750,22.12.2020 12:40:23
202010,ES + Home,Miscellaneous accessories,Электропитание Access,1,Fact,152138227,993569047,22.12.2020 12:40:23
202010,ES + Home,Miscellaneous accessories,Фото и видео Access,0,Fact,3160779130,3442900017,22.12.2020 12:40:23
202010,ES + Home,Miscellaneous accessories,Оборудование Access,0,Fact,2696875490,1229698495,22.12.2020 12:40:23
202010,ES + Home,Miscellaneous accessories,Электропитание Access,0,Fact,1997429355,873966902,22.12.2020 12:40:23
202010,ES + Home,Miscellaneous accessories,Компьютеры Access,0,Fact,2656627644,2927556450,22.12.2020 12:40:23
202010,ES + Home,Miscellaneous accessories,Домашняя Аудио и Видеотехника Access,0,Fact,824467722,1076210432,22.12.2020 12:40:23
202010,ES + Home,Miscellaneous accessories,Игровые приставки и аксессуары Access,0,Fact,2667409726,1130644701,22.12.2020 12:40:23
202010,ES + Home,Small Domestic Appliances,Мелкая бытовая техника SDA,1,Fact,3744827620,2703263771,22.01.2021 12:40:23
202010,ES + Home,Small Domestic Appliances,Оборудование SDA,0,Fact,2121915363,1108236149,22.01.2021 12:40:23
202010,ES + Home,Small Domestic Appliances,Мелкая бытовая техника SDA,0,Fact,1803139571,513082664,22.01.2021 12:40:23
202010,ES + Home,Small Domestic Appliances,Оборудование SDA,0,Fact,4253856538,2787929134,22.12.2020 12:40:23
202010,ES + Home,Small Domestic Appliances,Мелкая бытовая техника SDA,1,Fact,1911034232,2687465511,22.12.2020 12:40:23
202010,ES + Home,Small Domestic Appliances,Мелкая бытовая техника SDA,0,Fact,4136351834,1236386050,22.12.2020 12:40:23
202010,ES + Home,Smartphones & Tablets,Компьютеры Smart&Tablets,1,Fact,4268902391,661013002,22.01.2021 12:40:23
202010,ES + Home,Smartphones & Tablets,Средства связи Smart&Tablets,0,Fact,360367080,3686903612,22.01.2021 12:40:23
202010,ES + Home,Smartphones & Tablets,Средства связи Smart&Tablets,1,Fact,2447771016,334258166,22.01.2021 12:40:23
202010,ES + Home,Smartphones & Tablets,Компьютеры Smart&Tablets,0,Fact,2211741741,2867497966,22.01.2021 12:40:23
202010,ES + Home,Smartphones & Tablets,Компьютеры Smart&Tablets,1,Fact,2270441486,2215542169,22.12.2020 12:40:23
202010,ES + Home,Smartphones & Tablets,Средства связи Smart&Tablets,0,Fact,897163361,1618945798,22.12.2020 12:40:23
202010,ES + Home,Smartphones & Tablets,Средства связи Smart&Tablets,1,Fact,3626972582,3745115042,22.12.2020 12:40:23
202010,ES + Home,Smartphones & Tablets,Компьютеры Smart&Tablets,0,Fact,1670047379,878356344,22.12.2020 12:40:23
202010,ES + Home,Sport,Товары для охоты,0,Fact,1185630644,1299473684,22.01.2021 12:40:23
202010,ES + Home,Sport,Тренажеры и фитнес,1,Fact,919795115,2159998116,22.01.2021 12:40:23
202010,ES + Home,Sport,Товары для рыбалки,0,Fact,2635365824,2746463647,22.01.2021 12:40:23
202010,ES + Home,Sport,Всесезонные виды спорта,0,Fact,2392675766,2142904653,22.01.2021 12:40:23
202010,ES + Home,Sport,Цирковое искусство,0,Fact,2628083093,192450860,22.01.2021 12:40:23
202010,ES + Home,Sport,Единоборства,0,Fact,926821190,1907432577,22.01.2021 12:40:23
202010,ES + Home,Sport,Зимние виды спорта,0,Fact,2836911704,816338608,22.01.2021 12:40:23
202010,ES + Home,Sport,Летние виды спорта,0,Fact,2546149137,4068070928,22.01.2021 12:40:23
202010,ES + Home,Sport,Туризм,0,Fact,1053038014,1691543216,22.01.2021 12:40:23
202010,ES + Home,Sport,Страйкбол и пневматика,0,Fact,2088083736,1740977723,22.01.2021 12:40:23
202010,ES + Home,Sport,Спортивные аксессуары,1,Fact,84961490,2871012524,22.01.2021 12:40:23
202010,ES + Home,Sport,Спортивные аксессуары,0,Fact,243361589,1438631189,22.01.2021 12:40:23
202010,ES + Home,Sport,Тренажеры и фитнес,0,Fact,2603735809,886591054,22.01.2021 12:40:23
202010,ES + Home,Sport,Зимние виды спорта,0,Fact,2804386843,1179919552,22.12.2020 12:40:23
202010,ES + Home,Sport,Спортивные аксессуары,1,Fact,287891517,1889959495,22.12.2020 12:40:23
202010,ES + Home,Sport,Летние виды спорта,0,Fact,2548554606,3731364231,22.12.2020 12:40:23
202010,ES + Home,Sport,Спортивные аксессуары,0,Fact,2605653264,2293733379,22.12.2020 12:40:23
202010,ES + Home,Sport,Товары для охоты,0,Fact,3198687469,1414540739,22.12.2020 12:40:23
202010,ES + Home,Sport,Тренажеры и фитнес,1,Fact,4123275803,4212637891,22.12.2020 12:40:23
202010,ES + Home,Sport,Товары для рыбалки,0,Fact,4131280013,2695579773,22.12.2020 12:40:23
202010,ES + Home,Sport,Всесезонные виды спорта,0,Fact,3178877283,3814677576,22.12.2020 12:40:23
202010,ES + Home,Sport,Единоборства,0,Fact,2113594205,3182932386,22.12.2020 12:40:23
202010,ES + Home,Sport,Цирковое искусство,0,Fact,3917888455,2191866044,22.12.2020 12:40:23
202010,ES + Home,Sport,Тренажеры и фитнес,0,Fact,2105405676,2459487420,22.12.2020 12:40:23
202010,ES + Home,Sport,Туризм,0,Fact,283262978,1723152602,22.12.2020 12:40:23
202010,ES + Home,Sport,Страйкбол и пневматика,0,Fact,3955357901,2463457295,22.12.2020 12:40:23
202010,ES + Home,TV  audio  Hi-Fi & other electronics,Компьютеры TV&Audio,0,Fact,3240942842,3664432721,22.01.2021 12:40:23
202010,ES + Home,TV  audio  Hi-Fi & other electronics,Портативная аудиотехника TV&Audio,1,Fact,3684442761,3083709045,22.01.2021 12:40:23
202010,ES + Home,TV  audio  Hi-Fi & other electronics,Домашняя Аудио и Видеотехника TV&Audio,0,Fact,4261046982,1001449897,22.01.2021 12:40:23
202010,ES + Home,TV  audio  Hi-Fi & other electronics,Домашняя Аудио и Видеотехника TV&Audio,1,Fact,2113602359,619968092,22.01.2021 12:40:23
202010,ES + Home,TV  audio  Hi-Fi & other electronics,Портативная аудиотехника TV&Audio,0,Fact,3116047166,2684991864,22.01.2021 12:40:23
202010,ES + Home,TV  audio  Hi-Fi & other electronics,Movie,0,Fact,989221593,1128890456,22.01.2021 12:40:23
202010,ES + Home,TV  audio  Hi-Fi & other electronics,Средства связи TV&Audio,0,Fact,834575660,178550156,22.01.2021 12:40:23
202010,ES + Home,TV  audio  Hi-Fi & other electronics,Компьютеры TV&Audio,1,Fact,2771186751,1538246998,22.01.2021 12:40:23
202010,ES + Home,TV  audio  Hi-Fi & other electronics,Автомобильная техника TV&Audio,0,Fact,2057967964,38250256,22.01.2021 12:40:23
202010,ES + Home,TV  audio  Hi-Fi & other electronics,Электронные товары хобби и отдых TV&Audio,1,Fact,361902718,4025114014,22.01.2021 12:40:23
202010,ES + Home,TV  audio  Hi-Fi & other electronics,Фото и видео TV&Audio,1,Fact,1516995869,2716920229,22.01.2021 12:40:23
202010,ES + Home,TV  audio  Hi-Fi & other electronics,Фото и видео TV&Audio,0,Fact,1272519710,1036282476,22.01.2021 12:40:23
202010,ES + Home,TV  audio  Hi-Fi & other electronics,Игровые приставки и аксессуары TV&Audio,0,Fact,728312245,1192244767,22.01.2021 12:40:23
202010,ES + Home,TV  audio  Hi-Fi & other electronics,Система безопасности TV&Audio,1,Fact,1777468770,2232114716,22.01.2021 12:40:23
202010,ES + Home,TV  audio  Hi-Fi & other electronics,Игровые приставки и аксессуары TV&Audio,1,Fact,2524761380,1850437975,22.01.2021 12:40:23
202010,ES + Home,TV  audio  Hi-Fi & other electronics,Music,0,Fact,3053580037,1027283762,22.01.2021 12:40:23
202010,ES + Home,TV  audio  Hi-Fi & other electronics,Электронные товары хобби и отдых TV&Audio,0,Fact,864750636,129595763,22.01.2021 12:40:23
202010,ES + Home,TV  audio  Hi-Fi & other electronics,Програмное обеспечение TV&Audio,0,Fact,2065284172,4204170952,22.01.2021 12:40:23
202010,ES + Home,TV  audio  Hi-Fi & other electronics,Средства связи TV&Audio,1,Fact,4156173410,1605679053,22.01.2021 12:40:23
202010,ES + Home,TV  audio  Hi-Fi & other electronics,Фан атрибутика TV&Audio,0,Fact,3978610638,4272455171,22.01.2021 12:40:23
202010,ES + Home,TV  audio  Hi-Fi & other electronics,Компьютерная периферия TV&Audio,0,Fact,2462593737,313036960,22.01.2021 12:40:23
202010,ES + Home,TV  audio  Hi-Fi & other electronics,Система безопасности TV&Audio,0,Fact,2893112625,630064039,22.01.2021 12:40:23
202010,ES + Home,TV  audio  Hi-Fi & other electronics,Домашняя Аудио и Видеотехника TV&Audio,0,Fact,2856291103,3800761118,22.12.2020 12:40:23
202010,ES + Home,TV  audio  Hi-Fi & other electronics,Средства связи TV&Audio,0,Fact,2085826702,306038940,22.12.2020 12:40:23
202010,ES + Home,TV  audio  Hi-Fi & other electronics,Портативная аудиотехника TV&Audio,1,Fact,756121569,3946927236,22.12.2020 12:40:23
202010,ES + Home,TV  audio  Hi-Fi & other electronics,Компьютеры TV&Audio,1,Fact,1053990018,1911614398,22.12.2020 12:40:23
202010,ES + Home,TV  audio  Hi-Fi & other electronics,Игровые приставки и аксессуары TV&Audio,0,Fact,2038087303,193053619,22.12.2020 12:40:23
202010,ES + Home,TV  audio  Hi-Fi & other electronics,Портативная аудиотехника TV&Audio,0,Fact,3314862666,1977936872,22.12.2020 12:40:23
202010,ES + Home,TV  audio  Hi-Fi & other electronics,Игровые приставки и аксессуары TV&Audio,1,Fact,1605579936,4129789710,22.12.2020 12:40:23
202010,ES + Home,TV  audio  Hi-Fi & other electronics,Домашняя Аудио и Видеотехника TV&Audio,1,Fact,2349277304,3722402621,22.12.2020 12:40:23
202010,ES + Home,TV  audio  Hi-Fi & other electronics,Компьютеры TV&Audio,0,Fact,2584363767,142536925,22.12.2020 12:40:23
202010,ES + Home,TV  audio  Hi-Fi & other electronics,Movie,0,Fact,2963335914,1764994230,22.12.2020 12:40:23
202010,ES + Home,TV  audio  Hi-Fi & other electronics,Music,0,Fact,1178347088,162158601,22.12.2020 12:40:23
202010,ES + Home,TV  audio  Hi-Fi & other electronics,Электронные товары хобби и отдых TV&Audio,0,Fact,3061621144,627643910,22.12.2020 12:40:23
202010,ES + Home,TV  audio  Hi-Fi & other electronics,Автомобильная техника TV&Audio,0,Fact,418051021,3613550443,22.12.2020 12:40:23
202010,ES + Home,TV  audio  Hi-Fi & other electronics,Програмное обеспечение TV&Audio,0,Fact,2710021043,3734708457,22.12.2020 12:40:23
202010,ES + Home,TV  audio  Hi-Fi & other electronics,Средства связи TV&Audio,1,Fact,3472645501,3992875895,22.12.2020 12:40:23
202010,ES + Home,TV  audio  Hi-Fi & other electronics,Фан атрибутика TV&Audio,0,Fact,4263121390,1647935316,22.12.2020 12:40:23
202010,ES + Home,TV  audio  Hi-Fi & other electronics,Компьютерная периферия TV&Audio,0,Fact,366157012,3573732067,22.12.2020 12:40:23
202010,ES + Home,TV  audio  Hi-Fi & other electronics,Электронные товары хобби и отдых TV&Audio,1,Fact,3824675225,598036198,22.12.2020 12:40:23
202010,ES + Home,TV  audio  Hi-Fi & other electronics,Система безопасности TV&Audio,1,Fact,754740627,527088005,22.12.2020 12:40:23
202010,ES + Home,TV  audio  Hi-Fi & other electronics,Фото и видео TV&Audio,1,Fact,10621293,1826411306,22.12.2020 12:40:23
202010,ES + Home,TV  audio  Hi-Fi & other electronics,Система безопасности TV&Audio,0,Fact,2904547510,3492192115,22.12.2020 12:40:23
202010,ES + Home,TV  audio  Hi-Fi & other electronics,Фото и видео TV&Audio,0,Fact,2566026225,3021288421,22.12.2020 12:40:23
202010,FMCG,FMCG nonfood,Электроника детская,0,Fact,4110842594,550226578,22.01.2021 12:40:23
202010,FMCG,FMCG nonfood,Бытовая химия,0,Fact,643303494,763257347,22.01.2021 12:40:23
202010,FMCG,FMCG nonfood,Бритвы и лезвия,1,Fact,1996372744,948399619,22.01.2021 12:40:23
202010,FMCG,FMCG nonfood,Детская продукция,1,Fact,3042133940,1763168419,22.01.2021 12:40:23
202010,FMCG,FMCG nonfood,Кормление детское,0,Fact,2197194014,3018817094,22.01.2021 12:40:23
202010,FMCG,FMCG nonfood,Бритвы и лезвия,0,Fact,2824143831,546247568,22.01.2021 12:40:23
202010,FMCG,FMCG nonfood,Личная гигиена,0,Fact,1865115353,2938294166,22.01.2021 12:40:23
202010,FMCG,FMCG nonfood,Уход и гигиена,1,Fact,127757645,2728241756,22.01.2021 12:40:23
202010,FMCG,FMCG nonfood,Личная гигиена,1,Fact,3228052213,1897322327,22.01.2021 12:40:23
202010,FMCG,FMCG nonfood,Бытовая химия,1,Fact,4244386958,1160581965,22.01.2021 12:40:23
202010,FMCG,FMCG nonfood,Уход и гигиена,0,Fact,3378901487,2047303951,22.01.2021 12:40:23
202010,FMCG,FMCG nonfood,Кормление детское,1,Fact,4163072519,2211805178,22.01.2021 12:40:23
202010,FMCG,FMCG nonfood,Детская продукция,0,Fact,2365599789,3642924660,22.01.2021 12:40:23
202010,FMCG,FMCG nonfood,Электроника детская,0,Fact,1943381726,2686129501,22.12.2020 12:40:23
202010,FMCG,FMCG nonfood,Бритвы и лезвия,1,Fact,2339467580,645240806,22.12.2020 12:40:23
202010,FMCG,FMCG nonfood,Детская продукция,1,Fact,2041276959,3846701015,22.12.2020 12:40:23
202010,FMCG,FMCG nonfood,Кормление детское,0,Fact,928909399,1043470326,22.12.2020 12:40:23
202010,FMCG,FMCG nonfood,Бритвы и лезвия,0,Fact,3932608336,2327505808,22.12.2020 12:40:23
202010,FMCG,FMCG nonfood,Бытовая химия,0,Fact,3020942246,2937932619,22.12.2020 12:40:23
202010,FMCG,FMCG nonfood,Уход и гигиена,0,Fact,4241502636,3571930827,22.12.2020 12:40:23
202010,FMCG,FMCG nonfood,Кормление детское,1,Fact,2553292927,2285980193,22.12.2020 12:40:23
202010,FMCG,FMCG nonfood,Детская продукция,0,Fact,2784143980,736280719,22.12.2020 12:40:23
202010,FMCG,FMCG nonfood,Личная гигиена,0,Fact,3631131629,1020389195,22.12.2020 12:40:23
202010,FMCG,FMCG nonfood,Уход и гигиена,1,Fact,1325424148,2104173652,22.12.2020 12:40:23
202010,FMCG,FMCG nonfood,Личная гигиена,1,Fact,1899937092,467707573,22.12.2020 12:40:23
202010,FMCG,FMCG nonfood,Бытовая химия,1,Fact,2869195386,2841594006,22.12.2020 12:40:23
202010,FMCG,Food,Детское питание,1,Fact,2961885852,1485299368,22.01.2021 12:40:23
202010,FMCG,Food,Молочная продукция стерилизованная,1,Fact,379826800,4095489278,22.01.2021 12:40:23
202010,FMCG,Food,Бакалея,1,Fact,1028080511,3542969406,22.01.2021 12:40:23
202010,FMCG,Food,Напитки,0,Fact,1057709663,3650327822,22.01.2021 12:40:23
202010,FMCG,Food,Детское питание,0,Fact,1942845664,1922358840,22.01.2021 12:40:23
202010,FMCG,Food,Молочная продукция стерилизованная,0,Fact,149762335,1491329376,22.01.2021 12:40:23
202010,FMCG,Food,Напитки,1,Fact,1470906287,3612050654,22.01.2021 12:40:23
202010,FMCG,Food,Бакалея,0,Fact,1850710745,2509838051,22.01.2021 12:40:23
202010,FMCG,Food,Молекулярная кухня,0,Fact,892231770,2380432857,22.01.2021 12:40:23
202010,FMCG,Food,Кондитерские изделия,1,Fact,3181246116,1209784635,22.01.2021 12:40:23
202010,FMCG,Food,Кондитерские изделия,0,Fact,1129966013,710004267,22.01.2021 12:40:23
202010,FMCG,Food,Молочная продукция стерилизованная,0,Fact,3867688865,1796856897,22.12.2020 12:40:23
202010,FMCG,Food,Напитки,0,Fact,3813634903,1041733784,22.12.2020 12:40:23
202010,FMCG,Food,Детское питание,1,Fact,1100790575,991494071,22.12.2020 12:40:23
202010,FMCG,Food,Бакалея,1,Fact,4255028306,3124739700,22.12.2020 12:40:23
202010,FMCG,Food,Детское питание,0,Fact,3474234844,700414350,22.12.2020 12:40:23
202010,FMCG,Food,Кондитерские изделия,1,Fact,2375089321,2711669183,22.12.2020 12:40:23
202010,FMCG,Food,Кондитерские изделия,0,Fact,2701231866,368656226,22.12.2020 12:40:23
202010,FMCG,Food,Молекулярная кухня,0,Fact,4230685988,2791642331,22.12.2020 12:40:23
202010,FMCG,Food,Молочная продукция стерилизованная,1,Fact,4075282520,3744155924,22.12.2020 12:40:23
202010,FMCG,Food,Бакалея,0,Fact,40993736,4236993926,22.12.2020 12:40:23
202010,FMCG,Food,Напитки,1,Fact,891490896,4164860945,22.12.2020 12:40:23
202010,FMCG,FreshFood,Напитки Fresh,1,Fact,224412778,1335171693,22.01.2021 12:40:23
202010,FMCG,FreshFood,Растительные аналоги Fresh,1,Fact,1645379473,1929607395,22.01.2021 12:40:23
202010,FMCG,FreshFood,Рыба  морепродукты,1,Fact,2053668939,1773761201,22.01.2021 12:40:23
202010,FMCG,FreshFood,Мясная гастрономия,1,Fact,2610374949,2933712269,22.01.2021 12:40:23
202010,FMCG,FreshFood,Кулинария и полуфабрикаты Fresh,1,Fact,1121679455,1071050845,22.01.2021 12:40:23
202010,FMCG,FreshFood,Замороженные продукты,1,Fact,3691701087,128988638,22.01.2021 12:40:23
202010,FMCG,FreshFood,Хлебобулочные изделия Fresh,1,Fact,2219626483,1254523328,22.01.2021 12:40:23
202010,FMCG,FreshFood,Мясо  птица,1,Fact,2309498662,478944261,22.01.2021 12:40:23
202010,FMCG,FreshFood,Молочная продукция и яйца Fresh,1,Fact,4293395584,3798611494,22.01.2021 12:40:23
202010,FMCG,FreshFood,Овощи  фрукты  зелень свежие,1,Fact,719755376,2135721259,22.01.2021 12:40:23
202010,FMCG,FreshFood,Мясная гастрономия,1,Fact,1597642225,1729734526,22.12.2020 12:40:23
202010,FMCG,FreshFood,Кулинария и полуфабрикаты Fresh,1,Fact,2176778472,3116951810,22.12.2020 12:40:23
202010,FMCG,FreshFood,Напитки Fresh,1,Fact,105117297,451119105,22.12.2020 12:40:23
202010,FMCG,FreshFood,Растительные аналоги Fresh,1,Fact,1294268091,3055937009,22.12.2020 12:40:23
202010,FMCG,FreshFood,Замороженные продукты,1,Fact,2751867618,513684045,22.12.2020 12:40:23
202010,FMCG,FreshFood,Рыба  морепродукты,1,Fact,68487294,573627488,22.12.2020 12:40:23
202010,FMCG,FreshFood,Хлебобулочные изделия Fresh,1,Fact,352042245,2387948882,22.12.2020 12:40:23
202010,FMCG,FreshFood,Мясо  птица,1,Fact,1385625732,3211402707,22.12.2020 12:40:23
202010,FMCG,FreshFood,Молочная продукция и яйца Fresh,1,Fact,3223209537,2119718485,22.12.2020 12:40:23
202010,FMCG,FreshFood,Овощи  фрукты  зелень свежие,1,Fact,4017484824,1383003030,22.12.2020 12:40:23
202010,FMCG,Moms&Kids,Товары для школы  канцелярия  оборудование,0,Fact,3991761923,3562308086,22.01.2021 12:40:23
202010,FMCG,Moms&Kids,Товары для школы  канцелярия  оборудование,1,Fact,88208287,3682464890,22.01.2021 12:40:23
202010,FMCG,Moms&Kids,Игрушки,0,Fact,2938747307,1898386502,22.01.2021 12:40:23
202010,FMCG,Moms&Kids,Творчество  хобби и игры,1,Fact,492790614,3136344793,22.01.2021 12:40:23
202010,FMCG,Moms&Kids,Игрушки,1,Fact,675286704,472634278,22.01.2021 12:40:23
202010,FMCG,Moms&Kids,КГТ и спорт для детей,0,Fact,3953860400,1919169662,22.01.2021 12:40:23
202010,FMCG,Moms&Kids,Творчество  хобби и игры,0,Fact,666769575,1015949656,22.01.2021 12:40:23
202010,FMCG,Moms&Kids,Игрушки,0,Fact,2902227157,3437074123,22.12.2020 12:40:23
202010,FMCG,Moms&Kids,Творчество  хобби и игры,1,Fact,2285565158,2331236443,22.12.2020 12:40:23
202010,FMCG,Moms&Kids,Игрушки,1,Fact,295008910,2893761636,22.12.2020 12:40:23
202010,FMCG,Moms&Kids,Товары для школы  канцелярия  оборудование,0,Fact,4285896515,138891093,22.12.2020 12:40:23
202010,FMCG,Moms&Kids,Товары для школы  канцелярия  оборудование,1,Fact,3334192059,3185045799,22.12.2020 12:40:23
202010,FMCG,Moms&Kids,Творчество  хобби и игры,0,Fact,3438264528,2974810862,22.12.2020 12:40:23
202010,FMCG,Moms&Kids,КГТ и спорт для детей,0,Fact,3999697590,343548251,22.12.2020 12:40:23
202010,FMCG,Zoo,Спальное место животного,0,Fact,3196918188,3519684738,22.01.2021 12:40:23
202010,FMCG,Zoo,Товары для прогулки и дрессировки животных,1,Fact,3411092109,1454274081,22.01.2021 12:40:23
202010,FMCG,Zoo,Фермерское хозяйство - Содержание  уход птицы и сельскохозяйственных животных,0,Fact,43365594,3958970502,22.01.2021 12:40:23
202010,FMCG,Zoo,Товары для прогулки и дрессировки животных,0,Fact,2355398959,3002780168,22.01.2021 12:40:23
202010,FMCG,Zoo,Гигиена и уход животных,0,Fact,4361603,4001834392,22.01.2021 12:40:23
202010,FMCG,Zoo,Фермерское хозяйство - Оборудование для птицеводства и животноводства,0,Fact,3021250322,299085360,22.01.2021 12:40:23
202010,FMCG,Zoo,Фермерское хозяйство - Корма и кормовые добавки для птицеводства и животноводства,0,Fact,4041907592,1852695189,22.01.2021 12:40:23
202010,FMCG,Zoo,Зоокорм  витамины,1,Fact,760993282,3071600692,22.01.2021 12:40:23
202010,FMCG,Zoo,Гигиена и уход животных,1,Fact,3464300305,470227655,22.01.2021 12:40:23
202010,FMCG,Zoo,Зоокорм  витамины,0,Fact,2502751689,1815827614,22.01.2021 12:40:23
202010,FMCG,Zoo,Фермерское хозяйство - Товары для пчеловодства,0,Fact,1894106175,3978335613,22.01.2021 12:40:23
202010,FMCG,Zoo,Спальное место животного,0,Fact,501029414,1835112872,22.12.2020 12:40:23
202010,FMCG,Zoo,Товары для прогулки и дрессировки животных,1,Fact,348570906,3782852672,22.12.2020 12:40:23
202010,FMCG,Zoo,Зоокорм  витамины,1,Fact,3103660460,1974026838,22.12.2020 12:40:23
202010,FMCG,Zoo,Зоокорм  витамины,0,Fact,441901096,1028060974,22.12.2020 12:40:23
202010,FMCG,Zoo,Товары для прогулки и дрессировки животных,0,Fact,2303560203,1002150161,22.12.2020 12:40:23
202010,FMCG,Zoo,Гигиена и уход животных,1,Fact,2605971719,2900081603,22.12.2020 12:40:23
202010,FMCG,Zoo,Фермерское хозяйство - Корма и кормовые добавки для птицеводства и животноводства,0,Fact,2460396932,2451868766,22.12.2020 12:40:23
202010,FMCG,Zoo,Фермерское хозяйство - Содержание  уход птицы и сельскохозяйственных животных,0,Fact,1563758598,756850356,22.12.2020 12:40:23
202010,FMCG,Zoo,Фермерское хозяйство - Товары для пчеловодства,0,Fact,1994073977,2382373469,22.12.2020 12:40:23
202010,FMCG,Zoo,Гигиена и уход животных,0,Fact,2618742628,1808755229,22.12.2020 12:40:23
202010,FMCG,Zoo,Фермерское хозяйство - Оборудование для птицеводства и животноводства,0,Fact,2076113551,3460523916,22.12.2020 12:40:23
202011,Beauty,Apparel,Детская обувь,0,Fact,1458077320,1266195564,22.01.2021 12:40:23
202011,Beauty,Apparel,Бижутерия и часы бижутерные,0,Fact,2084643344,1362415965,22.01.2021 12:40:23
202011,Beauty,Apparel,Аксессуары для взрослых и детей,0,Fact,813203223,1956022732,22.01.2021 12:40:23
202011,Beauty,Apparel,Взрослая одежда,1,Fact,2734946136,840178158,22.01.2021 12:40:23
202011,Beauty,Apparel,Аксессуары для взрослых и детей,1,Fact,2625763210,1281934432,22.01.2021 12:40:23
202011,Beauty,Apparel,Детская одежда,0,Fact,2198756142,2548541322,22.01.2021 12:40:23
202011,Beauty,Apparel,Взрослая одежда,0,Fact,439145083,1250022598,22.01.2021 12:40:23
202011,Beauty,Apparel,Взрослая обувь,0,Fact,3655502782,3098406907,22.01.2021 12:40:23
202011,Beauty,Apparel,Детская одежда,0,Fact,2496523129,2724623955,22.12.2020 12:40:23
202011,Beauty,Apparel,Взрослая одежда,0,Fact,3427292135,2107538536,22.12.2020 12:40:23
202011,Beauty,Apparel,Детская обувь,0,Fact,1432469478,856212768,22.12.2020 12:40:23
202011,Beauty,Apparel,Бижутерия и часы бижутерные,0,Fact,134414550,454207344,22.12.2020 12:40:23
202011,Beauty,Apparel,Взрослая одежда,1,Fact,3944268443,585950525,22.12.2020 12:40:23
202011,Beauty,Apparel,Аксессуары для взрослых и детей,0,Fact,2379439573,2935530583,22.12.2020 12:40:23
202011,Beauty,Apparel,Взрослая обувь,0,Fact,3798767416,1528595811,22.12.2020 12:40:23
202011,Beauty,Apparel,Аксессуары для взрослых и детей,1,Fact,3410923411,1731131523,22.12.2020 12:40:23
202011,Beauty,Health&Beauty,Косметические аксессуары,0,Fact,924439362,2778537561,22.01.2021 12:40:23
202011,Beauty,Health&Beauty,Косметика для ухода за кожей,1,Fact,1873996345,1675372338,22.01.2021 12:40:23
202011,Beauty,Health&Beauty,Косметика для ухода за кожей,0,Fact,944604767,1667309435,22.01.2021 12:40:23
202011,Beauty,Health&Beauty,Парфюмерия  ароматерапия,0,Fact,2907292088,1378196232,22.01.2021 12:40:23
202011,Beauty,Health&Beauty,Косметические аксессуары,1,Fact,2832801342,2768318804,22.01.2021 12:40:23
202011,Beauty,Health&Beauty,Косметические средства для детей и беременных,1,Fact,968903192,2968955990,22.01.2021 12:40:23
202011,Beauty,Health&Beauty,Косметическая техника,0,Fact,2192352093,4184526700,22.01.2021 12:40:23
202011,Beauty,Health&Beauty,Уход и гигиена,1,Fact,965845925,544135138,22.01.2021 12:40:23
202011,Beauty,Health&Beauty,Косметические средства для детей и беременных,0,Fact,2466332689,1453451994,22.01.2021 12:40:23
202011,Beauty,Health&Beauty,Косметика для ухода за волосами,1,Fact,4025505020,2030576502,22.01.2021 12:40:23
202011,Beauty,Health&Beauty,Декоративная косметика,0,Fact,3786076677,3552602542,22.01.2021 12:40:23
202011,Beauty,Health&Beauty,Косметика для ухода за волосами,0,Fact,955166688,2425225401,22.01.2021 12:40:23
202011,Beauty,Health&Beauty,Уход и гигиена,0,Fact,3751812946,3755667597,22.01.2021 12:40:23
202011,Beauty,Health&Beauty,Декоративная косметика,1,Fact,985241787,3976004994,22.01.2021 12:40:23
202011,Beauty,Health&Beauty,Парфюмерия  ароматерапия,0,Fact,1202236679,1184657586,22.12.2020 12:40:23
202011,Beauty,Health&Beauty,Косметические аксессуары,1,Fact,3660929318,172183941,22.12.2020 12:40:23
202011,Beauty,Health&Beauty,Косметические средства для детей и беременных,1,Fact,539546196,2062276666,22.12.2020 12:40:23
202011,Beauty,Health&Beauty,Косметические аксессуары,0,Fact,2552880948,2994987955,22.12.2020 12:40:23
202011,Beauty,Health&Beauty,Косметика для ухода за волосами,1,Fact,1824616781,1535060447,22.12.2020 12:40:23
202011,Beauty,Health&Beauty,Уход и гигиена,1,Fact,1993532982,907603731,22.12.2020 12:40:23
202011,Beauty,Health&Beauty,Декоративная косметика,0,Fact,3697544858,2923691417,22.12.2020 12:40:23
202011,Beauty,Health&Beauty,Уход и гигиена,0,Fact,1413525984,508958675,22.12.2020 12:40:23
202011,Beauty,Health&Beauty,Косметика для ухода за волосами,0,Fact,1591833708,3987419596,22.12.2020 12:40:23
202011,Beauty,Health&Beauty,Косметическая техника,0,Fact,3023008746,1090559599,22.12.2020 12:40:23
202011,Beauty,Health&Beauty,Косметические средства для детей и беременных,0,Fact,3129820658,1766063172,22.12.2020 12:40:23
202011,Beauty,Health&Beauty,Косметика для ухода за кожей,1,Fact,3291689896,2383962963,22.12.2020 12:40:23
202011,Beauty,Health&Beauty,Декоративная косметика,1,Fact,860364170,3355044385,22.12.2020 12:40:23
202011,Beauty,Health&Beauty,Косметика для ухода за кожей,0,Fact,2715427015,2083414937,22.12.2020 12:40:23
202011,Beauty,Jewelry,Ювелирные изделия,0,Fact,2388014838,3789460838,22.01.2021 12:40:23
202011,Beauty,Jewelry,Ювелирные изделия,0,Fact,2231404785,2028909821,22.12.2020 12:40:23
202011,Beauty,Pharmacy,Ортопедия и компрессионный трикотаж,0,Fact,2122197780,3244149632,22.01.2021 12:40:23
202011,Beauty,Pharmacy,Медицинская техника,0,Fact,2597575427,2742612919,22.01.2021 12:40:23
202011,Beauty,Pharmacy,Товары для взрослых,1,Fact,3293531002,3858599909,22.01.2021 12:40:23
202011,Beauty,Pharmacy,Парафармацевтика,0,Fact,545921110,2207793768,22.01.2021 12:40:23
202011,Beauty,Pharmacy,Уход и гигиена,0,Fact,3273750585,416495522,22.01.2021 12:40:23
202011,Beauty,Pharmacy,Витамины и БАДы,1,Fact,3200596908,1087421461,22.01.2021 12:40:23
202011,Beauty,Pharmacy,Товары для взрослых,0,Fact,1582367300,3060217283,22.01.2021 12:40:23
202011,Beauty,Pharmacy,Тату,0,Fact,3675767607,791790343,22.01.2021 12:40:23
202011,Beauty,Pharmacy,Медицинские изделия,1,Fact,3032491090,3236171013,22.01.2021 12:40:23
202011,Beauty,Pharmacy,Спортивное питание,1,Fact,2053003178,1852983340,22.01.2021 12:40:23
202011,Beauty,Pharmacy,Витамины и БАДы,0,Fact,1663506249,3347685089,22.01.2021 12:40:23
202011,Beauty,Pharmacy,Средства реабилитации,0,Fact,2219572409,841789463,22.01.2021 12:40:23
202011,Beauty,Pharmacy,Парафармацевтика,1,Fact,3372675746,3862338682,22.01.2021 12:40:23
202011,Beauty,Pharmacy,Антибактериальные  дезинфицирующие средства,1,Fact,2362896747,3563833292,22.01.2021 12:40:23
202011,Beauty,Pharmacy,Средства реабилитации,1,Fact,927516031,13003185,22.01.2021 12:40:23
202011,Beauty,Pharmacy,Медицинские изделия,0,Fact,1616966314,3392043806,22.01.2021 12:40:23
202011,Beauty,Pharmacy,Оптика,0,Fact,758154654,3514302413,22.01.2021 12:40:23
202011,Beauty,Pharmacy,Лекарственные средства,0,Fact,4190816529,2078142160,22.01.2021 12:40:23
202011,Beauty,Pharmacy,Оптика,1,Fact,910827912,2993756557,22.01.2021 12:40:23
202011,Beauty,Pharmacy,Профессиональный уход за полостью рта,0,Fact,1082049205,15511707,22.01.2021 12:40:23
202011,Beauty,Pharmacy,Уход и гигиена,1,Fact,1494201452,2441472665,22.01.2021 12:40:23
202011,Beauty,Pharmacy,Антибактериальные  дезинфицирующие средства,0,Fact,999112877,1286166387,22.01.2021 12:40:23
202011,Beauty,Pharmacy,Лекарственные средства для животных,0,Fact,2199307718,4215728147,22.01.2021 12:40:23
202011,Beauty,Pharmacy,Электронные сигареты  парители  кальяны,1,Fact,3973430141,1985001441,22.01.2021 12:40:23
202011,Beauty,Pharmacy,Спортивное питание,0,Fact,3560663951,3066535713,22.01.2021 12:40:23
202011,Beauty,Pharmacy,Электронные сигареты  парители  кальяны,0,Fact,2292577274,4017767110,22.01.2021 12:40:23
202011,Beauty,Pharmacy,Электронные сигареты  парители  кальяны,1,Fact,2841105508,1097292362,22.12.2020 12:40:23
202011,Beauty,Pharmacy,Товары для взрослых,0,Fact,2399008582,3703468022,22.12.2020 12:40:23
202011,Beauty,Pharmacy,Медицинские изделия,1,Fact,3160525228,3918695113,22.12.2020 12:40:23
202011,Beauty,Pharmacy,Спортивное питание,1,Fact,1540618575,1255985683,22.12.2020 12:40:23
202011,Beauty,Pharmacy,Электронные сигареты  парители  кальяны,0,Fact,315222205,1992709436,22.12.2020 12:40:23
202011,Beauty,Pharmacy,Витамины и БАДы,0,Fact,3695815810,3300582724,22.12.2020 12:40:23
202011,Beauty,Pharmacy,Парафармацевтика,0,Fact,4057351526,3156214252,22.12.2020 12:40:23
202011,Beauty,Pharmacy,Антибактериальные  дезинфицирующие средства,1,Fact,878833652,2083077733,22.12.2020 12:40:23
202011,Beauty,Pharmacy,Медицинские изделия,0,Fact,2955188494,4059334941,22.12.2020 12:40:23
202011,Beauty,Pharmacy,Ортопедия и компрессионный трикотаж,0,Fact,3571655545,3653976322,22.12.2020 12:40:23
202011,Beauty,Pharmacy,Медицинская техника,0,Fact,1737120371,58375626,22.12.2020 12:40:23
202011,Beauty,Pharmacy,Товары для взрослых,1,Fact,407303063,249733453,22.12.2020 12:40:23
202011,Beauty,Pharmacy,Парафармацевтика,1,Fact,750892865,4978456,22.12.2020 12:40:23
202011,Beauty,Pharmacy,Тату,0,Fact,368530628,3951859513,22.12.2020 12:40:23
202011,Beauty,Pharmacy,Уход и гигиена,0,Fact,2446263064,1536362153,22.12.2020 12:40:23
202011,Beauty,Pharmacy,Витамины и БАДы,1,Fact,2857417660,1787933513,22.12.2020 12:40:23
202011,Beauty,Pharmacy,Оптика,1,Fact,3013118269,4144685302,22.12.2020 12:40:23
202011,Beauty,Pharmacy,Профессиональный уход за полостью рта,0,Fact,2549103003,2899029281,22.12.2020 12:40:23
202011,Beauty,Pharmacy,Средства реабилитации,0,Fact,968293954,2827172846,22.12.2020 12:40:23
202011,Beauty,Pharmacy,Антибактериальные  дезинфицирующие средства,0,Fact,3706133790,3914558073,22.12.2020 12:40:23
202011,Beauty,Pharmacy,Уход и гигиена,1,Fact,104035322,1036457635,22.12.2020 12:40:23
202011,Beauty,Pharmacy,Средства реабилитации,1,Fact,3071513380,3452435690,22.12.2020 12:40:23
202011,Beauty,Pharmacy,Лекарственные средства для животных,0,Fact,3933033510,2643173256,22.12.2020 12:40:23
202011,Beauty,Pharmacy,Спортивное питание,0,Fact,1551934641,2102033962,22.12.2020 12:40:23
202011,Beauty,Pharmacy,Оптика,0,Fact,97064466,28384310,22.12.2020 12:40:23
202011,Beauty,Pharmacy,Лекарственные средства,0,Fact,1463106079,1446426781,22.12.2020 12:40:23
202011,ES + Home,Auto&Moto,Универсальные авто и мото аксессуары,0,Fact,2369225839,3342807099,22.01.2021 12:40:23
202011,ES + Home,Auto&Moto,Масла и автохимия,0,Fact,259489179,2684840481,22.01.2021 12:40:23
202011,ES + Home,Auto&Moto,Масла и автохимия,1,Fact,1871979115,2648080284,22.01.2021 12:40:23
202011,ES + Home,Auto&Moto,Дополнительное оборудование для авто и мото техники,0,Fact,3727381951,3076836579,22.01.2021 12:40:23
202011,ES + Home,Auto&Moto,Автомобили и мототехника,0,Fact,2799635673,3278987384,22.01.2021 12:40:23
202011,ES + Home,Auto&Moto,Шины и диски,0,Fact,272787710,4196064648,22.01.2021 12:40:23
202011,ES + Home,Auto&Moto,Авто и мото запчасти,1,Fact,2604591125,1631463955,22.01.2021 12:40:23
202011,ES + Home,Auto&Moto,Автоинструменты и гаражное оборудование,0,Fact,1388628407,4089829242,22.01.2021 12:40:23
202011,ES + Home,Auto&Moto,Авто и мото запчасти,0,Fact,2527001276,1229624577,22.01.2021 12:40:23
202011,ES + Home,Auto&Moto,Универсальные авто и мото аксессуары,0,Fact,1427585825,2151559599,22.12.2020 12:40:23
202011,ES + Home,Auto&Moto,Масла и автохимия,1,Fact,1876111823,626790288,22.12.2020 12:40:23
202011,ES + Home,Auto&Moto,Авто и мото запчасти,1,Fact,673921465,477864089,22.12.2020 12:40:23
202011,ES + Home,Auto&Moto,Авто и мото запчасти,0,Fact,3842800301,2756634344,22.12.2020 12:40:23
202011,ES + Home,Auto&Moto,Масла и автохимия,0,Fact,550259230,592921335,22.12.2020 12:40:23
202011,ES + Home,Auto&Moto,Автоинструменты и гаражное оборудование,0,Fact,380707260,3400798801,22.12.2020 12:40:23
202011,ES + Home,Auto&Moto,Дополнительное оборудование для авто и мото техники,0,Fact,2774649426,4287965004,22.12.2020 12:40:23
202011,ES + Home,Auto&Moto,Автомобили и мототехника,0,Fact,3253175212,1825655357,22.12.2020 12:40:23
202011,ES + Home,Auto&Moto,Шины и диски,0,Fact,2370497882,3753329672,22.12.2020 12:40:23
202011,ES + Home,Books,Учебная литература,0,Fact,81450491,3692073061,22.01.2021 12:40:23
202011,ES + Home,Books,Блокноты с ISBN,0,Fact,2759942714,2808992348,22.01.2021 12:40:23
202011,ES + Home,Books,Бизнес-литература,0,Fact,1290873737,2695975685,22.01.2021 12:40:23
202011,ES + Home,Books,ПО на физических носителях,0,Fact,1756542487,249184429,22.01.2021 12:40:23
202011,ES + Home,Books,Иностранное издание,0,Fact,1810561059,551274297,22.01.2021 12:40:23
202011,ES + Home,Books,Современная печатная книга,1,Fact,3254935411,3068393661,22.01.2021 12:40:23
202011,ES + Home,Books,Книги детям и родителям,0,Fact,4266425842,3254666370,22.01.2021 12:40:23
202011,ES + Home,Books,Комиксы,0,Fact,1270286301,1377327454,22.01.2021 12:40:23
202011,ES + Home,Books,Книга по требованию,0,Fact,2934570795,3148816909,22.01.2021 12:40:23
202011,ES + Home,Books,Цифровая книга,0,Fact,2875820965,2986441291,22.01.2021 12:40:23
202011,ES + Home,Books,Антикварное издание,0,Fact,1285854660,206940610,22.01.2021 12:40:23
202011,ES + Home,Books,Second-hand книга,0,Fact,2500774348,3311975436,22.01.2021 12:40:23
202011,ES + Home,Books,Нехудожественная литература,0,Fact,315311191,2935581990,22.01.2021 12:40:23
202011,ES + Home,Books,Календари,0,Fact,287816695,3522212347,22.01.2021 12:40:23
202011,ES + Home,Books,Second-hand книга,1,Fact,1560281131,2490498520,22.01.2021 12:40:23
202011,ES + Home,Books,Современная печатная книга,0,Fact,1408802654,1838573312,22.01.2021 12:40:23
202011,ES + Home,Books,Цифровая аудиокнига,0,Fact,561978140,3280549640,22.01.2021 12:40:23
202011,ES + Home,Books,Манга,0,Fact,2816496384,2692818603,22.01.2021 12:40:23
202011,ES + Home,Books,Художественная литература,0,Fact,3612699815,3541700767,22.01.2021 12:40:23
202011,ES + Home,Books,Современные листовые издания,0,Fact,3725082192,207721223,22.01.2021 12:40:23
202011,ES + Home,Books,Современные картографические издания,0,Fact,3154152945,2578869896,22.01.2021 12:40:23
202011,ES + Home,Books,Аудиокнига,0,Fact,1494792520,2286904822,22.01.2021 12:40:23
202011,ES + Home,Books,Литература на иностранном языке,0,Fact,4261321208,2487495558,22.01.2021 12:40:23
202011,ES + Home,Books,Букинистическое издание,0,Fact,3707631316,3131920691,22.01.2021 12:40:23
202011,ES + Home,Books,Блокноты с ISBN,0,Fact,36241081,320515589,22.12.2020 12:40:23
202011,ES + Home,Books,Иностранное издание,0,Fact,3702695629,1864461234,22.12.2020 12:40:23
202011,ES + Home,Books,Современная печатная книга,1,Fact,1640736798,4260878606,22.12.2020 12:40:23
202011,ES + Home,Books,Книги детям и родителям,0,Fact,2641476154,1957374694,22.12.2020 12:40:23
202011,ES + Home,Books,Комиксы,0,Fact,349137233,3900852911,22.12.2020 12:40:23
202011,ES + Home,Books,Книга по требованию,0,Fact,1234424411,3268356907,22.12.2020 12:40:23
202011,ES + Home,Books,Цифровая книга,0,Fact,1758606065,3446991592,22.12.2020 12:40:23
202011,ES + Home,Books,Антикварное издание,0,Fact,348731929,246017335,22.12.2020 12:40:23
202011,ES + Home,Books,Художественная литература,0,Fact,2694662006,154894160,22.12.2020 12:40:23
202011,ES + Home,Books,Учебная литература,0,Fact,1963467589,986088435,22.12.2020 12:40:23
202011,ES + Home,Books,Современные картографические издания,0,Fact,1248469167,39528369,22.12.2020 12:40:23
202011,ES + Home,Books,ПО на физических носителях,0,Fact,3341739565,96370172,22.12.2020 12:40:23
202011,ES + Home,Books,Аудиокнига,0,Fact,863368327,3892061,22.12.2020 12:40:23
202011,ES + Home,Books,Литература на иностранном языке,0,Fact,457651055,1588979402,22.12.2020 12:40:23
202011,ES + Home,Books,Букинистическое издание,0,Fact,359010243,581284042,22.12.2020 12:40:23
202011,ES + Home,Books,Second-hand книга,0,Fact,1723367601,3001377729,22.12.2020 12:40:23
202011,ES + Home,Books,Нехудожественная литература,0,Fact,1876412585,4286557445,22.12.2020 12:40:23
202011,ES + Home,Books,Календари,0,Fact,2355769372,3918001908,22.12.2020 12:40:23
202011,ES + Home,Books,Бизнес-литература,0,Fact,1966670592,145031748,22.12.2020 12:40:23
202011,ES + Home,Books,Second-hand книга,1,Fact,744352448,3311579679,22.12.2020 12:40:23
202011,ES + Home,Books,Современная печатная книга,0,Fact,4142446676,1168133315,22.12.2020 12:40:23
202011,ES + Home,Books,Цифровая аудиокнига,0,Fact,4221985770,2934831793,22.12.2020 12:40:23
202011,ES + Home,Books,Манга,0,Fact,3460200196,3554496139,22.12.2020 12:40:23
202011,ES + Home,Books,Современные листовые издания,0,Fact,165895250,19343936,22.12.2020 12:40:23
202011,ES + Home,Digital,Програмное обеспечение Digital,0,Fact,144474128,1528407964,22.01.2021 12:40:23
202011,ES + Home,Digital,Програмное обеспечение Digital,0,Fact,1623386732,1266977510,22.12.2020 12:40:23
202011,ES + Home,DIY,Сад и огород,0,Fact,3297520189,1839716584,22.01.2021 12:40:23
202011,ES + Home,DIY,Сад и огород,1,Fact,747284776,3702274111,22.01.2021 12:40:23
202011,ES + Home,DIY,Ремонт и строительство,0,Fact,475907974,4161362002,22.01.2021 12:40:23
202011,ES + Home,DIY,Освещение,1,Fact,4155444952,1314437130,22.01.2021 12:40:23
202011,ES + Home,DIY,Фильтры для воды,1,Fact,2346723235,3581301153,22.01.2021 12:40:23
202011,ES + Home,DIY,Сантехника,0,Fact,913168116,1640523587,22.01.2021 12:40:23
202011,ES + Home,DIY,Фильтры для воды,0,Fact,1034910952,2328257818,22.01.2021 12:40:23
202011,ES + Home,DIY,Инструменты,0,Fact,3857252425,4139078464,22.01.2021 12:40:23
202011,ES + Home,DIY,Освещение,0,Fact,3717438148,4272200276,22.01.2021 12:40:23
202011,ES + Home,DIY,Сад и огород,1,Fact,257514731,2707159322,22.12.2020 12:40:23
202011,ES + Home,DIY,Ремонт и строительство,0,Fact,1325491868,3273215236,22.12.2020 12:40:23
202011,ES + Home,DIY,Сад и огород,0,Fact,3849042115,1655888747,22.12.2020 12:40:23
202011,ES + Home,DIY,Фильтры для воды,0,Fact,3919033405,2220725355,22.12.2020 12:40:23
202011,ES + Home,DIY,Инструменты,0,Fact,2553717135,3179300028,22.12.2020 12:40:23
202011,ES + Home,DIY,Освещение,1,Fact,322783154,3762162446,22.12.2020 12:40:23
202011,ES + Home,DIY,Освещение,0,Fact,4251289210,1802378552,22.12.2020 12:40:23
202011,ES + Home,DIY,Фильтры для воды,1,Fact,2577390540,2409672017,22.12.2020 12:40:23
202011,ES + Home,DIY,Сантехника,0,Fact,2587132813,2243438972,22.12.2020 12:40:23
202011,ES + Home,Furniture,Мебель для сна,0,Fact,213460466,2612016852,22.01.2021 12:40:23
202011,ES + Home,Furniture,Мягкая мебель,0,Fact,2692866393,3116765896,22.01.2021 12:40:23
202011,ES + Home,Furniture,Корпусная мебель и мебель для хранения,0,Fact,1706374909,2890555351,22.01.2021 12:40:23
202011,ES + Home,Furniture,Мебель для сада,0,Fact,1531878495,972137386,22.01.2021 12:40:23
202011,ES + Home,Furniture,Столы и стулья,0,Fact,3918367085,2909177003,22.01.2021 12:40:23
202011,ES + Home,Furniture,Прочая мебель,0,Fact,2643281272,2626851521,22.01.2021 12:40:23
202011,ES + Home,Furniture,Компьютерная и офисная мебель,0,Fact,660174116,3670528187,22.01.2021 12:40:23
202011,ES + Home,Furniture,Мебель для сада,0,Fact,2897773741,3444277188,22.12.2020 12:40:23
202011,ES + Home,Furniture,Мебель для сна,0,Fact,2730558906,158336378,22.12.2020 12:40:23
202011,ES + Home,Furniture,Мягкая мебель,0,Fact,288004851,256363850,22.12.2020 12:40:23
202011,ES + Home,Furniture,Корпусная мебель и мебель для хранения,0,Fact,3088009736,1168885119,22.12.2020 12:40:23
202011,ES + Home,Furniture,Прочая мебель,0,Fact,2743837229,3552211870,22.12.2020 12:40:23
202011,ES + Home,Furniture,Компьютерная и офисная мебель,0,Fact,2012877396,3522498406,22.12.2020 12:40:23
202011,ES + Home,Furniture,Столы и стулья,0,Fact,1003318754,2213808825,22.12.2020 12:40:23
202011,ES + Home,Household,Аксессуары для уборки и стирки,1,Fact,3062769222,3586086540,22.01.2021 12:40:23
202011,ES + Home,Household,Принадлежности для Нового года,0,Fact,317934806,1795572104,22.01.2021 12:40:23
202011,ES + Home,Household,Интерьер и декор,0,Fact,3769147481,1978893645,22.01.2021 12:40:23
202011,ES + Home,Household,Домашний текстиль,0,Fact,2850550179,433262815,22.01.2021 12:40:23
202011,ES + Home,Household,Домашний текстиль,1,Fact,4085892267,1684536737,22.01.2021 12:40:23
202011,ES + Home,Household,Кухня,1,Fact,1392372936,1429255799,22.01.2021 12:40:23
202011,ES + Home,Household,Аксессуары для уборки и стирки,0,Fact,1939286590,329518006,22.01.2021 12:40:23
202011,ES + Home,Household,Кухня,0,Fact,2031612400,359713791,22.01.2021 12:40:23
202011,ES + Home,Household,Ванная комната,0,Fact,1981457302,2343841089,22.01.2021 12:40:23
202011,ES + Home,Household,Антиквариат Хоум Декор,0,Fact,1406223799,4011007456,22.01.2021 12:40:23
202011,ES + Home,Household,Ритуальные изделия,0,Fact,492766475,1688260935,22.01.2021 12:40:23
202011,ES + Home,Household,Интерьер и декор,1,Fact,740129559,1466273109,22.01.2021 12:40:23
202011,ES + Home,Household,Хранение,0,Fact,2870840909,1537852964,22.01.2021 12:40:23
202011,ES + Home,Household,Кухня,1,Fact,2211919758,1422106121,22.12.2020 12:40:23
202011,ES + Home,Household,Аксессуары для уборки и стирки,0,Fact,2398891329,345848449,22.12.2020 12:40:23
202011,ES + Home,Household,Кухня,0,Fact,1307476387,2372341193,22.12.2020 12:40:23
202011,ES + Home,Household,Аксессуары для уборки и стирки,1,Fact,1817859185,1520346981,22.12.2020 12:40:23
202011,ES + Home,Household,Принадлежности для Нового года,0,Fact,2901385477,2531454179,22.12.2020 12:40:23
202011,ES + Home,Household,Интерьер и декор,0,Fact,3381719420,3033937494,22.12.2020 12:40:23
202011,ES + Home,Household,Домашний текстиль,0,Fact,2324546720,3332754946,22.12.2020 12:40:23
202011,ES + Home,Household,Домашний текстиль,1,Fact,4177802318,1551782189,22.12.2020 12:40:23
202011,ES + Home,Household,Ванная комната,0,Fact,3460916165,854679097,22.12.2020 12:40:23
202011,ES + Home,Household,Интерьер и декор,1,Fact,3117952967,1807209883,22.12.2020 12:40:23
202011,ES + Home,Household,Хранение,0,Fact,1708318138,1235784917,22.12.2020 12:40:23
202011,ES + Home,Household,Ритуальные изделия,0,Fact,1587010529,2715695236,22.12.2020 12:40:23
202011,ES + Home,Household,Антиквариат Хоум Декор,0,Fact,3610981122,2839095900,22.12.2020 12:40:23
202011,ES + Home,Laptops & Computers,Компьютерная офисная техника Lap&Comp,0,Fact,656822694,4222453284,22.01.2021 12:40:23
202011,ES + Home,Laptops & Computers,Компьютерная периферия Lap&Comp,0,Fact,1990054667,1788688993,22.01.2021 12:40:23
202011,ES + Home,Laptops & Computers,Расходный материал для электроники Lap&Comp,1,Fact,362485373,88211996,22.01.2021 12:40:23
202011,ES + Home,Laptops & Computers,Компьютеры Lap&Comp,0,Fact,850418624,3967151372,22.01.2021 12:40:23
202011,ES + Home,Laptops & Computers,Компьютерная периферия Lap&Comp,1,Fact,4070013639,704647070,22.01.2021 12:40:23
202011,ES + Home,Laptops & Computers,Домашняя Аудио и Видеотехника Lap&Comp,0,Fact,2929912167,3490928059,22.01.2021 12:40:23
202011,ES + Home,Laptops & Computers,Расходный материал для электроники Lap&Comp,0,Fact,2189024568,2535533440,22.01.2021 12:40:23
202011,ES + Home,Laptops & Computers,Компьютерная периферия Lap&Comp,0,Fact,2964504880,2436557194,22.12.2020 12:40:23
202011,ES + Home,Laptops & Computers,Компьютерная офисная техника Lap&Comp,0,Fact,1529803542,2033097039,22.12.2020 12:40:23
202011,ES + Home,Laptops & Computers,Расходный материал для электроники Lap&Comp,1,Fact,1407270610,1361522625,22.12.2020 12:40:23
202011,ES + Home,Laptops & Computers,Расходный материал для электроники Lap&Comp,0,Fact,3313073932,601485098,22.12.2020 12:40:23
202011,ES + Home,Laptops & Computers,Компьютеры Lap&Comp,0,Fact,2144981220,736372649,22.12.2020 12:40:23
202011,ES + Home,Laptops & Computers,Компьютерная периферия Lap&Comp,1,Fact,402730540,2787373760,22.12.2020 12:40:23
202011,ES + Home,Laptops & Computers,Домашняя Аудио и Видеотехника Lap&Comp,0,Fact,4072627739,4130061193,22.12.2020 12:40:23
202011,ES + Home,Major Domestic Appliances,Крупная бытовая техника MDA,0,Fact,2530593991,3932917565,22.01.2021 12:40:23
202011,ES + Home,Major Domestic Appliances,Крупная бытовая техника MDA,0,Fact,1496819042,919720943,22.12.2020 12:40:23
202011,ES + Home,Miscellaneous accessories,Средства связи Access,0,Fact,967102767,295667716,22.01.2021 12:40:23
202011,ES + Home,Miscellaneous accessories,Фото и видео Access,0,Fact,2688034856,3233335846,22.01.2021 12:40:23
202011,ES + Home,Miscellaneous accessories,Средства связи Access,1,Fact,2232643676,2278885422,22.01.2021 12:40:23
202011,ES + Home,Miscellaneous accessories,Компьютерная периферия Access,0,Fact,1096818057,1363733499,22.01.2021 12:40:23
202011,ES + Home,Miscellaneous accessories,Электропитание Access,1,Fact,981004870,574479341,22.01.2021 12:40:23
202011,ES + Home,Miscellaneous accessories,Автомобильная техника Access,0,Fact,1763097301,3992625760,22.01.2021 12:40:23
202011,ES + Home,Miscellaneous accessories,Электропитание Access,0,Fact,1181572201,1915857863,22.01.2021 12:40:23
202011,ES + Home,Miscellaneous accessories,Бытовая техника Access,0,Fact,2972309955,2259986382,22.01.2021 12:40:23
202011,ES + Home,Miscellaneous accessories,Игровые приставки и аксессуары Access,0,Fact,2216257800,517068874,22.01.2021 12:40:23
202011,ES + Home,Miscellaneous accessories,Домашняя Аудио и Видеотехника Access,0,Fact,574163819,1430636530,22.01.2021 12:40:23
202011,ES + Home,Miscellaneous accessories,Расходный материал для электроники Access,0,Fact,2125783404,55106915,22.01.2021 12:40:23
202011,ES + Home,Miscellaneous accessories,Оборудование Access,0,Fact,2026922752,1624815110,22.01.2021 12:40:23
202011,ES + Home,Miscellaneous accessories,Электронные товары хобби и отдых Access,0,Fact,2106022480,9368982,22.01.2021 12:40:23
202011,ES + Home,Miscellaneous accessories,Компьютеры Access,0,Fact,1177467039,385059632,22.01.2021 12:40:23
202011,ES + Home,Miscellaneous accessories,Компьютеры Access,1,Fact,124481131,1107873131,22.01.2021 12:40:23
202011,ES + Home,Miscellaneous accessories,Бытовая техника Access,1,Fact,2145061843,1547448703,22.01.2021 12:40:23
202011,ES + Home,Miscellaneous accessories,Компьютерная периферия Access,0,Fact,837935626,3380703446,22.12.2020 12:40:23
202011,ES + Home,Miscellaneous accessories,Автомобильная техника Access,0,Fact,66468580,404150820,22.12.2020 12:40:23
202011,ES + Home,Miscellaneous accessories,Электропитание Access,1,Fact,4075018095,3023355184,22.12.2020 12:40:23
202011,ES + Home,Miscellaneous accessories,Средства связи Access,0,Fact,967243010,3632615312,22.12.2020 12:40:23
202011,ES + Home,Miscellaneous accessories,Средства связи Access,1,Fact,215238820,243619089,22.12.2020 12:40:23
202011,ES + Home,Miscellaneous accessories,Электропитание Access,0,Fact,2088640018,2238415049,22.12.2020 12:40:23
202011,ES + Home,Miscellaneous accessories,Бытовая техника Access,0,Fact,3296545169,3538425629,22.12.2020 12:40:23
202011,ES + Home,Miscellaneous accessories,Бытовая техника Access,1,Fact,1939252411,1711828187,22.12.2020 12:40:23
202011,ES + Home,Miscellaneous accessories,Игровые приставки и аксессуары Access,0,Fact,2081707871,1838527336,22.12.2020 12:40:23
202011,ES + Home,Miscellaneous accessories,Компьютеры Access,0,Fact,2242205596,663520269,22.12.2020 12:40:23
202011,ES + Home,Miscellaneous accessories,Электронные товары хобби и отдых Access,0,Fact,2007343392,2176087981,22.12.2020 12:40:23
202011,ES + Home,Miscellaneous accessories,Домашняя Аудио и Видеотехника Access,0,Fact,348240345,187174773,22.12.2020 12:40:23
202011,ES + Home,Miscellaneous accessories,Расходный материал для электроники Access,0,Fact,1552463318,2437652305,22.12.2020 12:40:23
202011,ES + Home,Miscellaneous accessories,Компьютеры Access,1,Fact,2106452952,582765677,22.12.2020 12:40:23
202011,ES + Home,Miscellaneous accessories,Фото и видео Access,0,Fact,3527442454,2041599458,22.12.2020 12:40:23
202011,ES + Home,Miscellaneous accessories,Оборудование Access,0,Fact,966110052,1051932309,22.12.2020 12:40:23
202011,ES + Home,Small Domestic Appliances,Оборудование SDA,0,Fact,3731236565,3285732653,22.01.2021 12:40:23
202011,ES + Home,Small Domestic Appliances,Мелкая бытовая техника SDA,1,Fact,3910486784,3509714229,22.01.2021 12:40:23
202011,ES + Home,Small Domestic Appliances,Мелкая бытовая техника SDA,0,Fact,3926979819,1359126010,22.01.2021 12:40:23
202011,ES + Home,Small Domestic Appliances,Мелкая бытовая техника SDA,1,Fact,3725162971,3660284792,22.12.2020 12:40:23
202011,ES + Home,Small Domestic Appliances,Оборудование SDA,0,Fact,3800036527,3510647664,22.12.2020 12:40:23
202011,ES + Home,Small Domestic Appliances,Мелкая бытовая техника SDA,0,Fact,1674065349,258217942,22.12.2020 12:40:23
202011,ES + Home,Smartphones & Tablets,Компьютеры Smart&Tablets,1,Fact,3201140197,1473285159,22.01.2021 12:40:23
202011,ES + Home,Smartphones & Tablets,Средства связи Smart&Tablets,0,Fact,1673220286,3407431346,22.01.2021 12:40:23
202011,ES + Home,Smartphones & Tablets,Средства связи Smart&Tablets,1,Fact,1256416062,529629440,22.01.2021 12:40:23
202011,ES + Home,Smartphones & Tablets,Компьютеры Smart&Tablets,0,Fact,236992331,710080296,22.01.2021 12:40:23
202011,ES + Home,Smartphones & Tablets,Средства связи Smart&Tablets,0,Fact,659688516,536829629,22.12.2020 12:40:23
202011,ES + Home,Smartphones & Tablets,Средства связи Smart&Tablets,1,Fact,2319588146,1503656758,22.12.2020 12:40:23
202011,ES + Home,Smartphones & Tablets,Компьютеры Smart&Tablets,1,Fact,3515194526,2944618050,22.12.2020 12:40:23
202011,ES + Home,Smartphones & Tablets,Компьютеры Smart&Tablets,0,Fact,1785745234,3334902037,22.12.2020 12:40:23
202011,ES + Home,Sport,Товары для рыбалки,0,Fact,1207293077,759287272,22.01.2021 12:40:23
202011,ES + Home,Sport,Единоборства,0,Fact,1148860388,1717740640,22.01.2021 12:40:23
202011,ES + Home,Sport,Цирковое искусство,0,Fact,536692932,3122746050,22.01.2021 12:40:23
202011,ES + Home,Sport,Тренажеры и фитнес,1,Fact,673107844,3347672560,22.01.2021 12:40:23
202011,ES + Home,Sport,Всесезонные виды спорта,0,Fact,1533661113,544181989,22.01.2021 12:40:23
202011,ES + Home,Sport,Товары для охоты,0,Fact,3247604974,3393501472,22.01.2021 12:40:23
202011,ES + Home,Sport,Летние виды спорта,0,Fact,731636243,2847853511,22.01.2021 12:40:23
202011,ES + Home,Sport,Зимние виды спорта,0,Fact,201555248,3386261243,22.01.2021 12:40:23
202011,ES + Home,Sport,Страйкбол и пневматика,0,Fact,540678997,2234800090,22.01.2021 12:40:23
202011,ES + Home,Sport,Туризм,0,Fact,2935344034,479052547,22.01.2021 12:40:23
202011,ES + Home,Sport,Тренажеры и фитнес,0,Fact,3526520583,2513174036,22.01.2021 12:40:23
202011,ES + Home,Sport,Спортивные аксессуары,1,Fact,616904442,3705507660,22.01.2021 12:40:23
202011,ES + Home,Sport,Спортивные аксессуары,0,Fact,2178602571,2775153688,22.01.2021 12:40:23
202011,ES + Home,Sport,Товары для охоты,0,Fact,2906229604,437846804,22.12.2020 12:40:23
202011,ES + Home,Sport,Летние виды спорта,0,Fact,2575421511,4123554749,22.12.2020 12:40:23
202011,ES + Home,Sport,Спортивные аксессуары,1,Fact,2661041445,1806347951,22.12.2020 12:40:23
202011,ES + Home,Sport,Единоборства,0,Fact,2597191065,4169651864,22.12.2020 12:40:23
202011,ES + Home,Sport,Зимние виды спорта,0,Fact,362222307,1376800311,22.12.2020 12:40:23
202011,ES + Home,Sport,Спортивные аксессуары,0,Fact,1788886341,4047366437,22.12.2020 12:40:23
202011,ES + Home,Sport,Товары для рыбалки,0,Fact,4017236207,3785564100,22.12.2020 12:40:23
202011,ES + Home,Sport,Цирковое искусство,0,Fact,1246353733,3728083813,22.12.2020 12:40:23
202011,ES + Home,Sport,Тренажеры и фитнес,1,Fact,3253011069,2466504844,22.12.2020 12:40:23
202011,ES + Home,Sport,Всесезонные виды спорта,0,Fact,2445097333,2699164362,22.12.2020 12:40:23
202011,ES + Home,Sport,Тренажеры и фитнес,0,Fact,1423518289,1990657316,22.12.2020 12:40:23
202011,ES + Home,Sport,Страйкбол и пневматика,0,Fact,2287355421,4163656724,22.12.2020 12:40:23
202011,ES + Home,Sport,Туризм,0,Fact,2863123640,2649459504,22.12.2020 12:40:23
202011,ES + Home,TV  audio  Hi-Fi & other electronics,Movie,0,Fact,1779654438,2827123118,22.01.2021 12:40:23
202011,ES + Home,TV  audio  Hi-Fi & other electronics,Игровые приставки и аксессуары TV&Audio,1,Fact,3985371463,2814497838,22.01.2021 12:40:23
202011,ES + Home,TV  audio  Hi-Fi & other electronics,Электронные товары хобби и отдых TV&Audio,0,Fact,2952839193,283410219,22.01.2021 12:40:23
202011,ES + Home,TV  audio  Hi-Fi & other electronics,Средства связи TV&Audio,0,Fact,2246587598,735154567,22.01.2021 12:40:23
202011,ES + Home,TV  audio  Hi-Fi & other electronics,Игровые приставки и аксессуары TV&Audio,0,Fact,3934553630,2763358820,22.01.2021 12:40:23
202011,ES + Home,TV  audio  Hi-Fi & other electronics,Фото и видео TV&Audio,1,Fact,913534439,163678877,22.01.2021 12:40:23
202011,ES + Home,TV  audio  Hi-Fi & other electronics,Автомобильная техника TV&Audio,0,Fact,3707967943,2024093729,22.01.2021 12:40:23
202011,ES + Home,TV  audio  Hi-Fi & other electronics,Фото и видео TV&Audio,0,Fact,1343127319,485809020,22.01.2021 12:40:23
202011,ES + Home,TV  audio  Hi-Fi & other electronics,Электронные товары хобби и отдых TV&Audio,1,Fact,2919687912,3279958022,22.01.2021 12:40:23
202011,ES + Home,TV  audio  Hi-Fi & other electronics,Автомобильная техника TV&Audio,1,Fact,1957555771,53143909,22.01.2021 12:40:23
202011,ES + Home,TV  audio  Hi-Fi & other electronics,Фан атрибутика TV&Audio,0,Fact,393558540,2597441745,22.01.2021 12:40:23
202011,ES + Home,TV  audio  Hi-Fi & other electronics,Средства связи TV&Audio,1,Fact,1394492066,1169916665,22.01.2021 12:40:23
202011,ES + Home,TV  audio  Hi-Fi & other electronics,Компьютеры TV&Audio,1,Fact,2060336007,4012194257,22.01.2021 12:40:23
202011,ES + Home,TV  audio  Hi-Fi & other electronics,Карты оплаты  страховки TV&Audio,0,Fact,1790914258,2379679538,22.01.2021 12:40:23
202011,ES + Home,TV  audio  Hi-Fi & other electronics,Компьютеры TV&Audio,0,Fact,3026196301,1312385929,22.01.2021 12:40:23
202011,ES + Home,TV  audio  Hi-Fi & other electronics,Портативная аудиотехника TV&Audio,1,Fact,94666348,340559524,22.01.2021 12:40:23
202011,ES + Home,TV  audio  Hi-Fi & other electronics,Домашняя Аудио и Видеотехника TV&Audio,1,Fact,2415791497,1749642487,22.01.2021 12:40:23
202011,ES + Home,TV  audio  Hi-Fi & other electronics,Система безопасности TV&Audio,1,Fact,2752656159,2212019745,22.01.2021 12:40:23
202011,ES + Home,TV  audio  Hi-Fi & other electronics,Система безопасности TV&Audio,0,Fact,856665228,4082689335,22.01.2021 12:40:23
202011,ES + Home,TV  audio  Hi-Fi & other electronics,Домашняя Аудио и Видеотехника TV&Audio,0,Fact,3457185334,4285690031,22.01.2021 12:40:23
202011,ES + Home,TV  audio  Hi-Fi & other electronics,Портативная аудиотехника TV&Audio,0,Fact,1995688136,1207282423,22.01.2021 12:40:23
202011,ES + Home,TV  audio  Hi-Fi & other electronics,Компьютерная периферия TV&Audio,0,Fact,2099182578,171049545,22.01.2021 12:40:23
202011,ES + Home,TV  audio  Hi-Fi & other electronics,Music,0,Fact,352771057,212237984,22.01.2021 12:40:23
202011,ES + Home,TV  audio  Hi-Fi & other electronics,Програмное обеспечение TV&Audio,0,Fact,1160840312,4284788738,22.01.2021 12:40:23
202011,ES + Home,TV  audio  Hi-Fi & other electronics,Фото и видео TV&Audio,1,Fact,2462723315,1754089486,22.12.2020 12:40:23
202011,ES + Home,TV  audio  Hi-Fi & other electronics,Фото и видео TV&Audio,0,Fact,3602800060,2914173963,22.12.2020 12:40:23
202011,ES + Home,TV  audio  Hi-Fi & other electronics,Электронные товары хобби и отдых TV&Audio,1,Fact,2207177298,3086430154,22.12.2020 12:40:23
202011,ES + Home,TV  audio  Hi-Fi & other electronics,Movie,0,Fact,59157729,476562763,22.12.2020 12:40:23
202011,ES + Home,TV  audio  Hi-Fi & other electronics,Электронные товары хобби и отдых TV&Audio,0,Fact,1515910110,1012533212,22.12.2020 12:40:23
202011,ES + Home,TV  audio  Hi-Fi & other electronics,Средства связи TV&Audio,0,Fact,857859371,2007689100,22.12.2020 12:40:23
202011,ES + Home,TV  audio  Hi-Fi & other electronics,Автомобильная техника TV&Audio,0,Fact,996953683,1573165545,22.12.2020 12:40:23
202011,ES + Home,TV  audio  Hi-Fi & other electronics,Компьютеры TV&Audio,0,Fact,3699763758,3481139557,22.12.2020 12:40:23
202011,ES + Home,TV  audio  Hi-Fi & other electronics,Автомобильная техника TV&Audio,1,Fact,323007728,3482576770,22.12.2020 12:40:23
202011,ES + Home,TV  audio  Hi-Fi & other electronics,Компьютерная периферия TV&Audio,0,Fact,1097807687,2249012525,22.12.2020 12:40:23
202011,ES + Home,TV  audio  Hi-Fi & other electronics,Music,0,Fact,2633979782,1595236923,22.12.2020 12:40:23
202011,ES + Home,TV  audio  Hi-Fi & other electronics,Програмное обеспечение TV&Audio,0,Fact,578200835,115077841,22.12.2020 12:40:23
202011,ES + Home,TV  audio  Hi-Fi & other electronics,Портативная аудиотехника TV&Audio,1,Fact,3816861243,240364232,22.12.2020 12:40:23
202011,ES + Home,TV  audio  Hi-Fi & other electronics,Игровые приставки и аксессуары TV&Audio,1,Fact,2426235387,1375800681,22.12.2020 12:40:23
202011,ES + Home,TV  audio  Hi-Fi & other electronics,Система безопасности TV&Audio,1,Fact,620531180,3299775258,22.12.2020 12:40:23
202011,ES + Home,TV  audio  Hi-Fi & other electronics,Фан атрибутика TV&Audio,0,Fact,747767337,3240261902,22.12.2020 12:40:23
202011,ES + Home,TV  audio  Hi-Fi & other electronics,Домашняя Аудио и Видеотехника TV&Audio,1,Fact,1439962080,4010990259,22.12.2020 12:40:23
202011,ES + Home,TV  audio  Hi-Fi & other electronics,Средства связи TV&Audio,1,Fact,2274511503,874869113,22.12.2020 12:40:23
202011,ES + Home,TV  audio  Hi-Fi & other electronics,Игровые приставки и аксессуары TV&Audio,0,Fact,1167426983,1974520068,22.12.2020 12:40:23
202011,ES + Home,TV  audio  Hi-Fi & other electronics,Компьютеры TV&Audio,1,Fact,1488071618,786773979,22.12.2020 12:40:23
202011,ES + Home,TV  audio  Hi-Fi & other electronics,Домашняя Аудио и Видеотехника TV&Audio,0,Fact,635578197,4175838183,22.12.2020 12:40:23
202011,ES + Home,TV  audio  Hi-Fi & other electronics,Система безопасности TV&Audio,0,Fact,1326180941,1098445391,22.12.2020 12:40:23
202011,ES + Home,TV  audio  Hi-Fi & other electronics,Карты оплаты  страховки TV&Audio,0,Fact,2892510032,3945862912,22.12.2020 12:40:23
202011,ES + Home,TV  audio  Hi-Fi & other electronics,Портативная аудиотехника TV&Audio,0,Fact,1673389405,1006641337,22.12.2020 12:40:23
202011,FMCG,FMCG nonfood,Электроника детская,0,Fact,2149371786,2978350368,22.01.2021 12:40:23
202011,FMCG,FMCG nonfood,Бритвы и лезвия,1,Fact,3359984751,2749423825,22.01.2021 12:40:23
202011,FMCG,FMCG nonfood,Бритвы и лезвия,0,Fact,2285641153,902828150,22.01.2021 12:40:23
202011,FMCG,FMCG nonfood,Бытовая химия,0,Fact,2330461842,4243068507,22.01.2021 12:40:23
202011,FMCG,FMCG nonfood,Кормление детское,0,Fact,2005920740,3431673692,22.01.2021 12:40:23
202011,FMCG,FMCG nonfood,Детская продукция,1,Fact,247777745,2993725805,22.01.2021 12:40:23
202011,FMCG,FMCG nonfood,Уход и гигиена,0,Fact,788644964,1314440399,22.01.2021 12:40:23
202011,FMCG,FMCG nonfood,Личная гигиена,0,Fact,3361800657,86237766,22.01.2021 12:40:23
202011,FMCG,FMCG nonfood,Уход и гигиена,1,Fact,385182987,2285487923,22.01.2021 12:40:23
202011,FMCG,FMCG nonfood,Детская продукция,0,Fact,1784980056,41732280,22.01.2021 12:40:23
202011,FMCG,FMCG nonfood,Кормление детское,1,Fact,3366746386,1410690165,22.01.2021 12:40:23
202011,FMCG,FMCG nonfood,Личная гигиена,1,Fact,933407990,1266811963,22.01.2021 12:40:23
202011,FMCG,FMCG nonfood,Бытовая химия,1,Fact,3396277412,3003385490,22.01.2021 12:40:23
202011,FMCG,FMCG nonfood,Бытовая химия,0,Fact,3336101581,1215470960,22.12.2020 12:40:23
202011,FMCG,FMCG nonfood,Электроника детская,0,Fact,2885957568,1421827,22.12.2020 12:40:23
202011,FMCG,FMCG nonfood,Кормление детское,0,Fact,3953076516,3547722801,22.12.2020 12:40:23
202011,FMCG,FMCG nonfood,Детская продукция,1,Fact,3747878471,654709956,22.12.2020 12:40:23
202011,FMCG,FMCG nonfood,Бритвы и лезвия,1,Fact,233296228,1003314755,22.12.2020 12:40:23
202011,FMCG,FMCG nonfood,Бритвы и лезвия,0,Fact,291255624,183587991,22.12.2020 12:40:23
202011,FMCG,FMCG nonfood,Личная гигиена,0,Fact,2471937839,2431482354,22.12.2020 12:40:23
202011,FMCG,FMCG nonfood,Уход и гигиена,1,Fact,1295797836,439610482,22.12.2020 12:40:23
202011,FMCG,FMCG nonfood,Детская продукция,0,Fact,230128020,2345744860,22.12.2020 12:40:23
202011,FMCG,FMCG nonfood,Кормление детское,1,Fact,1180312282,2152591177,22.12.2020 12:40:23
202011,FMCG,FMCG nonfood,Личная гигиена,1,Fact,3303804731,2918527543,22.12.2020 12:40:23
202011,FMCG,FMCG nonfood,Бытовая химия,1,Fact,1253967878,1051646829,22.12.2020 12:40:23
202011,FMCG,FMCG nonfood,Уход и гигиена,0,Fact,1781463318,1903443321,22.12.2020 12:40:23
202011,FMCG,Food,Бакалея,1,Fact,2404618481,523846909,22.01.2021 12:40:23
202011,FMCG,Food,Напитки,0,Fact,3116963208,330552003,22.01.2021 12:40:23
202011,FMCG,Food,Молекулярная кухня,0,Fact,2528325824,2939393710,22.01.2021 12:40:23
202011,FMCG,Food,Детское питание,1,Fact,1604942951,520798568,22.01.2021 12:40:23
202011,FMCG,Food,Напитки,1,Fact,3880218406,1772400199,22.01.2021 12:40:23
202011,FMCG,Food,Бакалея,0,Fact,3972627982,2258888537,22.01.2021 12:40:23
202011,FMCG,Food,Детское питание,0,Fact,2886127347,918201600,22.01.2021 12:40:23
202011,FMCG,Food,Молочная продукция стерилизованная,0,Fact,1419399637,1141540292,22.01.2021 12:40:23
202011,FMCG,Food,Молочная продукция стерилизованная,1,Fact,644957210,1184108008,22.01.2021 12:40:23
202011,FMCG,Food,Кондитерские изделия,1,Fact,3112545275,1168864133,22.01.2021 12:40:23
202011,FMCG,Food,Кондитерские изделия,0,Fact,410290847,238278827,22.01.2021 12:40:23
202011,FMCG,Food,Кондитерские изделия,1,Fact,3907812333,1817993546,22.12.2020 12:40:23
202011,FMCG,Food,Напитки,0,Fact,1718698885,3562437309,22.12.2020 12:40:23
202011,FMCG,Food,Кондитерские изделия,0,Fact,1050462872,2897842109,22.12.2020 12:40:23
202011,FMCG,Food,Бакалея,1,Fact,514665942,3849253031,22.12.2020 12:40:23
202011,FMCG,Food,Бакалея,0,Fact,3276652906,1048301083,22.12.2020 12:40:23
202011,FMCG,Food,Детское питание,1,Fact,3287480342,638807226,22.12.2020 12:40:23
202011,FMCG,Food,Детское питание,0,Fact,3327716041,3947325136,22.12.2020 12:40:23
202011,FMCG,Food,Напитки,1,Fact,4202985072,871640282,22.12.2020 12:40:23
202011,FMCG,Food,Молекулярная кухня,0,Fact,3360801934,633137362,22.12.2020 12:40:23
202011,FMCG,Food,Молочная продукция стерилизованная,1,Fact,681530222,3909545521,22.12.2020 12:40:23
202011,FMCG,Food,Молочная продукция стерилизованная,0,Fact,1081098964,3443233500,22.12.2020 12:40:23
202011,FMCG,FreshFood,Растительные аналоги Fresh,1,Fact,660736226,2196089365,22.01.2021 12:40:23
202011,FMCG,FreshFood,Рыба  морепродукты,1,Fact,1571352336,2243691982,22.01.2021 12:40:23
202011,FMCG,FreshFood,Кулинария и полуфабрикаты Fresh,1,Fact,2617465848,2263714637,22.01.2021 12:40:23
202011,FMCG,FreshFood,Мясная гастрономия,1,Fact,1086082864,3465812792,22.01.2021 12:40:23
202011,FMCG,FreshFood,Мясо  птица,1,Fact,2594289742,1522018968,22.01.2021 12:40:23
202011,FMCG,FreshFood,Замороженные продукты,1,Fact,3670479651,3777253389,22.01.2021 12:40:23
202011,FMCG,FreshFood,Хлебобулочные изделия Fresh,1,Fact,3326506625,1024106412,22.01.2021 12:40:23
202011,FMCG,FreshFood,Напитки Fresh,1,Fact,2316425005,477155604,22.01.2021 12:40:23
202011,FMCG,FreshFood,Молочная продукция и яйца Fresh,1,Fact,3253758199,2161609999,22.01.2021 12:40:23
202011,FMCG,FreshFood,Овощи  фрукты  зелень свежие,1,Fact,3959489041,1359510867,22.01.2021 12:40:23
202011,FMCG,FreshFood,Мясная гастрономия,1,Fact,1449631406,1923138098,22.12.2020 12:40:23
202011,FMCG,FreshFood,Мясо  птица,1,Fact,2384589907,2425253113,22.12.2020 12:40:23
202011,FMCG,FreshFood,Растительные аналоги Fresh,1,Fact,690620650,2372722942,22.12.2020 12:40:23
202011,FMCG,FreshFood,Кулинария и полуфабрикаты Fresh,1,Fact,677774937,2124669393,22.12.2020 12:40:23
202011,FMCG,FreshFood,Напитки Fresh,1,Fact,1470886313,3987662744,22.12.2020 12:40:23
202011,FMCG,FreshFood,Молочная продукция и яйца Fresh,1,Fact,3116873697,2490378661,22.12.2020 12:40:23
202011,FMCG,FreshFood,Овощи  фрукты  зелень свежие,1,Fact,2263463610,2983325518,22.12.2020 12:40:23
202011,FMCG,FreshFood,Замороженные продукты,1,Fact,2353989924,850091383,22.12.2020 12:40:23
202011,FMCG,FreshFood,Хлебобулочные изделия Fresh,1,Fact,20722300,2566947727,22.12.2020 12:40:23
202011,FMCG,FreshFood,Рыба  морепродукты,1,Fact,2660409554,1527671265,22.12.2020 12:40:23
202011,FMCG,Moms&Kids,Творчество  хобби и игры,1,Fact,2009333500,842193044,22.01.2021 12:40:23
202011,FMCG,Moms&Kids,Игрушки,0,Fact,3172086747,2446589894,22.01.2021 12:40:23
202011,FMCG,Moms&Kids,Игрушки,1,Fact,348258132,2158581329,22.01.2021 12:40:23
202011,FMCG,Moms&Kids,Товары для школы  канцелярия  оборудование,0,Fact,1377236350,1053959658,22.01.2021 12:40:23
202011,FMCG,Moms&Kids,КГТ и спорт для детей,0,Fact,4080519913,866156044,22.01.2021 12:40:23
202011,FMCG,Moms&Kids,Товары для школы  канцелярия  оборудование,1,Fact,1390413793,1699470983,22.01.2021 12:40:23
202011,FMCG,Moms&Kids,Творчество  хобби и игры,0,Fact,230345168,2210285732,22.01.2021 12:40:23
202011,FMCG,Moms&Kids,Творчество  хобби и игры,1,Fact,2101326462,1684479195,22.12.2020 12:40:23
202011,FMCG,Moms&Kids,Игрушки,0,Fact,102791245,1402684866,22.12.2020 12:40:23
202011,FMCG,Moms&Kids,Игрушки,1,Fact,904386770,4258461819,22.12.2020 12:40:23
202011,FMCG,Moms&Kids,Творчество  хобби и игры,0,Fact,1471075107,3910787528,22.12.2020 12:40:23
202011,FMCG,Moms&Kids,Товары для школы  канцелярия  оборудование,0,Fact,1612050064,3002518550,22.12.2020 12:40:23
202011,FMCG,Moms&Kids,КГТ и спорт для детей,0,Fact,104426674,2563886146,22.12.2020 12:40:23
202011,FMCG,Moms&Kids,Товары для школы  канцелярия  оборудование,1,Fact,127529696,907201807,22.12.2020 12:40:23
202011,FMCG,Zoo,Спальное место животного,0,Fact,2121936692,2695759546,22.01.2021 12:40:23
202011,FMCG,Zoo,Спальное место животного,1,Fact,814349365,3037265417,22.01.2021 12:40:23
202011,FMCG,Zoo,Зоокорм  витамины,1,Fact,2137752267,1904362580,22.01.2021 12:40:23
202011,FMCG,Zoo,Зоокорм  витамины,0,Fact,2331618080,2826199028,22.01.2021 12:40:23
202011,FMCG,Zoo,Товары для прогулки и дрессировки животных,1,Fact,3714997859,1908509696,22.01.2021 12:40:23
202011,FMCG,Zoo,Фермерское хозяйство - Оборудование для птицеводства и животноводства,0,Fact,3641405810,1511716706,22.01.2021 12:40:23
202011,FMCG,Zoo,Гигиена и уход животных,0,Fact,2402548144,1056051370,22.01.2021 12:40:23
202011,FMCG,Zoo,Фермерское хозяйство - Товары для пчеловодства,0,Fact,982449153,1256447655,22.01.2021 12:40:23
202011,FMCG,Zoo,Фермерское хозяйство - Корма и кормовые добавки для птицеводства и животноводства,0,Fact,3484996330,4205179383,22.01.2021 12:40:23
202011,FMCG,Zoo,Фермерское хозяйство - Содержание  уход птицы и сельскохозяйственных животных,0,Fact,2792398314,1802658305,22.01.2021 12:40:23
202011,FMCG,Zoo,Товары для прогулки и дрессировки животных,0,Fact,4285021863,3585448084,22.01.2021 12:40:23
202011,FMCG,Zoo,Гигиена и уход животных,1,Fact,43048284,2324438431,22.01.2021 12:40:23
202011,FMCG,Zoo,Спальное место животного,0,Fact,1086217117,883409934,22.12.2020 12:40:23
202011,FMCG,Zoo,Спальное место животного,1,Fact,4199013487,1539575830,22.12.2020 12:40:23
202011,FMCG,Zoo,Фермерское хозяйство - Содержание  уход птицы и сельскохозяйственных животных,0,Fact,705495323,1642937125,22.12.2020 12:40:23
202011,FMCG,Zoo,Зоокорм  витамины,1,Fact,434644026,1727389467,22.12.2020 12:40:23
202011,FMCG,Zoo,Зоокорм  витамины,0,Fact,950028701,4000156238,22.12.2020 12:40:23
202011,FMCG,Zoo,Гигиена и уход животных,1,Fact,1761660255,1816983273,22.12.2020 12:40:23
202011,FMCG,Zoo,Товары для прогулки и дрессировки животных,1,Fact,3140831283,2659291120,22.12.2020 12:40:23
202011,FMCG,Zoo,Фермерское хозяйство - Товары для пчеловодства,0,Fact,2296553265,4256676533,22.12.2020 12:40:23
202011,FMCG,Zoo,Товары для прогулки и дрессировки животных,0,Fact,1336121424,1387860366,22.12.2020 12:40:23
202011,FMCG,Zoo,Фермерское хозяйство - Корма и кормовые добавки для птицеводства и животноводства,0,Fact,1620820056,3156958425,22.12.2020 12:40:23
202011,FMCG,Zoo,Фермерское хозяйство - Оборудование для птицеводства и животноводства,0,Fact,1069371318,1372635503,22.12.2020 12:40:23
202011,FMCG,Zoo,Гигиена и уход животных,0,Fact,1671958925,671171313,22.12.2020 12:40:23
202012,Beauty,Apparel,Бижутерия и часы бижутерные,0,Fact,2450074314,1796938660,22.01.2021 12:40:23
202012,Beauty,Apparel,Аксессуары для взрослых и детей,1,Fact,1340430538,322199448,22.01.2021 12:40:23
202012,Beauty,Apparel,Взрослая обувь,0,Fact,2737275729,1170400997,22.01.2021 12:40:23
202012,Beauty,Apparel,Аксессуары для взрослых и детей,0,Fact,992277478,822323383,22.01.2021 12:40:23
202012,Beauty,Apparel,Детская одежда,0,Fact,4004171875,921574973,22.01.2021 12:40:23
202012,Beauty,Apparel,Взрослая одежда,0,Fact,1215323171,2124437965,22.01.2021 12:40:23
202012,Beauty,Apparel,Детская обувь,0,Fact,804532595,22671821,22.01.2021 12:40:23
202012,Beauty,Apparel,Взрослая одежда,1,Fact,2498879440,1261824877,22.01.2021 12:40:23
202012,Beauty,Apparel,Взрослая обувь,0,Fact,758125263,4079320036,22.12.2020 12:40:23
202012,Beauty,Apparel,Бижутерия и часы бижутерные,0,Fact,1621815256,742235731,22.12.2020 12:40:23
202012,Beauty,Apparel,Аксессуары для взрослых и детей,1,Fact,1656142458,787905688,22.12.2020 12:40:23
202012,Beauty,Apparel,Аксессуары для взрослых и детей,0,Fact,702517052,2965283573,22.12.2020 12:40:23
202012,Beauty,Apparel,Взрослая одежда,1,Fact,1629706370,586482329,22.12.2020 12:40:23
202012,Beauty,Apparel,Детская одежда,0,Fact,2747160973,1567187586,22.12.2020 12:40:23
202012,Beauty,Apparel,Взрослая одежда,0,Fact,1416310301,3687172938,22.12.2020 12:40:23
202012,Beauty,Apparel,Детская обувь,0,Fact,1566311247,2037968091,22.12.2020 12:40:23
202012,Beauty,Health&Beauty,Косметические аксессуары,0,Fact,3088882292,3360530485,22.01.2021 12:40:23
202012,Beauty,Health&Beauty,Косметика для ухода за кожей,0,Fact,3677723208,361845341,22.01.2021 12:40:23
202012,Beauty,Health&Beauty,Уход и гигиена,1,Fact,1787576414,2464057234,22.01.2021 12:40:23
202012,Beauty,Health&Beauty,Косметика для ухода за кожей,1,Fact,2678490850,2623290714,22.01.2021 12:40:23
202012,Beauty,Health&Beauty,Косметические аксессуары,1,Fact,675629930,4223288989,22.01.2021 12:40:23
202012,Beauty,Health&Beauty,Парфюмерия  ароматерапия,0,Fact,3322438744,1024268671,22.01.2021 12:40:23
202012,Beauty,Health&Beauty,Уход и гигиена,0,Fact,4113436308,375496085,22.01.2021 12:40:23
202012,Beauty,Health&Beauty,Косметические средства для детей и беременных,1,Fact,233221067,3519392734,22.01.2021 12:40:23
202012,Beauty,Health&Beauty,Косметические средства для детей и беременных,0,Fact,2967968310,3389689191,22.01.2021 12:40:23
202012,Beauty,Health&Beauty,Декоративная косметика,0,Fact,1999772094,2408169280,22.01.2021 12:40:23
202012,Beauty,Health&Beauty,Косметическая техника,1,Fact,2990657456,108701326,22.01.2021 12:40:23
202012,Beauty,Health&Beauty,Косметическая техника,0,Fact,3731578253,2608962316,22.01.2021 12:40:23
202012,Beauty,Health&Beauty,Парфюмерия  ароматерапия,1,Fact,1534183816,2551150302,22.01.2021 12:40:23
202012,Beauty,Health&Beauty,Косметика для ухода за волосами,0,Fact,3355391223,4278626246,22.01.2021 12:40:23
202012,Beauty,Health&Beauty,Косметика для ухода за волосами,1,Fact,2004544905,4057160366,22.01.2021 12:40:23
202012,Beauty,Health&Beauty,Декоративная косметика,1,Fact,4144171603,2605408047,22.01.2021 12:40:23
202012,Beauty,Health&Beauty,Косметические аксессуары,1,Fact,4272906756,2582232675,22.12.2020 12:40:23
202012,Beauty,Health&Beauty,Парфюмерия  ароматерапия,0,Fact,3223016464,204429216,22.12.2020 12:40:23
202012,Beauty,Health&Beauty,Косметические средства для детей и беременных,1,Fact,564142818,2564845601,22.12.2020 12:40:23
202012,Beauty,Health&Beauty,Уход и гигиена,1,Fact,545497962,141999844,22.12.2020 12:40:23
202012,Beauty,Health&Beauty,Уход и гигиена,0,Fact,4187322597,1731908877,22.12.2020 12:40:23
202012,Beauty,Health&Beauty,Косметические аксессуары,0,Fact,3673248375,2455442453,22.12.2020 12:40:23
202012,Beauty,Health&Beauty,Парфюмерия  ароматерапия,1,Fact,1074809720,247046754,22.12.2020 12:40:23
202012,Beauty,Health&Beauty,Косметика для ухода за кожей,0,Fact,2241471763,4087167971,22.12.2020 12:40:23
202012,Beauty,Health&Beauty,Декоративная косметика,0,Fact,3270700489,3486057524,22.12.2020 12:40:23
202012,Beauty,Health&Beauty,Косметика для ухода за кожей,1,Fact,3352243129,3906333181,22.12.2020 12:40:23
202012,Beauty,Health&Beauty,Косметика для ухода за волосами,0,Fact,3688872955,3020127433,22.12.2020 12:40:23
202012,Beauty,Health&Beauty,Декоративная косметика,1,Fact,4034632688,3337002625,22.12.2020 12:40:23
202012,Beauty,Health&Beauty,Косметические средства для детей и беременных,0,Fact,3101279532,3516379042,22.12.2020 12:40:23
202012,Beauty,Health&Beauty,Косметическая техника,1,Fact,3281363528,3593956730,22.12.2020 12:40:23
202012,Beauty,Health&Beauty,Косметическая техника,0,Fact,1461951061,1032862185,22.12.2020 12:40:23
202012,Beauty,Health&Beauty,Косметика для ухода за волосами,1,Fact,1039536172,792624437,22.12.2020 12:40:23
202012,Beauty,Jewelry,Ювелирные изделия,0,Fact,337621822,3806627719,22.01.2021 12:40:23
202012,Beauty,Jewelry,Ювелирные изделия,0,Fact,1146427523,1761453528,22.12.2020 12:40:23
202012,Beauty,Pharmacy,Уход и гигиена,1,Fact,1888243734,2927808122,22.01.2021 12:40:23
202012,Beauty,Pharmacy,Спортивное питание,0,Fact,3779626484,2411754583,22.01.2021 12:40:23
202012,Beauty,Pharmacy,Антибактериальные  дезинфицирующие средства,1,Fact,3978132570,1360872362,22.01.2021 12:40:23
202012,Beauty,Pharmacy,Лекарственные средства,1,Fact,2415955730,687922517,22.01.2021 12:40:23
202012,Beauty,Pharmacy,Тату,0,Fact,1899285440,2869779348,22.01.2021 12:40:23
202012,Beauty,Pharmacy,Средства реабилитации,0,Fact,1931349018,1424721960,22.01.2021 12:40:23
202012,Beauty,Pharmacy,Средства реабилитации,1,Fact,3618752450,4049821738,22.01.2021 12:40:23
202012,Beauty,Pharmacy,Электронные сигареты  парители  кальяны,0,Fact,3966510869,1750425961,22.01.2021 12:40:23
202012,Beauty,Pharmacy,Электронные сигареты  парители  кальяны,1,Fact,1378375594,4046756343,22.01.2021 12:40:23
202012,Beauty,Pharmacy,Ортопедия и компрессионный трикотаж,0,Fact,3156013110,2665156995,22.01.2021 12:40:23
202012,Beauty,Pharmacy,Медицинские изделия,1,Fact,2048689235,4004605824,22.01.2021 12:40:23
202012,Beauty,Pharmacy,Оптика,0,Fact,1771293051,814015826,22.01.2021 12:40:23
202012,Beauty,Pharmacy,Спортивное питание,1,Fact,3152520648,4032139842,22.01.2021 12:40:23
202012,Beauty,Pharmacy,Товары для взрослых,0,Fact,2755050951,557712522,22.01.2021 12:40:23
202012,Beauty,Pharmacy,Антибактериальные  дезинфицирующие средства,0,Fact,3144906496,2764072354,22.01.2021 12:40:23
202012,Beauty,Pharmacy,Профессиональный уход за полостью рта,1,Fact,4013930900,400669024,22.01.2021 12:40:23
202012,Beauty,Pharmacy,Лекарственные средства,0,Fact,3455570089,1562779281,22.01.2021 12:40:23
202012,Beauty,Pharmacy,Лекарственные средства для животных,0,Fact,1328355922,2092081151,22.01.2021 12:40:23
202012,Beauty,Pharmacy,Медицинские изделия,0,Fact,443416488,1159576112,22.01.2021 12:40:23
202012,Beauty,Pharmacy,Витамины и БАДы,0,Fact,2862663623,4035553118,22.01.2021 12:40:23
202012,Beauty,Pharmacy,Профессиональный уход за полостью рта,0,Fact,2453037494,2628618116,22.01.2021 12:40:23
202012,Beauty,Pharmacy,Парафармацевтика,1,Fact,2907466384,455209777,22.01.2021 12:40:23
202012,Beauty,Pharmacy,Медицинская техника,0,Fact,1890563754,3884367086,22.01.2021 12:40:23
202012,Beauty,Pharmacy,Товары для взрослых,1,Fact,859077196,341897000,22.01.2021 12:40:23
202012,Beauty,Pharmacy,Парафармацевтика,0,Fact,1763764031,3763958982,22.01.2021 12:40:23
202012,Beauty,Pharmacy,Оптика,1,Fact,682955403,511535475,22.01.2021 12:40:23
202012,Beauty,Pharmacy,Ортопедия и компрессионный трикотаж,1,Fact,3441095084,659758932,22.01.2021 12:40:23
202012,Beauty,Pharmacy,Медицинская техника,1,Fact,1982981318,1989068608,22.01.2021 12:40:23
202012,Beauty,Pharmacy,Витамины и БАДы,1,Fact,2119586694,247147224,22.01.2021 12:40:23
202012,Beauty,Pharmacy,Уход и гигиена,0,Fact,2690880962,3151787700,22.01.2021 12:40:23
202012,Beauty,Pharmacy,Ортопедия и компрессионный трикотаж,0,Fact,2567458396,2547153079,22.12.2020 12:40:23
202012,Beauty,Pharmacy,Уход и гигиена,1,Fact,2603405880,2402311911,22.12.2020 12:40:23
202012,Beauty,Pharmacy,Спортивное питание,0,Fact,990260248,2965044290,22.12.2020 12:40:23
202012,Beauty,Pharmacy,Тату,0,Fact,1980001660,4205252583,22.12.2020 12:40:23
202012,Beauty,Pharmacy,Антибактериальные  дезинфицирующие средства,1,Fact,2067506469,3313630987,22.12.2020 12:40:23
202012,Beauty,Pharmacy,Лекарственные средства,1,Fact,4124784549,4176637846,22.12.2020 12:40:23
202012,Beauty,Pharmacy,Парафармацевтика,1,Fact,1900984118,1718718050,22.12.2020 12:40:23
202012,Beauty,Pharmacy,Медицинская техника,0,Fact,3822290192,141076555,22.12.2020 12:40:23
202012,Beauty,Pharmacy,Электронные сигареты  парители  кальяны,0,Fact,1223133961,434448344,22.12.2020 12:40:23
202012,Beauty,Pharmacy,Товары для взрослых,1,Fact,1864127169,4040622997,22.12.2020 12:40:23
202012,Beauty,Pharmacy,Электронные сигареты  парители  кальяны,1,Fact,921039399,1869513637,22.12.2020 12:40:23
202012,Beauty,Pharmacy,Оптика,1,Fact,3356047629,4135673252,22.12.2020 12:40:23
202012,Beauty,Pharmacy,Ортопедия и компрессионный трикотаж,1,Fact,132041301,3989441994,22.12.2020 12:40:23
202012,Beauty,Pharmacy,Медицинская техника,1,Fact,1347715485,3329303394,22.12.2020 12:40:23
202012,Beauty,Pharmacy,Витамины и БАДы,1,Fact,2721152828,4206408474,22.12.2020 12:40:23
202012,Beauty,Pharmacy,Средства реабилитации,0,Fact,3461880624,747566294,22.12.2020 12:40:23
202012,Beauty,Pharmacy,Средства реабилитации,1,Fact,1631951233,4017182813,22.12.2020 12:40:23
202012,Beauty,Pharmacy,Уход и гигиена,0,Fact,746245181,1817753212,22.12.2020 12:40:23
202012,Beauty,Pharmacy,Медицинские изделия,1,Fact,3232676249,430345573,22.12.2020 12:40:23
202012,Beauty,Pharmacy,Оптика,0,Fact,882105782,1046631404,22.12.2020 12:40:23
202012,Beauty,Pharmacy,Спортивное питание,1,Fact,425321485,2193210706,22.12.2020 12:40:23
202012,Beauty,Pharmacy,Товары для взрослых,0,Fact,1435193695,2984377544,22.12.2020 12:40:23
202012,Beauty,Pharmacy,Антибактериальные  дезинфицирующие средства,0,Fact,4047954519,1042346594,22.12.2020 12:40:23
202012,Beauty,Pharmacy,Профессиональный уход за полостью рта,1,Fact,1192061063,4161369435,22.12.2020 12:40:23
202012,Beauty,Pharmacy,Лекарственные средства,0,Fact,681189673,509853399,22.12.2020 12:40:23
202012,Beauty,Pharmacy,Лекарственные средства для животных,0,Fact,1389280606,3005869719,22.12.2020 12:40:23
202012,Beauty,Pharmacy,Медицинские изделия,0,Fact,3947536072,2460224837,22.12.2020 12:40:23
202012,Beauty,Pharmacy,Витамины и БАДы,0,Fact,4183021837,4004024678,22.12.2020 12:40:23
202012,Beauty,Pharmacy,Профессиональный уход за полостью рта,0,Fact,786841949,122234694,22.12.2020 12:40:23
202012,Beauty,Pharmacy,Парафармацевтика,0,Fact,3303378165,3065531703,22.12.2020 12:40:23
202012,ES + Home,Auto&Moto,Дополнительное оборудование для авто и мото техники,0,Fact,1892075423,195903781,22.01.2021 12:40:23
202012,ES + Home,Auto&Moto,Шины и диски,0,Fact,2224749236,276395784,22.01.2021 12:40:23
202012,ES + Home,Auto&Moto,Автомобили и мототехника,0,Fact,2676904606,3014748126,22.01.2021 12:40:23
202012,ES + Home,Auto&Moto,Автоинструменты и гаражное оборудование,0,Fact,1715450472,1994371960,22.01.2021 12:40:23
202012,ES + Home,Auto&Moto,Универсальные авто и мото аксессуары,0,Fact,2026017777,902792638,22.01.2021 12:40:23
202012,ES + Home,Auto&Moto,Автоинструменты и гаражное оборудование,1,Fact,3753349730,3037210260,22.01.2021 12:40:23
202012,ES + Home,Auto&Moto,Масла и автохимия,1,Fact,2262867639,885302119,22.01.2021 12:40:23
202012,ES + Home,Auto&Moto,Универсальные авто и мото аксессуары,1,Fact,2553337382,738662993,22.01.2021 12:40:23
202012,ES + Home,Auto&Moto,Авто и мото запчасти,1,Fact,3643400985,750477068,22.01.2021 12:40:23
202012,ES + Home,Auto&Moto,Масла и автохимия,0,Fact,1233410146,2846887530,22.01.2021 12:40:23
202012,ES + Home,Auto&Moto,Авто и мото запчасти,0,Fact,1336957252,2815769693,22.01.2021 12:40:23
202012,ES + Home,Auto&Moto,Авто и мото запчасти,1,Fact,3633957645,2131161919,22.12.2020 12:40:23
202012,ES + Home,Auto&Moto,Дополнительное оборудование для авто и мото техники,0,Fact,400254464,2132554248,22.12.2020 12:40:23
202012,ES + Home,Auto&Moto,Авто и мото запчасти,0,Fact,157470560,3656128924,22.12.2020 12:40:23
202012,ES + Home,Auto&Moto,Шины и диски,0,Fact,2037551913,3461858456,22.12.2020 12:40:23
202012,ES + Home,Auto&Moto,Автоинструменты и гаражное оборудование,0,Fact,3630179970,2001888479,22.12.2020 12:40:23
202012,ES + Home,Auto&Moto,Универсальные авто и мото аксессуары,0,Fact,2473057600,527876277,22.12.2020 12:40:23
202012,ES + Home,Auto&Moto,Масла и автохимия,0,Fact,1529528327,1961700724,22.12.2020 12:40:23
202012,ES + Home,Auto&Moto,Автоинструменты и гаражное оборудование,1,Fact,332953666,1576003418,22.12.2020 12:40:23
202012,ES + Home,Auto&Moto,Автомобили и мототехника,0,Fact,774046696,4035659952,22.12.2020 12:40:23
202012,ES + Home,Auto&Moto,Универсальные авто и мото аксессуары,1,Fact,3124690265,1629675432,22.12.2020 12:40:23
202012,ES + Home,Auto&Moto,Масла и автохимия,1,Fact,2354759472,4177745657,22.12.2020 12:40:23
202012,ES + Home,Books,Современная печатная книга,1,Fact,653502011,2924617808,22.01.2021 12:40:23
202012,ES + Home,Books,Манга,1,Fact,188365437,843592846,22.01.2021 12:40:23
202012,ES + Home,Books,ПО на физических носителях,0,Fact,2487845600,1936504221,22.01.2021 12:40:23
202012,ES + Home,Books,Комиксы,1,Fact,876379236,3247754486,22.01.2021 12:40:23
202012,ES + Home,Books,Комиксы,0,Fact,2271194177,735070465,22.01.2021 12:40:23
202012,ES + Home,Books,Книги детям и родителям,0,Fact,737776385,3158345458,22.01.2021 12:40:23
202012,ES + Home,Books,Цифровая аудиокнига,0,Fact,890911418,2869455131,22.01.2021 12:40:23
202012,ES + Home,Books,Литература на иностранном языке,0,Fact,3819994583,1759709575,22.01.2021 12:40:23
202012,ES + Home,Books,Иностранное издание,0,Fact,670720330,896706438,22.01.2021 12:40:23
202012,ES + Home,Books,Нехудожественная литература,0,Fact,1547886232,538543947,22.01.2021 12:40:23
202012,ES + Home,Books,Блокноты с ISBN,1,Fact,2669587323,408587829,22.01.2021 12:40:23
202012,ES + Home,Books,Аудиокнига,0,Fact,3295186957,1587611424,22.01.2021 12:40:23
202012,ES + Home,Books,Нехудожественная литература,1,Fact,2078590222,2698906974,22.01.2021 12:40:23
202012,ES + Home,Books,Современные листовые издания,0,Fact,3282094608,10220501,22.01.2021 12:40:23
202012,ES + Home,Books,Цифровая книга,0,Fact,1961639017,3554677234,22.01.2021 12:40:23
202012,ES + Home,Books,Антикварное издание,0,Fact,4124217683,1685769892,22.01.2021 12:40:23
202012,ES + Home,Books,Книга по требованию,0,Fact,718201931,4130519401,22.01.2021 12:40:23
202012,ES + Home,Books,Художественная литература,0,Fact,1137712522,2857584461,22.01.2021 12:40:23
202012,ES + Home,Books,Современные картографические издания,0,Fact,3887241516,3803144130,22.01.2021 12:40:23
202012,ES + Home,Books,Художественная литература,1,Fact,1164051947,1692595155,22.01.2021 12:40:23
202012,ES + Home,Books,Манга,0,Fact,3701430135,1548520390,22.01.2021 12:40:23
202012,ES + Home,Books,Современная печатная книга,0,Fact,2028974846,3539183568,22.01.2021 12:40:23
202012,ES + Home,Books,Календари,0,Fact,95480215,2473356969,22.01.2021 12:40:23
202012,ES + Home,Books,Second-hand книга,0,Fact,2129907967,764718500,22.01.2021 12:40:23
202012,ES + Home,Books,Букинистическое издание,0,Fact,3943846433,2441806741,22.01.2021 12:40:23
202012,ES + Home,Books,Книги детям и родителям,1,Fact,292732997,830616616,22.01.2021 12:40:23
202012,ES + Home,Books,Блокноты с ISBN,0,Fact,345083625,2282420125,22.01.2021 12:40:23
202012,ES + Home,Books,Бизнес-литература,0,Fact,2301001512,3484539362,22.01.2021 12:40:23
202012,ES + Home,Books,Second-hand книга,1,Fact,3952887409,2123217480,22.01.2021 12:40:23
202012,ES + Home,Books,Учебная литература,0,Fact,2445467016,1861959675,22.01.2021 12:40:23
202012,ES + Home,Books,Бизнес-литература,1,Fact,3966307682,633812916,22.01.2021 12:40:23
202012,ES + Home,Books,Бизнес-литература,0,Fact,3632773802,1768895642,22.12.2020 12:40:23
202012,ES + Home,Books,Современная печатная книга,1,Fact,1518718366,3921811628,22.12.2020 12:40:23
202012,ES + Home,Books,Манга,1,Fact,2716413127,2494131180,22.12.2020 12:40:23
202012,ES + Home,Books,Комиксы,1,Fact,3738567343,2163996491,22.12.2020 12:40:23
202012,ES + Home,Books,Бизнес-литература,1,Fact,3728464923,3630724228,22.12.2020 12:40:23
202012,ES + Home,Books,Комиксы,0,Fact,3124208860,3031843691,22.12.2020 12:40:23
202012,ES + Home,Books,Цифровая аудиокнига,0,Fact,2166743767,4067631221,22.12.2020 12:40:23
202012,ES + Home,Books,Книги детям и родителям,0,Fact,596096453,718832216,22.12.2020 12:40:23
202012,ES + Home,Books,Художественная литература,0,Fact,3404246833,1421215053,22.12.2020 12:40:23
202012,ES + Home,Books,Художественная литература,1,Fact,1081837688,150979846,22.12.2020 12:40:23
202012,ES + Home,Books,Календари,0,Fact,4042178623,2014098917,22.12.2020 12:40:23
202012,ES + Home,Books,Second-hand книга,0,Fact,920576805,549546163,22.12.2020 12:40:23
202012,ES + Home,Books,Букинистическое издание,0,Fact,1795858493,1638918187,22.12.2020 12:40:23
202012,ES + Home,Books,Книги детям и родителям,1,Fact,4266753494,3088812519,22.12.2020 12:40:23
202012,ES + Home,Books,Блокноты с ISBN,1,Fact,1364877884,154014805,22.12.2020 12:40:23
202012,ES + Home,Books,ПО на физических носителях,0,Fact,91205819,2335880463,22.12.2020 12:40:23
202012,ES + Home,Books,Second-hand книга,1,Fact,1561603464,3029421269,22.12.2020 12:40:23
202012,ES + Home,Books,Учебная литература,0,Fact,2510953633,1162511315,22.12.2020 12:40:23
202012,ES + Home,Books,Литература на иностранном языке,0,Fact,376241005,516008350,22.12.2020 12:40:23
202012,ES + Home,Books,Иностранное издание,0,Fact,945827189,2330348553,22.12.2020 12:40:23
202012,ES + Home,Books,Нехудожественная литература,0,Fact,3539853770,1990508319,22.12.2020 12:40:23
202012,ES + Home,Books,Блокноты с ISBN,0,Fact,3782011989,1931940258,22.12.2020 12:40:23
202012,ES + Home,Books,Аудиокнига,0,Fact,2271855685,824944159,22.12.2020 12:40:23
202012,ES + Home,Books,Нехудожественная литература,1,Fact,521100988,551929190,22.12.2020 12:40:23
202012,ES + Home,Books,Современные листовые издания,0,Fact,3242503094,3706132111,22.12.2020 12:40:23
202012,ES + Home,Books,Цифровая книга,0,Fact,3845902704,945299206,22.12.2020 12:40:23
202012,ES + Home,Books,Антикварное издание,0,Fact,2209560820,655539923,22.12.2020 12:40:23
202012,ES + Home,Books,Книга по требованию,0,Fact,2481978739,176076658,22.12.2020 12:40:23
202012,ES + Home,Books,Современные картографические издания,0,Fact,1227701528,1706155104,22.12.2020 12:40:23
202012,ES + Home,Books,Манга,0,Fact,4281467630,2066407702,22.12.2020 12:40:23
202012,ES + Home,Books,Современная печатная книга,0,Fact,747376482,2839358935,22.12.2020 12:40:23
202012,ES + Home,Digital,Програмное обеспечение Digital,0,Fact,1169378431,2728682595,22.01.2021 12:40:23
202012,ES + Home,Digital,Програмное обеспечение Digital,0,Fact,1352143276,1942520364,22.12.2020 12:40:23
202012,ES + Home,DIY,Фильтры для воды,0,Fact,3033815872,416079501,22.01.2021 12:40:23
202012,ES + Home,DIY,Сад и огород,1,Fact,3689914631,3844969673,22.01.2021 12:40:23
202012,ES + Home,DIY,Ремонт и строительство,1,Fact,2751368719,1560490636,22.01.2021 12:40:23
202012,ES + Home,DIY,Сад и огород,0,Fact,1639642298,2682303024,22.01.2021 12:40:23
202012,ES + Home,DIY,Ремонт и строительство,0,Fact,989159333,1329889755,22.01.2021 12:40:23
202012,ES + Home,DIY,Фильтры для воды,1,Fact,4175725150,3231816234,22.01.2021 12:40:23
202012,ES + Home,DIY,Инструменты,0,Fact,3386683260,2042793570,22.01.2021 12:40:23
202012,ES + Home,DIY,Освещение,0,Fact,4001458663,1713231586,22.01.2021 12:40:23
202012,ES + Home,DIY,Освещение,1,Fact,3774978404,326271143,22.01.2021 12:40:23
202012,ES + Home,DIY,Инструменты,1,Fact,4240013288,577562217,22.01.2021 12:40:23
202012,ES + Home,DIY,Сантехника,0,Fact,1435694295,1638186177,22.01.2021 12:40:23
202012,ES + Home,DIY,Сад и огород,0,Fact,47763311,93544955,22.12.2020 12:40:23
202012,ES + Home,DIY,Ремонт и строительство,1,Fact,3179525248,2543853282,22.12.2020 12:40:23
202012,ES + Home,DIY,Фильтры для воды,1,Fact,442145988,3235151387,22.12.2020 12:40:23
202012,ES + Home,DIY,Фильтры для воды,0,Fact,2189440499,2495900013,22.12.2020 12:40:23
202012,ES + Home,DIY,Сад и огород,1,Fact,2863941649,483945036,22.12.2020 12:40:23
202012,ES + Home,DIY,Ремонт и строительство,0,Fact,1035005398,4012270575,22.12.2020 12:40:23
202012,ES + Home,DIY,Инструменты,1,Fact,4085041388,4264436458,22.12.2020 12:40:23
202012,ES + Home,DIY,Освещение,0,Fact,760381294,3097044330,22.12.2020 12:40:23
202012,ES + Home,DIY,Сантехника,0,Fact,3095309424,2279678890,22.12.2020 12:40:23
202012,ES + Home,DIY,Инструменты,0,Fact,2250862852,360963624,22.12.2020 12:40:23
202012,ES + Home,DIY,Освещение,1,Fact,406700200,1037533297,22.12.2020 12:40:23
202012,ES + Home,Furniture,Прочая мебель,0,Fact,1167888058,2008329124,22.01.2021 12:40:23
202012,ES + Home,Furniture,Столы и стулья,0,Fact,4055304680,2229700327,22.01.2021 12:40:23
202012,ES + Home,Furniture,Корпусная мебель и мебель для хранения,0,Fact,1543495970,3094671535,22.01.2021 12:40:23
202012,ES + Home,Furniture,Компьютерная и офисная мебель,0,Fact,1060453315,3604446240,22.01.2021 12:40:23
202012,ES + Home,Furniture,Мягкая мебель,0,Fact,649009110,2419187245,22.01.2021 12:40:23
202012,ES + Home,Furniture,Мебель для сна,0,Fact,2388441789,2429637162,22.01.2021 12:40:23
202012,ES + Home,Furniture,Мебель для сада,0,Fact,2178834865,702391688,22.01.2021 12:40:23
202012,ES + Home,Furniture,Столы и стулья,0,Fact,412996385,2078979908,22.12.2020 12:40:23
202012,ES + Home,Furniture,Прочая мебель,0,Fact,1819524352,1935195159,22.12.2020 12:40:23
202012,ES + Home,Furniture,Мягкая мебель,0,Fact,3400301958,2154101802,22.12.2020 12:40:23
202012,ES + Home,Furniture,Мебель для сна,0,Fact,2283034547,3244426251,22.12.2020 12:40:23
202012,ES + Home,Furniture,Корпусная мебель и мебель для хранения,0,Fact,2542466393,4269142022,22.12.2020 12:40:23
202012,ES + Home,Furniture,Мебель для сада,0,Fact,1225460045,4104921581,22.12.2020 12:40:23
202012,ES + Home,Furniture,Компьютерная и офисная мебель,0,Fact,1218259346,3743763761,22.12.2020 12:40:23
202012,ES + Home,Household,Аксессуары для уборки и стирки,0,Fact,3782757532,1688835570,22.01.2021 12:40:23
202012,ES + Home,Household,Интерьер и декор,1,Fact,3606543576,3507743242,22.01.2021 12:40:23
202012,ES + Home,Household,Ванная комната,0,Fact,3902600949,267555042,22.01.2021 12:40:23
202012,ES + Home,Household,Кухня,1,Fact,3330643221,1295213826,22.01.2021 12:40:23
202012,ES + Home,Household,Принадлежности для Нового года,1,Fact,3928445723,1500189646,22.01.2021 12:40:23
202012,ES + Home,Household,Кухня,0,Fact,2655265826,3837869457,22.01.2021 12:40:23
202012,ES + Home,Household,Аксессуары для уборки и стирки,1,Fact,4120692004,724783686,22.01.2021 12:40:23
202012,ES + Home,Household,Принадлежности для Нового года,0,Fact,1022864294,2509869257,22.01.2021 12:40:23
202012,ES + Home,Household,Антиквариат Хоум Декор,0,Fact,452844646,27730983,22.01.2021 12:40:23
202012,ES + Home,Household,Хранение,0,Fact,3392832948,2436465335,22.01.2021 12:40:23
202012,ES + Home,Household,Интерьер и декор,0,Fact,754526657,450181696,22.01.2021 12:40:23
202012,ES + Home,Household,Домашний текстиль,0,Fact,2769160501,4145113961,22.01.2021 12:40:23
202012,ES + Home,Household,Домашний текстиль,1,Fact,1131230760,371487972,22.01.2021 12:40:23
202012,ES + Home,Household,Ритуальные изделия,0,Fact,3122124168,3184868377,22.01.2021 12:40:23
202012,ES + Home,Household,Кухня,1,Fact,402347128,1083383998,22.12.2020 12:40:23
202012,ES + Home,Household,Принадлежности для Нового года,1,Fact,1538886935,2729669633,22.12.2020 12:40:23
202012,ES + Home,Household,Кухня,0,Fact,2236309338,1595325189,22.12.2020 12:40:23
202012,ES + Home,Household,Аксессуары для уборки и стирки,1,Fact,2957980089,1716400150,22.12.2020 12:40:23
202012,ES + Home,Household,Принадлежности для Нового года,0,Fact,662557491,1677320106,22.12.2020 12:40:23
202012,ES + Home,Household,Ванная комната,0,Fact,1605050525,329234176,22.12.2020 12:40:23
202012,ES + Home,Household,Аксессуары для уборки и стирки,0,Fact,1422133519,880706822,22.12.2020 12:40:23
202012,ES + Home,Household,Интерьер и декор,1,Fact,1940169514,4081347068,22.12.2020 12:40:23
202012,ES + Home,Household,Интерьер и декор,0,Fact,1165414534,1661655471,22.12.2020 12:40:23
202012,ES + Home,Household,Домашний текстиль,0,Fact,675323233,878997211,22.12.2020 12:40:23
202012,ES + Home,Household,Домашний текстиль,1,Fact,1560349693,3471285055,22.12.2020 12:40:23
202012,ES + Home,Household,Антиквариат Хоум Декор,0,Fact,3731178605,341977270,22.12.2020 12:40:23
202012,ES + Home,Household,Хранение,0,Fact,4044517093,3769497666,22.12.2020 12:40:23
202012,ES + Home,Household,Ритуальные изделия,0,Fact,926864993,2232270359,22.12.2020 12:40:23
202012,ES + Home,Laptops & Computers,Компьютеры Lap&Comp,1,Fact,2826310438,2584457607,22.01.2021 12:40:23
202012,ES + Home,Laptops & Computers,Домашняя Аудио и Видеотехника Lap&Comp,0,Fact,2532317342,3522090547,22.01.2021 12:40:23
202012,ES + Home,Laptops & Computers,Компьютерная периферия Lap&Comp,0,Fact,945123833,1257172839,22.01.2021 12:40:23
202012,ES + Home,Laptops & Computers,Расходный материал для электроники Lap&Comp,1,Fact,4264952320,2089827157,22.01.2021 12:40:23
202012,ES + Home,Laptops & Computers,Компьютерная офисная техника Lap&Comp,0,Fact,2244333388,2314073766,22.01.2021 12:40:23
202012,ES + Home,Laptops & Computers,Компьютеры Lap&Comp,0,Fact,2674034334,3371899386,22.01.2021 12:40:23
202012,ES + Home,Laptops & Computers,Компьютерная периферия Lap&Comp,1,Fact,3279504940,3959803495,22.01.2021 12:40:23
202012,ES + Home,Laptops & Computers,Расходный материал для электроники Lap&Comp,0,Fact,2237078202,1737160605,22.01.2021 12:40:23
202012,ES + Home,Laptops & Computers,Компьютеры Lap&Comp,1,Fact,2655685891,2401809065,22.12.2020 12:40:23
202012,ES + Home,Laptops & Computers,Домашняя Аудио и Видеотехника Lap&Comp,0,Fact,246343927,3955995452,22.12.2020 12:40:23
202012,ES + Home,Laptops & Computers,Компьютерная периферия Lap&Comp,0,Fact,2110643876,197281520,22.12.2020 12:40:23
202012,ES + Home,Laptops & Computers,Компьютерная периферия Lap&Comp,1,Fact,3823644160,1244353489,22.12.2020 12:40:23
202012,ES + Home,Laptops & Computers,Расходный материал для электроники Lap&Comp,1,Fact,1187713005,2501880435,22.12.2020 12:40:23
202012,ES + Home,Laptops & Computers,Расходный материал для электроники Lap&Comp,0,Fact,1272579892,61797855,22.12.2020 12:40:23
202012,ES + Home,Laptops & Computers,Компьютерная офисная техника Lap&Comp,0,Fact,855252253,4241530630,22.12.2020 12:40:23
202012,ES + Home,Laptops & Computers,Компьютеры Lap&Comp,0,Fact,3164343023,392366622,22.12.2020 12:40:23
202012,ES + Home,Major Domestic Appliances,Крупная бытовая техника MDA,0,Fact,3347904854,1761550748,22.01.2021 12:40:23
202012,ES + Home,Major Domestic Appliances,Крупная бытовая техника MDA,0,Fact,2998281605,1658259311,22.12.2020 12:40:23
202012,ES + Home,Miscellaneous accessories,Фото и видео Access,0,Fact,769863238,1654056743,22.01.2021 12:40:23
202012,ES + Home,Miscellaneous accessories,Компьютерная периферия Access,1,Fact,2452574903,3494090103,22.01.2021 12:40:23
202012,ES + Home,Miscellaneous accessories,Фото и видео Access,1,Fact,401847184,174869495,22.01.2021 12:40:23
202012,ES + Home,Miscellaneous accessories,Электропитание Access,0,Fact,3484876141,4004897154,22.01.2021 12:40:23
202012,ES + Home,Miscellaneous accessories,Средства связи Access,0,Fact,3870712893,3416826386,22.01.2021 12:40:23
202012,ES + Home,Miscellaneous accessories,Электропитание Access,1,Fact,753534912,767679132,22.01.2021 12:40:23
202012,ES + Home,Miscellaneous accessories,Автомобильная техника Access,0,Fact,2043461954,2960689254,22.01.2021 12:40:23
202012,ES + Home,Miscellaneous accessories,Домашняя Аудио и Видеотехника Access,1,Fact,2389309984,1072368352,22.01.2021 12:40:23
202012,ES + Home,Miscellaneous accessories,Средства связи Access,1,Fact,3018620915,3615125358,22.01.2021 12:40:23
202012,ES + Home,Miscellaneous accessories,Компьютерная периферия Access,0,Fact,669686325,3595528431,22.01.2021 12:40:23
202012,ES + Home,Miscellaneous accessories,Бытовая техника Access,1,Fact,1447043774,3910739773,22.01.2021 12:40:23
202012,ES + Home,Miscellaneous accessories,Расходный материал для электроники Access,0,Fact,2364903717,2215842103,22.01.2021 12:40:23
202012,ES + Home,Miscellaneous accessories,Игровые приставки и аксессуары Access,1,Fact,3389701576,1512843081,22.01.2021 12:40:23
202012,ES + Home,Miscellaneous accessories,Оборудование Access,0,Fact,3050659865,1108161086,22.01.2021 12:40:23
202012,ES + Home,Miscellaneous accessories,Игровые приставки и аксессуары Access,0,Fact,247839236,526317307,22.01.2021 12:40:23
202012,ES + Home,Miscellaneous accessories,Расходный материал для электроники Access,1,Fact,4010574370,3230083073,22.01.2021 12:40:23
202012,ES + Home,Miscellaneous accessories,Электронные товары хобби и отдых Access,0,Fact,2295097143,1036211507,22.01.2021 12:40:23
202012,ES + Home,Miscellaneous accessories,Домашняя Аудио и Видеотехника Access,0,Fact,1265465890,2074995856,22.01.2021 12:40:23
202012,ES + Home,Miscellaneous accessories,Компьютеры Access,0,Fact,3544836445,405472050,22.01.2021 12:40:23
202012,ES + Home,Miscellaneous accessories,Компьютеры Access,1,Fact,573787796,1072493746,22.01.2021 12:40:23
202012,ES + Home,Miscellaneous accessories,Бытовая техника Access,0,Fact,417786111,2955962484,22.01.2021 12:40:23
202012,ES + Home,Miscellaneous accessories,Электропитание Access,0,Fact,2119824645,3275679808,22.12.2020 12:40:23
202012,ES + Home,Miscellaneous accessories,Электропитание Access,1,Fact,1227244210,806046497,22.12.2020 12:40:23
202012,ES + Home,Miscellaneous accessories,Компьютерная периферия Access,1,Fact,1761040607,1624045119,22.12.2020 12:40:23
202012,ES + Home,Miscellaneous accessories,Средства связи Access,0,Fact,3947866814,1966490075,22.12.2020 12:40:23
202012,ES + Home,Miscellaneous accessories,Автомобильная техника Access,0,Fact,1421824341,1350180168,22.12.2020 12:40:23
202012,ES + Home,Miscellaneous accessories,Домашняя Аудио и Видеотехника Access,1,Fact,3083481764,1347701673,22.12.2020 12:40:23
202012,ES + Home,Miscellaneous accessories,Средства связи Access,1,Fact,1992630497,2595666197,22.12.2020 12:40:23
202012,ES + Home,Miscellaneous accessories,Компьютерная периферия Access,0,Fact,1474857781,3714155658,22.12.2020 12:40:23
202012,ES + Home,Miscellaneous accessories,Игровые приставки и аксессуары Access,0,Fact,268293499,2041725771,22.12.2020 12:40:23
202012,ES + Home,Miscellaneous accessories,Расходный материал для электроники Access,1,Fact,3876727370,989707208,22.12.2020 12:40:23
202012,ES + Home,Miscellaneous accessories,Домашняя Аудио и Видеотехника Access,0,Fact,3201833397,2731691906,22.12.2020 12:40:23
202012,ES + Home,Miscellaneous accessories,Бытовая техника Access,1,Fact,619574137,1540494274,22.12.2020 12:40:23
202012,ES + Home,Miscellaneous accessories,Компьютеры Access,0,Fact,2205606417,3878035547,22.12.2020 12:40:23
202012,ES + Home,Miscellaneous accessories,Бытовая техника Access,0,Fact,1506216133,2968847430,22.12.2020 12:40:23
202012,ES + Home,Miscellaneous accessories,Расходный материал для электроники Access,0,Fact,3847275974,3967350937,22.12.2020 12:40:23
202012,ES + Home,Miscellaneous accessories,Игровые приставки и аксессуары Access,1,Fact,1105395530,3246978675,22.12.2020 12:40:23
202012,ES + Home,Miscellaneous accessories,Электронные товары хобби и отдых Access,0,Fact,2676653838,4194950647,22.12.2020 12:40:23
202012,ES + Home,Miscellaneous accessories,Фото и видео Access,0,Fact,3291273006,603324353,22.12.2020 12:40:23
202012,ES + Home,Miscellaneous accessories,Оборудование Access,0,Fact,1171932764,2997641441,22.12.2020 12:40:23
202012,ES + Home,Miscellaneous accessories,Компьютеры Access,1,Fact,3675252951,314851580,22.12.2020 12:40:23
202012,ES + Home,Miscellaneous accessories,Фото и видео Access,1,Fact,175500559,2491571923,22.12.2020 12:40:23
202012,ES + Home,Small Domestic Appliances,Оборудование SDA,0,Fact,3185228485,2954338567,22.01.2021 12:40:23
202012,ES + Home,Small Domestic Appliances,Мелкая бытовая техника SDA,1,Fact,4141212272,1979119650,22.01.2021 12:40:23
202012,ES + Home,Small Domestic Appliances,Мелкая бытовая техника SDA,0,Fact,805943812,2709241627,22.01.2021 12:40:23
202012,ES + Home,Small Domestic Appliances,Оборудование SDA,0,Fact,419124313,654124370,22.12.2020 12:40:23
202012,ES + Home,Small Domestic Appliances,Мелкая бытовая техника SDA,1,Fact,1752460134,3709391867,22.12.2020 12:40:23
202012,ES + Home,Small Domestic Appliances,Мелкая бытовая техника SDA,0,Fact,899210405,3944693121,22.12.2020 12:40:23
202012,ES + Home,Smartphones & Tablets,Компьютеры Smart&Tablets,1,Fact,704886931,425329429,22.01.2021 12:40:23
202012,ES + Home,Smartphones & Tablets,Средства связи Smart&Tablets,1,Fact,865336817,978758974,22.01.2021 12:40:23
202012,ES + Home,Smartphones & Tablets,Средства связи Smart&Tablets,0,Fact,3000205633,3949322000,22.01.2021 12:40:23
202012,ES + Home,Smartphones & Tablets,Компьютеры Smart&Tablets,0,Fact,4277583942,1722530709,22.01.2021 12:40:23
202012,ES + Home,Smartphones & Tablets,Средства связи Smart&Tablets,1,Fact,3944919344,3454460078,22.12.2020 12:40:23
202012,ES + Home,Smartphones & Tablets,Средства связи Smart&Tablets,0,Fact,3980489958,2747189104,22.12.2020 12:40:23
202012,ES + Home,Smartphones & Tablets,Компьютеры Smart&Tablets,1,Fact,3753337442,1903314312,22.12.2020 12:40:23
202012,ES + Home,Smartphones & Tablets,Компьютеры Smart&Tablets,0,Fact,4024287571,2645603460,22.12.2020 12:40:23
202012,ES + Home,Sport,Тренажеры и фитнес,0,Fact,749403827,2954590111,22.01.2021 12:40:23
202012,ES + Home,Sport,Всесезонные виды спорта,0,Fact,3191086131,592690646,22.01.2021 12:40:23
202012,ES + Home,Sport,Всесезонные виды спорта,1,Fact,2679643199,2207164237,22.01.2021 12:40:23
202012,ES + Home,Sport,Летние виды спорта,0,Fact,1685420491,296045586,22.01.2021 12:40:23
202012,ES + Home,Sport,Туризм,0,Fact,1347687278,1850952681,22.01.2021 12:40:23
202012,ES + Home,Sport,Товары для охоты,0,Fact,3232210545,3403783122,22.01.2021 12:40:23
202012,ES + Home,Sport,Страйкбол и пневматика,0,Fact,1997963395,3593400214,22.01.2021 12:40:23
202012,ES + Home,Sport,Зимние виды спорта,0,Fact,1750360347,249797127,22.01.2021 12:40:23
202012,ES + Home,Sport,Цирковое искусство,0,Fact,530684372,1905441773,22.01.2021 12:40:23
202012,ES + Home,Sport,Туризм,1,Fact,2215306010,2557602273,22.01.2021 12:40:23
202012,ES + Home,Sport,Товары для рыбалки,0,Fact,118873946,1319649268,22.01.2021 12:40:23
202012,ES + Home,Sport,Единоборства,0,Fact,2196001496,1667421236,22.01.2021 12:40:23
202012,ES + Home,Sport,Тренажеры и фитнес,1,Fact,3149530945,96026392,22.01.2021 12:40:23
202012,ES + Home,Sport,Спортивные аксессуары,1,Fact,4074517377,3959157929,22.01.2021 12:40:23
202012,ES + Home,Sport,Спортивные аксессуары,0,Fact,3894191374,4083833156,22.01.2021 12:40:23
202012,ES + Home,Sport,Всесезонные виды спорта,1,Fact,1433238881,1119326064,22.12.2020 12:40:23
202012,ES + Home,Sport,Спортивные аксессуары,1,Fact,423646073,1212281049,22.12.2020 12:40:23
202012,ES + Home,Sport,Спортивные аксессуары,0,Fact,1131561600,2295017857,22.12.2020 12:40:23
202012,ES + Home,Sport,Тренажеры и фитнес,0,Fact,2569479366,3942865281,22.12.2020 12:40:23
202012,ES + Home,Sport,Всесезонные виды спорта,0,Fact,98024209,812766545,22.12.2020 12:40:23
202012,ES + Home,Sport,Цирковое искусство,0,Fact,4145653045,3033024917,22.12.2020 12:40:23
202012,ES + Home,Sport,Туризм,1,Fact,3672005448,1072929296,22.12.2020 12:40:23
202012,ES + Home,Sport,Товары для рыбалки,0,Fact,2458532627,2165857360,22.12.2020 12:40:23
202012,ES + Home,Sport,Тренажеры и фитнес,1,Fact,1450802671,3516917969,22.12.2020 12:40:23
202012,ES + Home,Sport,Летние виды спорта,0,Fact,3688653544,2409405673,22.12.2020 12:40:23
202012,ES + Home,Sport,Туризм,0,Fact,3365647534,1366668385,22.12.2020 12:40:23
202012,ES + Home,Sport,Товары для охоты,0,Fact,3043029089,189150217,22.12.2020 12:40:23
202012,ES + Home,Sport,Страйкбол и пневматика,0,Fact,3386828601,3971669189,22.12.2020 12:40:23
202012,ES + Home,Sport,Единоборства,0,Fact,1423166124,74144632,22.12.2020 12:40:23
202012,ES + Home,Sport,Зимние виды спорта,0,Fact,3749932834,32493959,22.12.2020 12:40:23
202012,ES + Home,TV  audio  Hi-Fi & other electronics,Домашняя Аудио и Видеотехника TV&Audio,1,Fact,2182705178,2920523534,22.01.2021 12:40:23
202012,ES + Home,TV  audio  Hi-Fi & other electronics,Фото и видео TV&Audio,0,Fact,1894439075,2881725510,22.01.2021 12:40:23
202012,ES + Home,TV  audio  Hi-Fi & other electronics,Програмное обеспечение TV&Audio,1,Fact,513861742,1300848290,22.01.2021 12:40:23
202012,ES + Home,TV  audio  Hi-Fi & other electronics,Автомобильная техника TV&Audio,0,Fact,2890062133,3419201957,22.01.2021 12:40:23
202012,ES + Home,TV  audio  Hi-Fi & other electronics,Music,0,Fact,3534304241,3427605985,22.01.2021 12:40:23
202012,ES + Home,TV  audio  Hi-Fi & other electronics,Фото и видео TV&Audio,1,Fact,4035022137,4087581881,22.01.2021 12:40:23
202012,ES + Home,TV  audio  Hi-Fi & other electronics,Автомобильная техника TV&Audio,1,Fact,101433673,1012482605,22.01.2021 12:40:23
202012,ES + Home,TV  audio  Hi-Fi & other electronics,Домашняя Аудио и Видеотехника TV&Audio,0,Fact,3488740066,1808439745,22.01.2021 12:40:23
202012,ES + Home,TV  audio  Hi-Fi & other electronics,Средства связи TV&Audio,0,Fact,3625318363,2410107058,22.01.2021 12:40:23
202012,ES + Home,TV  audio  Hi-Fi & other electronics,Система безопасности TV&Audio,1,Fact,666893954,415782971,22.01.2021 12:40:23
202012,ES + Home,TV  audio  Hi-Fi & other electronics,Система безопасности TV&Audio,0,Fact,604418213,2180866594,22.01.2021 12:40:23
202012,ES + Home,TV  audio  Hi-Fi & other electronics,Компьютерная периферия TV&Audio,0,Fact,3533881282,2716223144,22.01.2021 12:40:23
202012,ES + Home,TV  audio  Hi-Fi & other electronics,Электронные товары хобби и отдых TV&Audio,1,Fact,2975804652,2701604433,22.01.2021 12:40:23
202012,ES + Home,TV  audio  Hi-Fi & other electronics,Програмное обеспечение TV&Audio,0,Fact,687568303,3114522155,22.01.2021 12:40:23
202012,ES + Home,TV  audio  Hi-Fi & other electronics,Компьютеры TV&Audio,0,Fact,1623787201,460374027,22.01.2021 12:40:23
202012,ES + Home,TV  audio  Hi-Fi & other electronics,Movie,0,Fact,3441618190,1567914252,22.01.2021 12:40:23
202012,ES + Home,TV  audio  Hi-Fi & other electronics,Портативная аудиотехника TV&Audio,1,Fact,1858599621,819324318,22.01.2021 12:40:23
202012,ES + Home,TV  audio  Hi-Fi & other electronics,Компьютеры TV&Audio,1,Fact,233485046,528336093,22.01.2021 12:40:23
202012,ES + Home,TV  audio  Hi-Fi & other electronics,Портативная аудиотехника TV&Audio,0,Fact,645839414,2611307143,22.01.2021 12:40:23
202012,ES + Home,TV  audio  Hi-Fi & other electronics,Игровые приставки и аксессуары TV&Audio,0,Fact,1985512253,4258517857,22.01.2021 12:40:23
202012,ES + Home,TV  audio  Hi-Fi & other electronics,Средства связи TV&Audio,1,Fact,2403675960,2082812341,22.01.2021 12:40:23
202012,ES + Home,TV  audio  Hi-Fi & other electronics,Электронные товары хобби и отдых TV&Audio,0,Fact,1883269031,3289388826,22.01.2021 12:40:23
202012,ES + Home,TV  audio  Hi-Fi & other electronics,Фан атрибутика TV&Audio,0,Fact,1189243793,1265788096,22.01.2021 12:40:23
202012,ES + Home,TV  audio  Hi-Fi & other electronics,Карты оплаты  страховки TV&Audio,0,Fact,3955279108,1312990713,22.01.2021 12:40:23
202012,ES + Home,TV  audio  Hi-Fi & other electronics,Игровые приставки и аксессуары TV&Audio,1,Fact,2060633954,796540334,22.01.2021 12:40:23
202012,ES + Home,TV  audio  Hi-Fi & other electronics,Игровые приставки и аксессуары TV&Audio,0,Fact,2336784916,295955701,22.12.2020 12:40:23
202012,ES + Home,TV  audio  Hi-Fi & other electronics,Средства связи TV&Audio,0,Fact,4255532669,624498953,22.12.2020 12:40:23
202012,ES + Home,TV  audio  Hi-Fi & other electronics,Домашняя Аудио и Видеотехника TV&Audio,1,Fact,1241938259,1997476372,22.12.2020 12:40:23
202012,ES + Home,TV  audio  Hi-Fi & other electronics,Игровые приставки и аксессуары TV&Audio,1,Fact,2494682791,424118982,22.12.2020 12:40:23
202012,ES + Home,TV  audio  Hi-Fi & other electronics,Домашняя Аудио и Видеотехника TV&Audio,0,Fact,110558153,1251931533,22.12.2020 12:40:23
202012,ES + Home,TV  audio  Hi-Fi & other electronics,Фото и видео TV&Audio,0,Fact,2810498783,612835865,22.12.2020 12:40:23
202012,ES + Home,TV  audio  Hi-Fi & other electronics,Програмное обеспечение TV&Audio,1,Fact,192555107,440989682,22.12.2020 12:40:23
202012,ES + Home,TV  audio  Hi-Fi & other electronics,Music,0,Fact,1737214194,10229348,22.12.2020 12:40:23
202012,ES + Home,TV  audio  Hi-Fi & other electronics,Фото и видео TV&Audio,1,Fact,114182506,849812675,22.12.2020 12:40:23
202012,ES + Home,TV  audio  Hi-Fi & other electronics,Movie,0,Fact,2804491862,226820593,22.12.2020 12:40:23
202012,ES + Home,TV  audio  Hi-Fi & other electronics,Система безопасности TV&Audio,1,Fact,1413792527,2137701965,22.12.2020 12:40:23
202012,ES + Home,TV  audio  Hi-Fi & other electronics,Компьютеры TV&Audio,1,Fact,892480958,1335786561,22.12.2020 12:40:23
202012,ES + Home,TV  audio  Hi-Fi & other electronics,Средства связи TV&Audio,1,Fact,45462724,3107274045,22.12.2020 12:40:23
202012,ES + Home,TV  audio  Hi-Fi & other electronics,Электронные товары хобби и отдых TV&Audio,0,Fact,2981662824,731909071,22.12.2020 12:40:23
202012,ES + Home,TV  audio  Hi-Fi & other electronics,Система безопасности TV&Audio,0,Fact,3815257282,3955364472,22.12.2020 12:40:23
202012,ES + Home,TV  audio  Hi-Fi & other electronics,Фан атрибутика TV&Audio,0,Fact,1332026608,1648289092,22.12.2020 12:40:23
202012,ES + Home,TV  audio  Hi-Fi & other electronics,Карты оплаты  страховки TV&Audio,0,Fact,1298263101,3092153919,22.12.2020 12:40:23
202012,ES + Home,TV  audio  Hi-Fi & other electronics,Автомобильная техника TV&Audio,0,Fact,644465467,1376877168,22.12.2020 12:40:23
202012,ES + Home,TV  audio  Hi-Fi & other electronics,Портативная аудиотехника TV&Audio,1,Fact,1181208038,1212362212,22.12.2020 12:40:23
202012,ES + Home,TV  audio  Hi-Fi & other electronics,Автомобильная техника TV&Audio,1,Fact,3138527670,1324925696,22.12.2020 12:40:23
202012,ES + Home,TV  audio  Hi-Fi & other electronics,Компьютерная периферия TV&Audio,0,Fact,1939148803,59059701,22.12.2020 12:40:23
202012,ES + Home,TV  audio  Hi-Fi & other electronics,Электронные товары хобби и отдых TV&Audio,1,Fact,3913222247,4238477081,22.12.2020 12:40:23
202012,ES + Home,TV  audio  Hi-Fi & other electronics,Портативная аудиотехника TV&Audio,0,Fact,4152214046,823910867,22.12.2020 12:40:23
202012,ES + Home,TV  audio  Hi-Fi & other electronics,Компьютеры TV&Audio,0,Fact,1730682237,4031380128,22.12.2020 12:40:23
202012,ES + Home,TV  audio  Hi-Fi & other electronics,Програмное обеспечение TV&Audio,0,Fact,2606934455,4078879998,22.12.2020 12:40:23
202012,FMCG,FMCG nonfood,Детская продукция,0,Fact,1077718882,2623788163,22.01.2021 12:40:23
202012,FMCG,FMCG nonfood,Уход и гигиена,1,Fact,2582071866,546883138,22.01.2021 12:40:23
202012,FMCG,FMCG nonfood,Кормление детское,1,Fact,848642253,3301934248,22.01.2021 12:40:23
202012,FMCG,FMCG nonfood,Электроника детская,1,Fact,1419294121,2892785944,22.01.2021 12:40:23
202012,FMCG,FMCG nonfood,Личная гигиена,0,Fact,1219442856,2306033756,22.01.2021 12:40:23
202012,FMCG,FMCG nonfood,Бытовая химия,1,Fact,4193790451,3506684193,22.01.2021 12:40:23
202012,FMCG,FMCG nonfood,Электроника детская,0,Fact,2629002026,3899088469,22.01.2021 12:40:23
202012,FMCG,FMCG nonfood,Личная гигиена,1,Fact,736648313,2541075925,22.01.2021 12:40:23
202012,FMCG,FMCG nonfood,Уход и гигиена,0,Fact,396939508,598624637,22.01.2021 12:40:23
202012,FMCG,FMCG nonfood,Бытовая химия,0,Fact,2128146441,3217956912,22.01.2021 12:40:23
202012,FMCG,FMCG nonfood,Кормление детское,0,Fact,1118099980,530728598,22.01.2021 12:40:23
202012,FMCG,FMCG nonfood,Детская продукция,1,Fact,291833625,483372594,22.01.2021 12:40:23
202012,FMCG,FMCG nonfood,Бритвы и лезвия,1,Fact,1853604069,1177987392,22.01.2021 12:40:23
202012,FMCG,FMCG nonfood,Бритвы и лезвия,0,Fact,4117336749,3355128000,22.01.2021 12:40:23
202012,FMCG,FMCG nonfood,Электроника детская,1,Fact,3230710707,4151240344,22.12.2020 12:40:23
202012,FMCG,FMCG nonfood,Уход и гигиена,0,Fact,494230719,3017436539,22.12.2020 12:40:23
202012,FMCG,FMCG nonfood,Электроника детская,0,Fact,3865146818,1573976434,22.12.2020 12:40:23
202012,FMCG,FMCG nonfood,Детская продукция,0,Fact,69037774,738776687,22.12.2020 12:40:23
202012,FMCG,FMCG nonfood,Уход и гигиена,1,Fact,1890607355,1066379842,22.12.2020 12:40:23
202012,FMCG,FMCG nonfood,Кормление детское,1,Fact,3066216521,2409138543,22.12.2020 12:40:23
202012,FMCG,FMCG nonfood,Личная гигиена,0,Fact,3856018439,4140634885,22.12.2020 12:40:23
202012,FMCG,FMCG nonfood,Бытовая химия,1,Fact,240834447,1017015285,22.12.2020 12:40:23
202012,FMCG,FMCG nonfood,Личная гигиена,1,Fact,3695661440,4042470391,22.12.2020 12:40:23
202012,FMCG,FMCG nonfood,Бритвы и лезвия,1,Fact,981880252,725928631,22.12.2020 12:40:23
202012,FMCG,FMCG nonfood,Бритвы и лезвия,0,Fact,2197060561,482198332,22.12.2020 12:40:23
202012,FMCG,FMCG nonfood,Бытовая химия,0,Fact,2483381304,2722781220,22.12.2020 12:40:23
202012,FMCG,FMCG nonfood,Кормление детское,0,Fact,901066904,3113879811,22.12.2020 12:40:23
202012,FMCG,FMCG nonfood,Детская продукция,1,Fact,462809798,1314233333,22.12.2020 12:40:23
202012,FMCG,Food,Бакалея,1,Fact,904862947,4212794177,22.01.2021 12:40:23
202012,FMCG,Food,Кондитерские изделия,0,Fact,787677078,3840364588,22.01.2021 12:40:23
202012,FMCG,Food,Напитки,0,Fact,2590593528,2696263056,22.01.2021 12:40:23
202012,FMCG,Food,Кондитерские изделия,1,Fact,581943899,3515154879,22.01.2021 12:40:23
202012,FMCG,Food,Напитки,1,Fact,514769472,1003816509,22.01.2021 12:40:23
202012,FMCG,Food,Бакалея,0,Fact,406404270,3008883973,22.01.2021 12:40:23
202012,FMCG,Food,Детское питание,1,Fact,2839592236,220669317,22.01.2021 12:40:23
202012,FMCG,Food,Детское питание,0,Fact,230341492,1799119433,22.01.2021 12:40:23
202012,FMCG,Food,Молочная продукция стерилизованная,1,Fact,1954008798,701415439,22.01.2021 12:40:23
202012,FMCG,Food,Молекулярная кухня,0,Fact,2671931315,1736751256,22.01.2021 12:40:23
202012,FMCG,Food,Молочная продукция стерилизованная,0,Fact,621203338,2301380484,22.01.2021 12:40:23
202012,FMCG,Food,Напитки,0,Fact,3461017525,3559133902,22.12.2020 12:40:23
202012,FMCG,Food,Бакалея,1,Fact,1826739800,2685548484,22.12.2020 12:40:23
202012,FMCG,Food,Бакалея,0,Fact,2107503753,538918599,22.12.2020 12:40:23
202012,FMCG,Food,Напитки,1,Fact,2758824900,1988300984,22.12.2020 12:40:23
202012,FMCG,Food,Детское питание,1,Fact,3697173512,1525810892,22.12.2020 12:40:23
202012,FMCG,Food,Молекулярная кухня,0,Fact,3303191399,1368842726,22.12.2020 12:40:23
202012,FMCG,Food,Детское питание,0,Fact,2214611137,3071914796,22.12.2020 12:40:23
202012,FMCG,Food,Молочная продукция стерилизованная,0,Fact,1895257356,3607803747,22.12.2020 12:40:23
202012,FMCG,Food,Кондитерские изделия,0,Fact,997350662,839888543,22.12.2020 12:40:23
202012,FMCG,Food,Кондитерские изделия,1,Fact,571984760,2586985299,22.12.2020 12:40:23
202012,FMCG,Food,Молочная продукция стерилизованная,1,Fact,2114729236,312940250,22.12.2020 12:40:23
202012,FMCG,FreshFood,Кулинария и полуфабрикаты Fresh,1,Fact,3871971814,2352649918,22.01.2021 12:40:23
202012,FMCG,FreshFood,Растительные аналоги Fresh,1,Fact,2042975375,419688655,22.01.2021 12:40:23
202012,FMCG,FreshFood,Мясо  птица,1,Fact,1048835992,3376583292,22.01.2021 12:40:23
202012,FMCG,FreshFood,Мясная гастрономия,1,Fact,4029584458,1850375127,22.01.2021 12:40:23
202012,FMCG,FreshFood,Напитки Fresh,1,Fact,2445226677,2521323501,22.01.2021 12:40:23
202012,FMCG,FreshFood,Хлебобулочные изделия Fresh,1,Fact,1932934853,214504100,22.01.2021 12:40:23
202012,FMCG,FreshFood,Замороженные продукты,1,Fact,1950598960,3323901675,22.01.2021 12:40:23
202012,FMCG,FreshFood,Овощи  фрукты  зелень свежие,1,Fact,2918890678,1120190946,22.01.2021 12:40:23
202012,FMCG,FreshFood,Молочная продукция и яйца Fresh,1,Fact,3898289371,68656445,22.01.2021 12:40:23
202012,FMCG,FreshFood,Рыба  морепродукты,1,Fact,3691703978,3655004568,22.01.2021 12:40:23
202012,FMCG,FreshFood,Рыба  морепродукты,1,Fact,308177055,124479545,22.12.2020 12:40:23
202012,FMCG,FreshFood,Кулинария и полуфабрикаты Fresh,1,Fact,3995950068,1362635645,22.12.2020 12:40:23
202012,FMCG,FreshFood,Растительные аналоги Fresh,1,Fact,3428378357,2072856156,22.12.2020 12:40:23
202012,FMCG,FreshFood,Мясо  птица,1,Fact,1448651749,2017556215,22.12.2020 12:40:23
202012,FMCG,FreshFood,Замороженные продукты,1,Fact,3602019871,3501968307,22.12.2020 12:40:23
202012,FMCG,FreshFood,Овощи  фрукты  зелень свежие,1,Fact,3182500933,3244284927,22.12.2020 12:40:23
202012,FMCG,FreshFood,Молочная продукция и яйца Fresh,1,Fact,2974608174,3486220026,22.12.2020 12:40:23
202012,FMCG,FreshFood,Мясная гастрономия,1,Fact,816207337,4274508294,22.12.2020 12:40:23
202012,FMCG,FreshFood,Напитки Fresh,1,Fact,507745339,1431716452,22.12.2020 12:40:23
202012,FMCG,FreshFood,Хлебобулочные изделия Fresh,1,Fact,1727205258,887499077,22.12.2020 12:40:23
202012,FMCG,Moms&Kids,Товары для школы  канцелярия  оборудование,0,Fact,3176149115,1503756005,22.01.2021 12:40:23
202012,FMCG,Moms&Kids,Товары для школы  канцелярия  оборудование,1,Fact,512116651,1120951583,22.01.2021 12:40:23
202012,FMCG,Moms&Kids,Игрушки,0,Fact,1597447348,297174751,22.01.2021 12:40:23
202012,FMCG,Moms&Kids,КГТ и спорт для детей,1,Fact,3502674550,2312165888,22.01.2021 12:40:23
202012,FMCG,Moms&Kids,Игрушки,1,Fact,796494096,1050302908,22.01.2021 12:40:23
202012,FMCG,Moms&Kids,Творчество  хобби и игры,1,Fact,1931974907,390383587,22.01.2021 12:40:23
202012,FMCG,Moms&Kids,КГТ и спорт для детей,0,Fact,1608556025,2818794054,22.01.2021 12:40:23
202012,FMCG,Moms&Kids,Творчество  хобби и игры,0,Fact,170797447,3053227565,22.01.2021 12:40:23
202012,FMCG,Moms&Kids,Игрушки,0,Fact,1601425662,260799836,22.12.2020 12:40:23
202012,FMCG,Moms&Kids,КГТ и спорт для детей,1,Fact,2303128377,1293225073,22.12.2020 12:40:23
202012,FMCG,Moms&Kids,Игрушки,1,Fact,1198885097,1473345474,22.12.2020 12:40:23
202012,FMCG,Moms&Kids,Творчество  хобби и игры,1,Fact,806866580,479425273,22.12.2020 12:40:23
202012,FMCG,Moms&Kids,КГТ и спорт для детей,0,Fact,2967594510,967203749,22.12.2020 12:40:23
202012,FMCG,Moms&Kids,Товары для школы  канцелярия  оборудование,0,Fact,1806519234,1129486276,22.12.2020 12:40:23
202012,FMCG,Moms&Kids,Товары для школы  канцелярия  оборудование,1,Fact,1004352496,115881883,22.12.2020 12:40:23
202012,FMCG,Moms&Kids,Творчество  хобби и игры,0,Fact,2005770625,1778637366,22.12.2020 12:40:23
202012,FMCG,Zoo,Товары для прогулки и дрессировки животных,1,Fact,1842608835,3963230272,22.01.2021 12:40:23
202012,FMCG,Zoo,Спальное место животного,1,Fact,3408903566,902836316,22.01.2021 12:40:23
202012,FMCG,Zoo,Спальное место животного,0,Fact,305098756,1353375451,22.01.2021 12:40:23
202012,FMCG,Zoo,Гигиена и уход животных,1,Fact,265753325,1679742161,22.01.2021 12:40:23
202012,FMCG,Zoo,Зоокорм  витамины,0,Fact,3799701686,2374199825,22.01.2021 12:40:23
202012,FMCG,Zoo,Зоокорм  витамины,1,Fact,1907426530,786656276,22.01.2021 12:40:23
202012,FMCG,Zoo,Фермерское хозяйство - Оборудование для птицеводства и животноводства,0,Fact,879295568,3132530517,22.01.2021 12:40:23
202012,FMCG,Zoo,Фермерское хозяйство - Содержание  уход птицы и сельскохозяйственных животных,0,Fact,2768724987,2329754442,22.01.2021 12:40:23
202012,FMCG,Zoo,Гигиена и уход животных,0,Fact,3171708162,2660345687,22.01.2021 12:40:23
202012,FMCG,Zoo,Товары для прогулки и дрессировки животных,0,Fact,4138372267,3971332991,22.01.2021 12:40:23
202012,FMCG,Zoo,Фермерское хозяйство - Корма и кормовые добавки для птицеводства и животноводства,0,Fact,1684091966,2405030300,22.01.2021 12:40:23
202012,FMCG,Zoo,Фермерское хозяйство - Товары для пчеловодства,0,Fact,3139485700,1274462147,22.01.2021 12:40:23
202012,FMCG,Zoo,Спальное место животного,1,Fact,2946430317,209769782,22.12.2020 12:40:23
202012,FMCG,Zoo,Фермерское хозяйство - Оборудование для птицеводства и животноводства,0,Fact,1933049728,4265585308,22.12.2020 12:40:23
202012,FMCG,Zoo,Гигиена и уход животных,0,Fact,1116318919,1379893757,22.12.2020 12:40:23
202012,FMCG,Zoo,Спальное место животного,0,Fact,1282321793,2101504683,22.12.2020 12:40:23
202012,FMCG,Zoo,Товары для прогулки и дрессировки животных,1,Fact,3939088952,2002949555,22.12.2020 12:40:23
202012,FMCG,Zoo,Товары для прогулки и дрессировки животных,0,Fact,2777310589,2334527915,22.12.2020 12:40:23
202012,FMCG,Zoo,Гигиена и уход животных,1,Fact,2397116881,270385671,22.12.2020 12:40:23
202012,FMCG,Zoo,Фермерское хозяйство - Товары для пчеловодства,0,Fact,2937665052,733629214,22.12.2020 12:40:23
202012,FMCG,Zoo,Зоокорм  витамины,0,Fact,3665517748,3022871083,22.12.2020 12:40:23
202012,FMCG,Zoo,Зоокорм  витамины,1,Fact,663951016,4118768344,22.12.2020 12:40:23
202012,FMCG,Zoo,Фермерское хозяйство - Содержание  уход птицы и сельскохозяйственных животных,0,Fact,3888146677,2116834463,22.12.2020 12:40:23
202012,FMCG,Zoo,Фермерское хозяйство - Корма и кормовые добавки для птицеводства и животноводства,0,Fact,3297760545,3045979148,22.12.2020 12:40:23
202101,Beauty,Apparel,Взрослая одежда,0,Estimation,3226747625,653352872,25.02.2021 10:39:58
202101,Beauty,Apparel,Детская обувь,0,Estimation,317738680,3017986403,25.02.2021 10:39:58
202101,Beauty,Apparel,Бижутерия и часы бижутерные,0,Estimation,2607230597,1323070150,25.02.2021 10:39:58
202101,Beauty,Apparel,Бижутерия и часы бижутерные,0,Estimation,2345950722,3634920897,25.02.2021 10:58:00
202101,Beauty,Apparel,Взрослая одежда,1,Estimation,3955684335,3612970654,24.02.2021 16:27:18
202101,Beauty,Apparel,Аксессуары для взрослых и детей,0,Estimation,2535934977,3565635423,25.02.2021 10:58:00
202101,Beauty,Apparel,Аксессуары для взрослых и детей,0,Estimation,2114678342,559558820,25.02.2021 10:39:58
202101,Beauty,Apparel,Аксессуары для взрослых и детей,1,Estimation,624325863,226321468,24.02.2021 16:27:18
202101,Beauty,Apparel,Взрослая одежда,0,Estimation,381018395,1915511249,25.02.2021 10:58:00
202101,Beauty,Apparel,Детская обувь,0,Estimation,806888259,4127814436,25.02.2021 10:58:00
202101,Beauty,Apparel,Взрослая обувь,0,Estimation,4140444402,3860172500,25.02.2021 10:39:58
202101,Beauty,Apparel,Взрослая обувь,0,Estimation,2092789757,2446386153,25.02.2021 10:58:00
202101,Beauty,Apparel,Детская одежда,0,Estimation,1504866280,456730574,25.02.2021 10:58:00
202101,Beauty,Apparel,Детская одежда,0,Estimation,903088209,2747857722,25.02.2021 10:39:58
202101,Beauty,Apparel,Бижутерия и часы бижутерные,0,Estimation,589679418,1823884643,25.01.2021 10:58:00
202101,Beauty,Apparel,Аксессуары для взрослых и детей,0,Estimation,574191796,2330915077,25.01.2021 10:39:58
202101,Beauty,Apparel,Детская одежда,0,Estimation,3734512425,3064362631,25.01.2021 10:39:58
202101,Beauty,Apparel,Взрослая обувь,0,Estimation,1387430013,53379656,25.01.2021 10:39:58
202101,Beauty,Apparel,Аксессуары для взрослых и детей,1,Estimation,1911097999,1727534572,24.01.2021 16:27:18
202101,Beauty,Apparel,Взрослая обувь,0,Estimation,340714736,3189002221,25.01.2021 10:58:00
202101,Beauty,Apparel,Детская обувь,0,Estimation,3827957570,2330427078,25.01.2021 10:58:00
202101,Beauty,Apparel,Взрослая одежда,0,Estimation,1179911921,2443264317,25.01.2021 10:58:00
202101,Beauty,Apparel,Взрослая одежда,1,Estimation,3003329362,860060443,24.01.2021 16:27:18
202101,Beauty,Apparel,Детская одежда,0,Estimation,1983856792,4139818695,25.01.2021 10:58:00
202101,Beauty,Apparel,Взрослая одежда,0,Estimation,706095152,166810031,25.01.2021 10:39:58
202101,Beauty,Apparel,Аксессуары для взрослых и детей,0,Estimation,2585543931,1177103140,25.01.2021 10:58:00
202101,Beauty,Apparel,Бижутерия и часы бижутерные,0,Estimation,857543516,2206928236,25.01.2021 10:39:58
202101,Beauty,Apparel,Детская обувь,0,Estimation,668808984,91588191,25.01.2021 10:39:58
202101,Beauty,Health&Beauty,Декоративная косметика,1,Estimation,2090967782,4234029225,24.02.2021 17:44:13
202101,Beauty,Health&Beauty,Косметическая техника,1,Estimation,2522928600,2216303288,24.02.2021 17:44:13
202101,Beauty,Health&Beauty,Косметика для ухода за волосами,0,Estimation,1658189762,3389154453,25.02.2021 20:57:25
202101,Beauty,Health&Beauty,Декоративная косметика,0,Estimation,2319605443,2227443999,24.02.2021 11:02:28
202101,Beauty,Health&Beauty,Косметические аксессуары,1,Estimation,2826727684,3448201427,24.02.2021 17:44:13
202101,Beauty,Health&Beauty,Уход и гигиена,1,Estimation,1294453828,494106467,24.02.2021 17:44:13
202101,Beauty,Health&Beauty,Косметические аксессуары,0,Estimation,2968871388,4258198995,24.02.2021 11:02:28
202101,Beauty,Health&Beauty,Косметические средства для детей и беременных,0,Estimation,702360337,1393616980,24.02.2021 11:02:28
202101,Beauty,Health&Beauty,Парфюмерия  ароматерапия,0,Estimation,1563052576,2001374821,25.02.2021 20:57:25
202101,Beauty,Health&Beauty,Парфюмерия  ароматерапия,0,Estimation,3854949274,1478073160,24.02.2021 11:02:28
202101,Beauty,Health&Beauty,Косметическая техника,0,Estimation,3480288445,318423355,24.02.2021 11:02:28
202101,Beauty,Health&Beauty,Уход и гигиена,0,Estimation,3040191112,2116987144,24.02.2021 11:02:28
202101,Beauty,Health&Beauty,Косметика для ухода за кожей,0,Estimation,2985172742,1032674282,24.02.2021 11:02:28
202101,Beauty,Health&Beauty,Косметические средства для детей и беременных,1,Estimation,1603576032,3451100794,24.02.2021 17:44:13
202101,Beauty,Health&Beauty,Косметика для ухода за кожей,1,Estimation,2918873472,754084109,24.02.2021 17:44:13
202101,Beauty,Health&Beauty,Косметические средства для детей и беременных,0,Estimation,1473263878,345586756,25.02.2021 20:57:25
202101,Beauty,Health&Beauty,Косметика для ухода за кожей,0,Estimation,2714310220,3871330473,25.02.2021 20:57:25
202101,Beauty,Health&Beauty,Косметика для ухода за волосами,1,Estimation,1712856497,2748420791,24.02.2021 17:44:13
202101,Beauty,Health&Beauty,Декоративная косметика,0,Estimation,764515290,1369001756,25.02.2021 20:57:25
202101,Beauty,Health&Beauty,Косметика для ухода за волосами,0,Estimation,873894512,1667035768,24.02.2021 11:02:28
202101,Beauty,Health&Beauty,Парфюмерия  ароматерапия,1,Estimation,533492595,2002675532,24.02.2021 17:44:13
202101,Beauty,Health&Beauty,Косметическая техника,0,Estimation,1475838283,2260519790,25.02.2021 20:57:25
202101,Beauty,Health&Beauty,Уход и гигиена,0,Estimation,3524643715,3132811793,25.02.2021 20:57:25
202101,Beauty,Health&Beauty,Косметические аксессуары,0,Estimation,2857152212,1795869272,25.02.2021 20:57:25
202101,Beauty,Health&Beauty,Декоративная косметика,0,Estimation,851129178,440520363,25.01.2021 20:57:25
202101,Beauty,Health&Beauty,Парфюмерия  ароматерапия,0,Estimation,292254332,2303246802,25.01.2021 20:57:25
202101,Beauty,Health&Beauty,Парфюмерия  ароматерапия,0,Estimation,759235055,3154885513,24.01.2021 11:02:28
202101,Beauty,Health&Beauty,Косметические аксессуары,0,Estimation,196125318,2617198987,25.01.2021 20:57:25
202101,Beauty,Health&Beauty,Косметика для ухода за волосами,0,Estimation,2640492794,301920464,24.01.2021 11:02:28
202101,Beauty,Health&Beauty,Косметическая техника,0,Estimation,2445207630,1730269290,25.01.2021 20:57:25
202101,Beauty,Health&Beauty,Уход и гигиена,0,Estimation,212799801,238135652,25.01.2021 20:57:25
202101,Beauty,Health&Beauty,Косметические средства для детей и беременных,1,Estimation,4207117938,4236584599,24.01.2021 17:44:13
202101,Beauty,Health&Beauty,Косметика для ухода за кожей,1,Estimation,2372230209,1597481056,24.01.2021 17:44:13
202101,Beauty,Health&Beauty,Косметика для ухода за кожей,0,Estimation,227437872,476405253,24.01.2021 11:02:28
202101,Beauty,Health&Beauty,Косметика для ухода за волосами,1,Estimation,2158007677,3432322793,24.01.2021 17:44:13
202101,Beauty,Health&Beauty,Уход и гигиена,0,Estimation,1843760046,567704699,24.01.2021 11:02:28
202101,Beauty,Health&Beauty,Косметическая техника,0,Estimation,1706374210,816948473,24.01.2021 11:02:28
202101,Beauty,Health&Beauty,Косметические средства для детей и беременных,0,Estimation,811427256,3127896631,25.01.2021 20:57:25
202101,Beauty,Health&Beauty,Косметика для ухода за волосами,0,Estimation,1171120481,1129485406,25.01.2021 20:57:25
202101,Beauty,Health&Beauty,Косметические аксессуары,0,Estimation,541178541,2550377109,24.01.2021 11:02:28
202101,Beauty,Health&Beauty,Косметическая техника,1,Estimation,1262638352,949614006,24.01.2021 17:44:13
202101,Beauty,Health&Beauty,Декоративная косметика,1,Estimation,1999048753,3959507542,24.01.2021 17:44:13
202101,Beauty,Health&Beauty,Декоративная косметика,0,Estimation,2279082713,1743009513,24.01.2021 11:02:28
202101,Beauty,Health&Beauty,Уход и гигиена,1,Estimation,3866291914,2171405217,24.01.2021 17:44:13
202101,Beauty,Health&Beauty,Парфюмерия  ароматерапия,1,Estimation,2830052394,1388657810,24.01.2021 17:44:13
202101,Beauty,Health&Beauty,Косметика для ухода за кожей,0,Estimation,3175339308,3717889720,25.01.2021 20:57:25
202101,Beauty,Health&Beauty,Косметические аксессуары,1,Estimation,28134646,1031433192,24.01.2021 17:44:13
202101,Beauty,Health&Beauty,Косметические средства для детей и беременных,0,Estimation,2828416600,3866657100,24.01.2021 11:02:28
202101,Beauty,Jewelry,Ювелирные изделия,0,Estimation,2834049101,2330628223,25.02.2021 15:11:04
202101,Beauty,Jewelry,Ювелирные изделия,0,Estimation,609663663,3987307172,25.01.2021 15:11:04
202101,Beauty,Pharmacy,Ортопедия и компрессионный трикотаж,0,Estimation,3309417042,1921471285,20.02.2021 18:23:40
202101,Beauty,Pharmacy,Средства реабилитации,0,Estimation,4259036653,271425510,20.02.2021 18:23:40
202101,Beauty,Pharmacy,Тату,0,Estimation,3075464485,2933320007,20.02.2021 18:23:40
202101,Beauty,Pharmacy,Лекарственные средства,0,Estimation,2246635570,3918964820,20.02.2021 18:23:40
202101,Beauty,Pharmacy,Уход и гигиена,1,Estimation,662899406,2893807091,24.02.2021 23:38:51
202101,Beauty,Pharmacy,Парафармацевтика,1,Estimation,685397750,193306197,24.02.2021 23:38:51
202101,Beauty,Pharmacy,Уход и гигиена,0,Estimation,191841970,2427265051,20.02.2021 18:23:40
202101,Beauty,Pharmacy,Парафармацевтика,0,Estimation,4071858183,3464955498,20.02.2021 18:23:40
202101,Beauty,Pharmacy,Лекарственные средства для животных,0,Estimation,2082623123,2816522932,20.02.2021 18:23:40
202101,Beauty,Pharmacy,Лекарственные средства,1,Estimation,4271989330,2814650097,24.02.2021 23:38:51
202101,Beauty,Pharmacy,Медицинские изделия,0,Estimation,3258577741,3364723347,20.02.2021 18:23:40
202101,Beauty,Pharmacy,Ортопедия и компрессионный трикотаж,1,Estimation,3374386605,3730675412,24.02.2021 23:38:51
202101,Beauty,Pharmacy,Средства реабилитации,1,Estimation,1618476117,3383356652,24.02.2021 23:38:51
202101,Beauty,Pharmacy,Медицинские изделия,1,Estimation,578983014,2164521036,24.02.2021 23:38:51
202101,Beauty,Pharmacy,Медицинская техника,0,Estimation,2918719740,678890586,20.02.2021 18:23:40
202101,Beauty,Pharmacy,Витамины и БАДы,1,Estimation,3021359450,3796329614,24.02.2021 23:38:51
202101,Beauty,Pharmacy,Товары для взрослых,0,Estimation,1528908630,521152668,20.02.2021 18:23:40
202101,Beauty,Pharmacy,Антибактериальные  дезинфицирующие средства,1,Estimation,1110307721,257806824,24.02.2021 23:38:51
202101,Beauty,Pharmacy,Спортивное питание,0,Estimation,612824563,2944337170,20.02.2021 18:23:40
202101,Beauty,Pharmacy,Профессиональный уход за полостью рта,0,Estimation,2510755122,3825159149,20.02.2021 18:23:40
202101,Beauty,Pharmacy,Оптика,1,Estimation,3649495939,1624615548,24.02.2021 23:38:51
202101,Beauty,Pharmacy,Медицинская техника,1,Estimation,883666838,3099940420,24.02.2021 23:38:51
202101,Beauty,Pharmacy,Электронные сигареты  парители  кальяны,0,Estimation,1434699451,3444574863,20.02.2021 18:23:40
202101,Beauty,Pharmacy,Профессиональный уход за полостью рта,1,Estimation,2516788026,3324700673,24.02.2021 23:38:51
202101,Beauty,Pharmacy,Электронные сигареты  парители  кальяны,1,Estimation,1605413448,2141180453,24.02.2021 23:38:51
202101,Beauty,Pharmacy,Антибактериальные  дезинфицирующие средства,0,Estimation,2559465214,3940915695,20.02.2021 18:23:40
202101,Beauty,Pharmacy,Оптика,0,Estimation,4062512488,617727778,20.02.2021 18:23:40
202101,Beauty,Pharmacy,Товары для взрослых,1,Estimation,1134698398,2722339395,24.02.2021 23:38:51
202101,Beauty,Pharmacy,Витамины и БАДы,0,Estimation,1802020599,3066838268,20.02.2021 18:23:40
202101,Beauty,Pharmacy,Спортивное питание,1,Estimation,167912764,1334529555,24.02.2021 23:38:51
202101,Beauty,Pharmacy,Электронные сигареты  парители  кальяны,1,Estimation,2587723218,1205258721,24.01.2021 23:38:51
202101,Beauty,Pharmacy,Медицинские изделия,0,Estimation,3634670532,3302188021,20.01.2021 18:23:40
202101,Beauty,Pharmacy,Средства реабилитации,0,Estimation,2878690272,2106212395,20.01.2021 18:23:40
202101,Beauty,Pharmacy,Уход и гигиена,0,Estimation,2979571279,3358741532,20.01.2021 18:23:40
202101,Beauty,Pharmacy,Медицинские изделия,1,Estimation,2899761759,1905922985,24.01.2021 23:38:51
202101,Beauty,Pharmacy,Антибактериальные  дезинфицирующие средства,0,Estimation,748975351,4033777206,20.01.2021 18:23:40
202101,Beauty,Pharmacy,Спортивное питание,1,Estimation,3979315775,3350300882,24.01.2021 23:38:51
202101,Beauty,Pharmacy,Уход и гигиена,1,Estimation,1792019988,2813583652,24.01.2021 23:38:51
202101,Beauty,Pharmacy,Тату,0,Estimation,3942852857,1440782900,20.01.2021 18:23:40
202101,Beauty,Pharmacy,Антибактериальные  дезинфицирующие средства,1,Estimation,1201305115,3514516628,24.01.2021 23:38:51
202101,Beauty,Pharmacy,Спортивное питание,0,Estimation,3048663830,2353427610,20.01.2021 18:23:40
202101,Beauty,Pharmacy,Парафармацевтика,1,Estimation,3454345484,2196071898,24.01.2021 23:38:51
202101,Beauty,Pharmacy,Парафармацевтика,0,Estimation,4139573756,237918304,20.01.2021 18:23:40
202101,Beauty,Pharmacy,Ортопедия и компрессионный трикотаж,1,Estimation,1888503134,3518951375,24.01.2021 23:38:51
202101,Beauty,Pharmacy,Оптика,0,Estimation,1034832131,2346455759,20.01.2021 18:23:40
202101,Beauty,Pharmacy,Товары для взрослых,1,Estimation,2151947372,3263688576,24.01.2021 23:38:51
202101,Beauty,Pharmacy,Лекарственные средства,1,Estimation,3204386033,3470617451,24.01.2021 23:38:51
202101,Beauty,Pharmacy,Электронные сигареты  парители  кальяны,0,Estimation,3730030129,833369261,20.01.2021 18:23:40
202101,Beauty,Pharmacy,Средства реабилитации,1,Estimation,2917995255,3444887471,24.01.2021 23:38:51
202101,Beauty,Pharmacy,Витамины и БАДы,0,Estimation,3607575414,616964572,20.01.2021 18:23:40
202101,Beauty,Pharmacy,Лекарственные средства для животных,0,Estimation,764978610,2872605708,20.01.2021 18:23:40
202101,Beauty,Pharmacy,Медицинская техника,1,Estimation,2999065365,2209987330,24.01.2021 23:38:51
202101,Beauty,Pharmacy,Оптика,1,Estimation,1278041621,1079403995,24.01.2021 23:38:51
202101,Beauty,Pharmacy,Профессиональный уход за полостью рта,1,Estimation,888575084,3259577547,24.01.2021 23:38:51
202101,Beauty,Pharmacy,Медицинская техника,0,Estimation,2578193039,2848086699,20.01.2021 18:23:40
202101,Beauty,Pharmacy,Товары для взрослых,0,Estimation,3487504647,2214588687,20.01.2021 18:23:40
202101,Beauty,Pharmacy,Лекарственные средства,0,Estimation,3386751640,15057390,20.01.2021 18:23:40
202101,Beauty,Pharmacy,Витамины и БАДы,1,Estimation,1778542325,145177864,24.01.2021 23:38:51
202101,Beauty,Pharmacy,Ортопедия и компрессионный трикотаж,0,Estimation,3620135655,3295000651,20.01.2021 18:23:40
202101,Beauty,Pharmacy,Профессиональный уход за полостью рта,0,Estimation,3362553338,1131061509,20.01.2021 18:23:40
202101,ES + Home,Auto&Moto,Авто и мото запчасти,0,Estimation,4142385305,1541480377,18.02.2021 14:15:16
202101,ES + Home,Auto&Moto,Автоинструменты и гаражное оборудование,0,Estimation,2527185899,3879240763,17.02.2021 17:51:27
202101,ES + Home,Auto&Moto,Дополнительное оборудование для авто и мото техники,0,Estimation,1003058214,2842359950,18.02.2021 14:15:16
202101,ES + Home,Auto&Moto,Авто и мото запчасти,1,Estimation,3728842075,356125431,18.02.2021 14:15:16
202101,ES + Home,Auto&Moto,Универсальные авто и мото аксессуары,0,Estimation,4268273373,177253637,17.02.2021 17:51:27
202101,ES + Home,Auto&Moto,Масла и автохимия,0,Estimation,1113791603,1548734310,18.02.2021 14:15:16
202101,ES + Home,Auto&Moto,Шины и диски,0,Estimation,1074808596,3823183202,17.02.2021 17:51:27
202101,ES + Home,Auto&Moto,Шины и диски,0,Estimation,266780480,3318871106,18.02.2021 14:15:16
202101,ES + Home,Auto&Moto,Масла и автохимия,1,Estimation,380278636,1451277915,18.02.2021 14:15:16
202101,ES + Home,Auto&Moto,Авто и мото запчасти,0,Estimation,418454980,1410452431,17.02.2021 17:51:27
202101,ES + Home,Auto&Moto,Масла и автохимия,0,Estimation,3628825611,812160936,17.02.2021 17:51:27
202101,ES + Home,Auto&Moto,Универсальные авто и мото аксессуары,0,Estimation,2977952421,721677195,18.02.2021 14:15:16
202101,ES + Home,Auto&Moto,Автомобили и мототехника,0,Estimation,548026345,3055131589,18.02.2021 14:15:16
202101,ES + Home,Auto&Moto,Универсальные авто и мото аксессуары,1,Estimation,1100898741,2972912197,18.02.2021 14:15:16
202101,ES + Home,Auto&Moto,Дополнительное оборудование для авто и мото техники,0,Estimation,2584504018,4239426138,17.02.2021 17:51:27
202101,ES + Home,Auto&Moto,Автоинструменты и гаражное оборудование,1,Estimation,2839903247,3122387702,18.02.2021 14:15:16
202101,ES + Home,Auto&Moto,Автоинструменты и гаражное оборудование,0,Estimation,515849727,3063310677,18.02.2021 14:15:16
202101,ES + Home,Auto&Moto,Автомобили и мототехника,0,Estimation,2635275621,3714582583,17.02.2021 17:51:27
202101,ES + Home,Auto&Moto,Универсальные авто и мото аксессуары,1,Estimation,1758382549,1882553735,18.01.2021 14:15:16
202101,ES + Home,Auto&Moto,Автоинструменты и гаражное оборудование,1,Estimation,736826511,301902924,18.01.2021 14:15:16
202101,ES + Home,Auto&Moto,Автоинструменты и гаражное оборудование,0,Estimation,2328853495,156731283,18.01.2021 14:15:16
202101,ES + Home,Auto&Moto,Универсальные авто и мото аксессуары,0,Estimation,2908473396,3826617144,17.01.2021 17:51:27
202101,ES + Home,Auto&Moto,Автомобили и мототехника,0,Estimation,243835973,2523705194,18.01.2021 14:15:16
202101,ES + Home,Auto&Moto,Шины и диски,0,Estimation,2460581111,2485123085,17.01.2021 17:51:27
202101,ES + Home,Auto&Moto,Автоинструменты и гаражное оборудование,0,Estimation,3424298935,264785150,17.01.2021 17:51:27
202101,ES + Home,Auto&Moto,Универсальные авто и мото аксессуары,0,Estimation,3880744553,2230192961,18.01.2021 14:15:16
202101,ES + Home,Auto&Moto,Масла и автохимия,0,Estimation,289209973,975575706,18.01.2021 14:15:16
202101,ES + Home,Auto&Moto,Дополнительное оборудование для авто и мото техники,0,Estimation,2183526740,3155780295,17.01.2021 17:51:27
202101,ES + Home,Auto&Moto,Масла и автохимия,1,Estimation,567192248,2145573979,18.01.2021 14:15:16
202101,ES + Home,Auto&Moto,Авто и мото запчасти,0,Estimation,729536062,1627908779,18.01.2021 14:15:16
202101,ES + Home,Auto&Moto,Шины и диски,0,Estimation,69608265,2054350566,18.01.2021 14:15:16
202101,ES + Home,Auto&Moto,Автомобили и мототехника,0,Estimation,1220201566,1573309386,17.01.2021 17:51:27
202101,ES + Home,Auto&Moto,Масла и автохимия,0,Estimation,2379643444,3080030646,17.01.2021 17:51:27
202101,ES + Home,Auto&Moto,Авто и мото запчасти,1,Estimation,2751135298,1385258626,18.01.2021 14:15:16
202101,ES + Home,Auto&Moto,Авто и мото запчасти,0,Estimation,3311861710,3711314827,17.01.2021 17:51:27
202101,ES + Home,Auto&Moto,Дополнительное оборудование для авто и мото техники,0,Estimation,2925952507,307691909,18.01.2021 14:15:16
202101,ES + Home,Books,Антикварное издание,0,Estimation,3171004203,1010732718,16.02.2021 18:01:08
202101,ES + Home,Books,Современная печатная книга,0,Estimation,3144246645,3182811624,16.02.2021 18:01:08
202101,ES + Home,Books,Аудиокнига,0,Estimation,2423885126,2636531753,16.02.2021 18:01:08
202101,ES + Home,Books,Иностранное издание,0,Estimation,78784421,3949015328,16.02.2021 18:01:08
202101,ES + Home,Books,ПО на физических носителях,0,Estimation,1687088560,30433720,16.02.2021 18:01:08
202101,ES + Home,Books,Цифровая книга,0,Estimation,3100184541,588551182,16.02.2021 18:01:08
202101,ES + Home,Books,Книги детям и родителям,1,Estimation,898558776,2103439970,16.02.2021 18:29:37
202101,ES + Home,Books,Книга по требованию,0,Estimation,108826941,773695802,16.02.2021 18:01:08
202101,ES + Home,Books,Современная печатная книга,1,Estimation,2693437241,2443858740,16.02.2021 18:29:37
202101,ES + Home,Books,Учебная литература,0,Estimation,2741595783,2219418750,16.02.2021 18:01:08
202101,ES + Home,Books,Литература на иностранном языке,0,Estimation,2223671843,4258515542,16.02.2021 18:01:08
202101,ES + Home,Books,Книги детям и родителям,0,Estimation,1683000939,3824733722,16.02.2021 18:01:08
202101,ES + Home,Books,Художественная литература,1,Estimation,3502523484,2811058745,16.02.2021 18:29:37
202101,ES + Home,Books,Манга,1,Estimation,2770911540,1211487565,16.02.2021 18:29:37
202101,ES + Home,Books,Нехудожественная литература,0,Estimation,2851717616,3765337751,16.02.2021 18:01:08
202101,ES + Home,Books,Календари,0,Estimation,489434534,3604394024,16.02.2021 18:01:08
202101,ES + Home,Books,Цифровая аудиокнига,0,Estimation,77205790,1462021695,16.02.2021 18:01:08
202101,ES + Home,Books,Бизнес-литература,1,Estimation,3603694231,1252297064,16.02.2021 18:29:37
202101,ES + Home,Books,Букинистическое издание,0,Estimation,2243879573,2868181320,16.02.2021 18:01:08
202101,ES + Home,Books,Second-hand книга,0,Estimation,127163710,415972,16.02.2021 18:01:08
202101,ES + Home,Books,Нехудожественная литература,1,Estimation,1140552994,2211760290,16.02.2021 18:29:37
202101,ES + Home,Books,Second-hand книга,1,Estimation,2729611681,3862039035,16.02.2021 18:29:37
202101,ES + Home,Books,Манга,0,Estimation,4072043208,429846599,16.02.2021 18:01:08
202101,ES + Home,Books,Блокноты с ISBN,0,Estimation,598316668,498411899,16.02.2021 18:01:08
202101,ES + Home,Books,Художественная литература,0,Estimation,2569157033,392927437,16.02.2021 18:01:08
202101,ES + Home,Books,Современные картографические издания,0,Estimation,3158298587,3561399788,16.02.2021 18:01:08
202101,ES + Home,Books,Современные листовые издания,0,Estimation,652357157,2487495451,16.02.2021 18:01:08
202101,ES + Home,Books,Комиксы,0,Estimation,896776966,1024755535,16.02.2021 18:01:08
202101,ES + Home,Books,Комиксы,1,Estimation,2053722771,601158151,16.02.2021 18:29:37
202101,ES + Home,Books,Бизнес-литература,0,Estimation,3510312872,2776938817,16.02.2021 18:01:08
202101,ES + Home,Books,Блокноты с ISBN,1,Estimation,3450954965,3179495437,16.02.2021 18:29:37
202101,ES + Home,Books,Современные картографические издания,0,Estimation,2113854168,3774780170,16.01.2021 18:01:08
202101,ES + Home,Books,Современная печатная книга,1,Estimation,1810936178,2151174726,16.01.2021 18:29:37
202101,ES + Home,Books,Современные листовые издания,0,Estimation,1105427654,1841230753,16.01.2021 18:01:08
202101,ES + Home,Books,Комиксы,0,Estimation,2834532416,3326140773,16.01.2021 18:01:08
202101,ES + Home,Books,Календари,0,Estimation,405894243,2777053805,16.01.2021 18:01:08
202101,ES + Home,Books,Учебная литература,0,Estimation,1594565018,3392607217,16.01.2021 18:01:08
202101,ES + Home,Books,Литература на иностранном языке,0,Estimation,1812995866,754587267,16.01.2021 18:01:08
202101,ES + Home,Books,Блокноты с ISBN,0,Estimation,976214878,381526597,16.01.2021 18:01:08
202101,ES + Home,Books,Книги детям и родителям,0,Estimation,3494681225,2783783357,16.01.2021 18:01:08
202101,ES + Home,Books,Цифровая аудиокнига,0,Estimation,1322378738,2568274981,16.01.2021 18:01:08
202101,ES + Home,Books,Манга,0,Estimation,1747713941,896034169,16.01.2021 18:01:08
202101,ES + Home,Books,Букинистическое издание,0,Estimation,3954749598,2118794179,16.01.2021 18:01:08
202101,ES + Home,Books,Second-hand книга,0,Estimation,506393858,1627419184,16.01.2021 18:01:08
202101,ES + Home,Books,ПО на физических носителях,0,Estimation,1247883718,934645515,16.01.2021 18:01:08
202101,ES + Home,Books,Нехудожественная литература,0,Estimation,1643874637,698038637,16.01.2021 18:01:08
202101,ES + Home,Books,Цифровая книга,0,Estimation,568817106,2521816364,16.01.2021 18:01:08
202101,ES + Home,Books,Бизнес-литература,0,Estimation,4202570496,3635536323,16.01.2021 18:01:08
202101,ES + Home,Books,Бизнес-литература,1,Estimation,501781083,1678850963,16.01.2021 18:29:37
202101,ES + Home,Books,Современная печатная книга,0,Estimation,2029759778,360695338,16.01.2021 18:01:08
202101,ES + Home,Books,Книга по требованию,0,Estimation,2344638860,1615827742,16.01.2021 18:01:08
202101,ES + Home,Books,Художественная литература,0,Estimation,3359582287,3288663313,16.01.2021 18:01:08
202101,ES + Home,Books,Блокноты с ISBN,1,Estimation,3217553036,921805169,16.01.2021 18:29:37
202101,ES + Home,Books,Комиксы,1,Estimation,2627427394,1464770201,16.01.2021 18:29:37
202101,ES + Home,Books,Художественная литература,1,Estimation,489054755,3910587028,16.01.2021 18:29:37
202101,ES + Home,Books,Аудиокнига,0,Estimation,859241392,2464626031,16.01.2021 18:01:08
202101,ES + Home,Books,Иностранное издание,0,Estimation,171270276,2610181997,16.01.2021 18:01:08
202101,ES + Home,Books,Книги детям и родителям,1,Estimation,3250781535,1668882308,16.01.2021 18:29:37
202101,ES + Home,Books,Манга,1,Estimation,1252932795,1117947508,16.01.2021 18:29:37
202101,ES + Home,Books,Антикварное издание,0,Estimation,49592740,764443352,16.01.2021 18:01:08
202101,ES + Home,Books,Нехудожественная литература,1,Estimation,2934034374,4018814339,16.01.2021 18:29:37
202101,ES + Home,Books,Second-hand книга,1,Estimation,3443427346,2005963295,16.01.2021 18:29:37
202101,ES + Home,Digital,Програмное обеспечение Digital,0,Estimation,3796613874,442796654,25.02.2021 22:27:30
202101,ES + Home,Digital,Програмное обеспечение Digital,0,Estimation,3385126560,3634079392,25.01.2021 22:27:30
202101,ES + Home,DIY,Инструменты,0,Estimation,674390618,354406666,18.02.2021 14:45:14
202101,ES + Home,DIY,Фильтры для воды,1,Estimation,553798092,4156367491,18.02.2021 14:45:14
202101,ES + Home,DIY,Инструменты,1,Estimation,828899564,2340849380,18.02.2021 14:45:14
202101,ES + Home,DIY,Фильтры для воды,0,Estimation,576645964,4087401817,18.02.2021 14:45:14
202101,ES + Home,DIY,Освещение,0,Estimation,3232616412,30561330,18.02.2021 14:45:14
202101,ES + Home,DIY,Освещение,1,Estimation,3206335543,1757442042,18.02.2021 14:45:14
202101,ES + Home,DIY,Сад и огород,0,Estimation,439686677,1278235022,18.02.2021 14:45:14
202101,ES + Home,DIY,Сантехника,0,Estimation,4100429832,1972369515,18.02.2021 14:45:14
202101,ES + Home,DIY,Ремонт и строительство,0,Estimation,2164898322,3979276681,17.02.2021 17:51:27
202101,ES + Home,DIY,Сад и огород,1,Estimation,3591016260,1498739059,18.02.2021 14:45:14
202101,ES + Home,DIY,Ремонт и строительство,0,Estimation,466455507,1588684082,18.02.2021 14:45:14
202101,ES + Home,DIY,Сантехника,0,Estimation,2699470245,4148543236,17.02.2021 17:51:27
202101,ES + Home,DIY,Сад и огород,0,Estimation,2071280518,1452744721,17.02.2021 17:51:27
202101,ES + Home,DIY,Освещение,0,Estimation,2216101972,1162340890,17.02.2021 17:51:27
202101,ES + Home,DIY,Фильтры для воды,0,Estimation,1328605651,1679614242,17.02.2021 17:51:27
202101,ES + Home,DIY,Инструменты,0,Estimation,2573409847,1563737813,17.02.2021 17:51:27
202101,ES + Home,DIY,Ремонт и строительство,1,Estimation,980053901,2374839568,18.02.2021 14:45:14
202101,ES + Home,DIY,Инструменты,0,Estimation,2845190738,3678041906,18.01.2021 14:45:14
202101,ES + Home,DIY,Ремонт и строительство,0,Estimation,2381350949,468799105,17.01.2021 17:51:27
202101,ES + Home,DIY,Фильтры для воды,1,Estimation,3640626839,506636092,18.01.2021 14:45:14
202101,ES + Home,DIY,Освещение,0,Estimation,2902447890,462306979,18.01.2021 14:45:14
202101,ES + Home,DIY,Сантехника,0,Estimation,909263032,1518971913,18.01.2021 14:45:14
202101,ES + Home,DIY,Инструменты,1,Estimation,430854354,2335996823,18.01.2021 14:45:14
202101,ES + Home,DIY,Фильтры для воды,0,Estimation,1383691709,3768680998,18.01.2021 14:45:14
202101,ES + Home,DIY,Сад и огород,0,Estimation,2021087055,755423519,18.01.2021 14:45:14
202101,ES + Home,DIY,Освещение,1,Estimation,3272650223,3992616361,18.01.2021 14:45:14
202101,ES + Home,DIY,Сад и огород,1,Estimation,3000883479,376213745,18.01.2021 14:45:14
202101,ES + Home,DIY,Ремонт и строительство,0,Estimation,103931237,4149198753,18.01.2021 14:45:14
202101,ES + Home,DIY,Сантехника,0,Estimation,247869305,2445949817,17.01.2021 17:51:27
202101,ES + Home,DIY,Инструменты,0,Estimation,2184914337,3714227786,17.01.2021 17:51:27
202101,ES + Home,DIY,Освещение,0,Estimation,2525491999,287734085,17.01.2021 17:51:27
202101,ES + Home,DIY,Фильтры для воды,0,Estimation,2098180756,3404644948,17.01.2021 17:51:27
202101,ES + Home,DIY,Сад и огород,0,Estimation,2852343942,991188467,17.01.2021 17:51:27
202101,ES + Home,DIY,Ремонт и строительство,1,Estimation,770633226,2404180032,18.01.2021 14:45:14
202101,ES + Home,Furniture,Столы и стулья,0,Estimation,874017155,2137600700,18.02.2021 14:15:16
202101,ES + Home,Furniture,Мебель для сада,0,Estimation,1920888545,3362925883,18.02.2021 14:15:16
202101,ES + Home,Furniture,Мягкая мебель,0,Estimation,3168325410,1375996924,17.02.2021 17:51:27
202101,ES + Home,Furniture,Прочая мебель,0,Estimation,4271476237,496387280,18.02.2021 14:15:16
202101,ES + Home,Furniture,Корпусная мебель и мебель для хранения,0,Estimation,2129300681,1529032526,17.02.2021 17:51:27
202101,ES + Home,Furniture,Компьютерная и офисная мебель,0,Estimation,1780997785,1327428776,18.02.2021 14:15:16
202101,ES + Home,Furniture,Мебель для сна,0,Estimation,477012452,680007769,18.02.2021 14:15:16
202101,ES + Home,Furniture,Компьютерная и офисная мебель,0,Estimation,926556721,394425478,17.02.2021 17:51:27
202101,ES + Home,Furniture,Мебель для сна,0,Estimation,1026662421,502089102,17.02.2021 17:51:27
202101,ES + Home,Furniture,Корпусная мебель и мебель для хранения,0,Estimation,1195319641,1050062337,18.02.2021 14:15:16
202101,ES + Home,Furniture,Прочая мебель,0,Estimation,633322510,35329302,17.02.2021 17:51:27
202101,ES + Home,Furniture,Мебель для сада,0,Estimation,3520502598,2659935698,17.02.2021 17:51:27
202101,ES + Home,Furniture,Мягкая мебель,0,Estimation,2753165222,1696117448,18.02.2021 14:15:16
202101,ES + Home,Furniture,Столы и стулья,0,Estimation,2578892753,558802031,17.02.2021 17:51:27
202101,ES + Home,Furniture,Мягкая мебель,0,Estimation,2758747090,555963338,18.01.2021 14:15:16
202101,ES + Home,Furniture,Компьютерная и офисная мебель,0,Estimation,226050204,3257597884,17.01.2021 17:51:27
202101,ES + Home,Furniture,Компьютерная и офисная мебель,0,Estimation,1521275390,1690649779,18.01.2021 14:15:16
202101,ES + Home,Furniture,Мягкая мебель,0,Estimation,1753646172,2913895469,17.01.2021 17:51:27
202101,ES + Home,Furniture,Столы и стулья,0,Estimation,4195918100,1913074350,17.01.2021 17:51:27
202101,ES + Home,Furniture,Мебель для сада,0,Estimation,2092073231,3803578507,17.01.2021 17:51:27
202101,ES + Home,Furniture,Мебель для сна,0,Estimation,2237964077,3450768290,18.01.2021 14:15:16
202101,ES + Home,Furniture,Прочая мебель,0,Estimation,1368950216,680343278,17.01.2021 17:51:27
202101,ES + Home,Furniture,Столы и стулья,0,Estimation,2924791456,450387611,18.01.2021 14:15:16
202101,ES + Home,Furniture,Мебель для сада,0,Estimation,969918105,2713071437,18.01.2021 14:15:16
202101,ES + Home,Furniture,Прочая мебель,0,Estimation,2044846216,1770182829,18.01.2021 14:15:16
202101,ES + Home,Furniture,Мебель для сна,0,Estimation,756601017,265105935,17.01.2021 17:51:27
202101,ES + Home,Furniture,Корпусная мебель и мебель для хранения,0,Estimation,1776896834,2672614277,18.01.2021 14:15:16
202101,ES + Home,Furniture,Корпусная мебель и мебель для хранения,0,Estimation,2595201854,1803591765,17.01.2021 17:51:27
202101,ES + Home,Household,Принадлежности для Нового года,0,Estimation,3425538220,405297137,17.02.2021 17:51:27
202101,ES + Home,Household,Хранение,0,Estimation,2547998784,1079976476,18.02.2021 14:45:14
202101,ES + Home,Household,Ванная комната,0,Estimation,3384587157,1912781930,17.02.2021 17:51:27
202101,ES + Home,Household,Кухня,1,Estimation,1749407938,4212969283,18.02.2021 14:45:14
202101,ES + Home,Household,Антиквариат Хоум Декор,0,Estimation,1185599680,2648713462,18.02.2021 14:45:14
202101,ES + Home,Household,Интерьер и декор,0,Estimation,3031890195,3354036667,18.02.2021 14:45:14
202101,ES + Home,Household,Аксессуары для уборки и стирки,0,Estimation,3693971614,1043939054,17.02.2021 17:51:27
202101,ES + Home,Household,Принадлежности для Нового года,1,Estimation,3837340658,3186511689,17.02.2021 17:51:27
202101,ES + Home,Household,Кухня,0,Estimation,2238278507,124241438,18.02.2021 14:45:14
202101,ES + Home,Household,Ритуальные изделия,0,Estimation,2702520618,2353987863,18.02.2021 14:45:14
202101,ES + Home,Household,Домашний текстиль,0,Estimation,538779440,805011811,17.02.2021 17:51:27
202101,ES + Home,Household,Домашний текстиль,0,Estimation,1081607131,380765827,18.02.2021 14:45:14
202101,ES + Home,Household,Кухня,0,Estimation,1778775968,1816902683,17.02.2021 17:51:27
202101,ES + Home,Household,Ритуальные изделия,0,Estimation,1947343128,2522184593,17.02.2021 17:51:27
202101,ES + Home,Household,Принадлежности для Нового года,1,Estimation,3411591526,272888059,18.02.2021 14:45:14
202101,ES + Home,Household,Аксессуары для уборки и стирки,1,Estimation,2201864243,288765670,18.02.2021 14:45:14
202101,ES + Home,Household,Аксессуары для уборки и стирки,0,Estimation,1862761826,2472161688,18.02.2021 14:45:14
202101,ES + Home,Household,Интерьер и декор,1,Estimation,4087223220,3160037650,18.02.2021 14:45:14
202101,ES + Home,Household,Антиквариат Хоум Декор,0,Estimation,4112855170,3456140818,17.02.2021 17:51:27
202101,ES + Home,Household,Ванная комната,0,Estimation,2844631070,138737537,18.02.2021 14:45:14
202101,ES + Home,Household,Хранение,0,Estimation,631801356,863306600,17.02.2021 17:51:27
202101,ES + Home,Household,Принадлежности для Нового года,0,Estimation,2932988168,1921624165,18.02.2021 14:45:14
202101,ES + Home,Household,Домашний текстиль,1,Estimation,3020677987,3876915738,18.02.2021 14:45:14
202101,ES + Home,Household,Интерьер и декор,0,Estimation,3291530731,2721493375,17.02.2021 17:51:27
202101,ES + Home,Household,Хранение,0,Estimation,1150567302,3727068280,18.01.2021 14:45:14
202101,ES + Home,Household,Домашний текстиль,0,Estimation,945001047,3452189012,17.01.2021 17:51:27
202101,ES + Home,Household,Принадлежности для Нового года,1,Estimation,631010515,3383731680,17.01.2021 17:51:27
202101,ES + Home,Household,Аксессуары для уборки и стирки,0,Estimation,3104857477,965478409,17.01.2021 17:51:27
202101,ES + Home,Household,Кухня,1,Estimation,3038921000,1618756924,18.01.2021 14:45:14
202101,ES + Home,Household,Антиквариат Хоум Декор,0,Estimation,1109934243,227518973,18.01.2021 14:45:14
202101,ES + Home,Household,Принадлежности для Нового года,0,Estimation,1784863224,2727114162,17.01.2021 17:51:27
202101,ES + Home,Household,Ритуальные изделия,0,Estimation,1774859549,2297020316,18.01.2021 14:45:14
202101,ES + Home,Household,Кухня,0,Estimation,1745772777,4186413561,18.01.2021 14:45:14
202101,ES + Home,Household,Интерьер и декор,0,Estimation,4119743157,1913493904,18.01.2021 14:45:14
202101,ES + Home,Household,Ванная комната,0,Estimation,1657836487,1922545690,17.01.2021 17:51:27
202101,ES + Home,Household,Хранение,0,Estimation,236596275,79203671,17.01.2021 17:51:27
202101,ES + Home,Household,Аксессуары для уборки и стирки,1,Estimation,203971715,113774809,18.01.2021 14:45:14
202101,ES + Home,Household,Интерьер и декор,1,Estimation,2412672863,3476391489,18.01.2021 14:45:14
202101,ES + Home,Household,Домашний текстиль,0,Estimation,2780150394,1376148881,18.01.2021 14:45:14
202101,ES + Home,Household,Принадлежности для Нового года,1,Estimation,600340867,2746368349,18.01.2021 14:45:14
202101,ES + Home,Household,Аксессуары для уборки и стирки,0,Estimation,1443329765,482938764,18.01.2021 14:45:14
202101,ES + Home,Household,Антиквариат Хоум Декор,0,Estimation,3480003064,2786195751,17.01.2021 17:51:27
202101,ES + Home,Household,Интерьер и декор,0,Estimation,2867740868,2392321798,17.01.2021 17:51:27
202101,ES + Home,Household,Принадлежности для Нового года,0,Estimation,1307495740,2145514658,18.01.2021 14:45:14
202101,ES + Home,Household,Ритуальные изделия,0,Estimation,801260350,1902656976,17.01.2021 17:51:27
202101,ES + Home,Household,Кухня,0,Estimation,4206503571,2773259997,17.01.2021 17:51:27
202101,ES + Home,Household,Домашний текстиль,1,Estimation,122798868,3182006700,18.01.2021 14:45:14
202101,ES + Home,Household,Ванная комната,0,Estimation,2801700181,1832707531,18.01.2021 14:45:14
202101,ES + Home,Laptops & Computers,Компьютеры Lap&Comp,0,Estimation,2467496403,2191820092,17.02.2021 13:05:08
202101,ES + Home,Laptops & Computers,Компьютерная периферия Lap&Comp,1,Estimation,3325884460,244604048,17.02.2021 13:05:08
202101,ES + Home,Laptops & Computers,Компьютеры Lap&Comp,1,Estimation,799412517,1345592950,17.02.2021 13:05:08
202101,ES + Home,Laptops & Computers,Компьютерная офисная техника Lap&Comp,0,Estimation,1591941293,1874634936,17.02.2021 13:05:08
202101,ES + Home,Laptops & Computers,Расходный материал для электроники Lap&Comp,0,Estimation,2993214766,3655479106,17.02.2021 13:05:08
202101,ES + Home,Laptops & Computers,Расходный материал для электроники Lap&Comp,1,Estimation,2203489752,4288815705,17.02.2021 13:05:08
202101,ES + Home,Laptops & Computers,Компьютерная периферия Lap&Comp,0,Estimation,271240100,1345677398,17.02.2021 13:05:08
202101,ES + Home,Laptops & Computers,Домашняя Аудио и Видеотехника Lap&Comp,0,Estimation,405816402,3378792324,17.02.2021 13:05:08
202101,ES + Home,Laptops & Computers,Расходный материал для электроники Lap&Comp,0,Estimation,2798140433,2525710577,17.01.2021 13:05:08
202101,ES + Home,Laptops & Computers,Компьютеры Lap&Comp,0,Estimation,3334252613,2756122965,17.01.2021 13:05:08
202101,ES + Home,Laptops & Computers,Компьютеры Lap&Comp,1,Estimation,3936084989,3550456764,17.01.2021 13:05:08
202101,ES + Home,Laptops & Computers,Домашняя Аудио и Видеотехника Lap&Comp,0,Estimation,1134862236,1265188667,17.01.2021 13:05:08
202101,ES + Home,Laptops & Computers,Компьютерная периферия Lap&Comp,0,Estimation,408584397,44708882,17.01.2021 13:05:08
202101,ES + Home,Laptops & Computers,Расходный материал для электроники Lap&Comp,1,Estimation,1159082938,157492021,17.01.2021 13:05:08
202101,ES + Home,Laptops & Computers,Компьютерная периферия Lap&Comp,1,Estimation,4195964880,2468743480,17.01.2021 13:05:08
202101,ES + Home,Laptops & Computers,Компьютерная офисная техника Lap&Comp,0,Estimation,1383452569,2657705606,17.01.2021 13:05:08
202101,ES + Home,Major Domestic Appliances,Крупная бытовая техника MDA,0,Estimation,2500364967,3527898965,16.02.2021 17:46:45
202101,ES + Home,Major Domestic Appliances,Крупная бытовая техника MDA,0,Estimation,3615865648,1255904688,16.01.2021 17:46:45
202101,ES + Home,Miscellaneous accessories,Автомобильная техника Access,0,Estimation,625110417,858954356,17.02.2021 17:51:27
202101,ES + Home,Miscellaneous accessories,Компьютеры Access,0,Estimation,1933862403,1093969169,17.02.2021 17:51:27
202101,ES + Home,Miscellaneous accessories,Компьютеры Access,1,Estimation,3679266452,1228078669,17.02.2021 17:51:27
202101,ES + Home,Miscellaneous accessories,Бытовая техника Access,0,Estimation,2227300285,2075046670,17.02.2021 17:51:27
202101,ES + Home,Miscellaneous accessories,Домашняя Аудио и Видеотехника Access,1,Estimation,1725379121,775381113,17.02.2021 17:51:27
202101,ES + Home,Miscellaneous accessories,Электронные товары хобби и отдых Access,0,Estimation,2001882647,2819824759,17.02.2021 17:51:27
202101,ES + Home,Miscellaneous accessories,Бытовая техника Access,1,Estimation,3580083601,2179441455,17.02.2021 17:51:27
202101,ES + Home,Miscellaneous accessories,Электропитание Access,0,Estimation,2558277951,3486976794,17.02.2021 17:51:27
202101,ES + Home,Miscellaneous accessories,Средства связи Access,1,Estimation,1212840926,1709080932,17.02.2021 17:51:27
202101,ES + Home,Miscellaneous accessories,Компьютерная периферия Access,0,Estimation,1063590437,1104698827,17.02.2021 17:51:27
202101,ES + Home,Miscellaneous accessories,Электропитание Access,1,Estimation,3052463422,1990362816,17.02.2021 17:51:27
202101,ES + Home,Miscellaneous accessories,Фото и видео Access,0,Estimation,1045352064,62500795,17.02.2021 17:51:27
202101,ES + Home,Miscellaneous accessories,Игровые приставки и аксессуары Access,0,Estimation,2820058187,1680054568,17.02.2021 17:51:27
202101,ES + Home,Miscellaneous accessories,Средства связи Access,0,Estimation,836740795,2574513514,17.02.2021 17:51:27
202101,ES + Home,Miscellaneous accessories,Домашняя Аудио и Видеотехника Access,0,Estimation,1748158392,2572750018,17.02.2021 17:51:27
202101,ES + Home,Miscellaneous accessories,Расходный материал для электроники Access,0,Estimation,864546483,1663972679,17.02.2021 17:51:27
202101,ES + Home,Miscellaneous accessories,Оборудование Access,0,Estimation,4290099338,3832780923,17.02.2021 17:51:27
202101,ES + Home,Miscellaneous accessories,Игровые приставки и аксессуары Access,1,Estimation,2009815982,3647619053,17.02.2021 17:51:27
202101,ES + Home,Miscellaneous accessories,Расходный материал для электроники Access,1,Estimation,2922596161,3997480924,17.02.2021 17:51:27
202101,ES + Home,Miscellaneous accessories,Компьютерная периферия Access,1,Estimation,1708367930,3361919631,17.02.2021 17:51:27
202101,ES + Home,Miscellaneous accessories,Фото и видео Access,1,Estimation,3849540621,842453805,17.02.2021 17:51:27
202101,ES + Home,Miscellaneous accessories,Домашняя Аудио и Видеотехника Access,1,Estimation,89042473,3506597287,17.01.2021 17:51:27
202101,ES + Home,Miscellaneous accessories,Оборудование Access,0,Estimation,1593675053,1656539082,17.01.2021 17:51:27
202101,ES + Home,Miscellaneous accessories,Бытовая техника Access,1,Estimation,1262897066,3679650591,17.01.2021 17:51:27
202101,ES + Home,Miscellaneous accessories,Электронные товары хобби и отдых Access,0,Estimation,2912508769,3941163854,17.01.2021 17:51:27
202101,ES + Home,Miscellaneous accessories,Компьютеры Access,1,Estimation,4217122529,2895449444,17.01.2021 17:51:27
202101,ES + Home,Miscellaneous accessories,Бытовая техника Access,0,Estimation,2468241502,2650233415,17.01.2021 17:51:27
202101,ES + Home,Miscellaneous accessories,Автомобильная техника Access,0,Estimation,400652076,1355011735,17.01.2021 17:51:27
202101,ES + Home,Miscellaneous accessories,Компьютеры Access,0,Estimation,3543026180,3981716632,17.01.2021 17:51:27
202101,ES + Home,Miscellaneous accessories,Игровые приставки и аксессуары Access,1,Estimation,1904152235,3851886449,17.01.2021 17:51:27
202101,ES + Home,Miscellaneous accessories,Компьютерная периферия Access,1,Estimation,811304783,3069083215,17.01.2021 17:51:27
202101,ES + Home,Miscellaneous accessories,Расходный материал для электроники Access,1,Estimation,4271700240,554058420,17.01.2021 17:51:27
202101,ES + Home,Miscellaneous accessories,Средства связи Access,0,Estimation,1694654003,3328343536,17.01.2021 17:51:27
202101,ES + Home,Miscellaneous accessories,Игровые приставки и аксессуары Access,0,Estimation,893368969,2283587825,17.01.2021 17:51:27
202101,ES + Home,Miscellaneous accessories,Фото и видео Access,1,Estimation,349354790,3929638543,17.01.2021 17:51:27
202101,ES + Home,Miscellaneous accessories,Расходный материал для электроники Access,0,Estimation,431442991,3587654281,17.01.2021 17:51:27
202101,ES + Home,Miscellaneous accessories,Электропитание Access,1,Estimation,1067673264,236280401,17.01.2021 17:51:27
202101,ES + Home,Miscellaneous accessories,Компьютерная периферия Access,0,Estimation,1436735387,1935752877,17.01.2021 17:51:27
202101,ES + Home,Miscellaneous accessories,Фото и видео Access,0,Estimation,4096850978,1422475332,17.01.2021 17:51:27
202101,ES + Home,Miscellaneous accessories,Домашняя Аудио и Видеотехника Access,0,Estimation,2200511088,713209925,17.01.2021 17:51:27
202101,ES + Home,Miscellaneous accessories,Средства связи Access,1,Estimation,2741744332,1672924422,17.01.2021 17:51:27
202101,ES + Home,Miscellaneous accessories,Электропитание Access,0,Estimation,1892501118,2837580636,17.01.2021 17:51:27
202101,ES + Home,Small Domestic Appliances,Мелкая бытовая техника SDA,0,Estimation,4150563228,2172731444,18.02.2021 14:45:14
202101,ES + Home,Small Domestic Appliances,Оборудование SDA,0,Estimation,1085014767,3608137391,18.02.2021 14:45:14
202101,ES + Home,Small Domestic Appliances,Оборудование SDA,0,Estimation,2920470965,4131098316,17.02.2021 17:51:27
202101,ES + Home,Small Domestic Appliances,Мелкая бытовая техника SDA,1,Estimation,1781958496,2110833538,18.02.2021 14:45:14
202101,ES + Home,Small Domestic Appliances,Мелкая бытовая техника SDA,0,Estimation,539517362,3232989665,17.02.2021 17:51:27
202101,ES + Home,Small Domestic Appliances,Оборудование SDA,0,Estimation,2309091493,2247643545,18.01.2021 14:45:14
202101,ES + Home,Small Domestic Appliances,Мелкая бытовая техника SDA,0,Estimation,3886318696,2588905422,18.01.2021 14:45:14
202101,ES + Home,Small Domestic Appliances,Мелкая бытовая техника SDA,1,Estimation,1326088117,3431346528,18.01.2021 14:45:14
202101,ES + Home,Small Domestic Appliances,Мелкая бытовая техника SDA,0,Estimation,2237748881,2050532464,17.01.2021 17:51:27
202101,ES + Home,Small Domestic Appliances,Оборудование SDA,0,Estimation,764341151,2657957592,17.01.2021 17:51:27
202101,ES + Home,Smartphones & Tablets,Средства связи Smart&Tablets,1,Estimation,1677228873,3048709334,16.02.2021 18:29:35
202101,ES + Home,Smartphones & Tablets,Компьютеры Smart&Tablets,1,Estimation,402550770,334996150,16.02.2021 18:29:35
202101,ES + Home,Smartphones & Tablets,Средства связи Smart&Tablets,0,Estimation,1026823272,723687062,16.02.2021 18:10:45
202101,ES + Home,Smartphones & Tablets,Компьютеры Smart&Tablets,0,Estimation,1310772254,2081458912,16.02.2021 18:10:45
202101,ES + Home,Smartphones & Tablets,Средства связи Smart&Tablets,1,Estimation,2709756647,3446041203,16.01.2021 18:29:35
202101,ES + Home,Smartphones & Tablets,Компьютеры Smart&Tablets,0,Estimation,680096187,1534386890,16.01.2021 18:10:45
202101,ES + Home,Smartphones & Tablets,Средства связи Smart&Tablets,0,Estimation,4145750238,162176761,16.01.2021 18:10:45
202101,ES + Home,Smartphones & Tablets,Компьютеры Smart&Tablets,1,Estimation,1026896205,239999567,16.01.2021 18:29:35
202101,ES + Home,Sport,Единоборства,0,Estimation,1854719829,1288094166,16.02.2021 18:12:09
202101,ES + Home,Sport,Тренажеры и фитнес,0,Estimation,746311354,469602200,16.02.2021 18:12:09
202101,ES + Home,Sport,Спортивные аксессуары,1,Estimation,901236787,702309505,16.02.2021 18:29:35
202101,ES + Home,Sport,Всесезонные виды спорта,1,Estimation,4072139735,3337033773,16.02.2021 18:29:35
202101,ES + Home,Sport,Товары для охоты,0,Estimation,2656232394,1998960834,16.02.2021 18:12:09
202101,ES + Home,Sport,Цирковое искусство,0,Estimation,2915042273,3837476468,16.02.2021 18:12:09
202101,ES + Home,Sport,Туризм,1,Estimation,1887521909,3193445695,16.02.2021 18:29:35
202101,ES + Home,Sport,Товары для рыбалки,0,Estimation,3388379799,1894690950,16.02.2021 18:12:09
202101,ES + Home,Sport,Зимние виды спорта,0,Estimation,2285827493,1019851814,16.02.2021 18:12:09
202101,ES + Home,Sport,Летние виды спорта,0,Estimation,4000402453,4041893416,16.02.2021 18:12:09
202101,ES + Home,Sport,Тренажеры и фитнес,1,Estimation,2721418860,860978182,16.02.2021 18:29:35
202101,ES + Home,Sport,Всесезонные виды спорта,0,Estimation,4124921226,2192943649,16.02.2021 18:12:09
202101,ES + Home,Sport,Спортивные аксессуары,0,Estimation,2510245003,549819627,16.02.2021 18:12:09
202101,ES + Home,Sport,Страйкбол и пневматика,0,Estimation,982866053,346946161,16.02.2021 18:12:09
202101,ES + Home,Sport,Туризм,0,Estimation,1416520677,3285698883,16.02.2021 18:12:09
202101,ES + Home,Sport,Товары для охоты,0,Estimation,1828914090,3086079205,16.01.2021 18:12:09
202101,ES + Home,Sport,Спортивные аксессуары,1,Estimation,3230199865,1216803962,16.01.2021 18:29:35
202101,ES + Home,Sport,Туризм,1,Estimation,3262493499,3771679543,16.01.2021 18:29:35
202101,ES + Home,Sport,Единоборства,0,Estimation,3294936702,993295500,16.01.2021 18:12:09
202101,ES + Home,Sport,Тренажеры и фитнес,0,Estimation,393319705,2788973130,16.01.2021 18:12:09
202101,ES + Home,Sport,Всесезонные виды спорта,1,Estimation,3763762598,261740956,16.01.2021 18:29:35
202101,ES + Home,Sport,Цирковое искусство,0,Estimation,1570541991,4044954297,16.01.2021 18:12:09
202101,ES + Home,Sport,Страйкбол и пневматика,0,Estimation,313985502,1355917292,16.01.2021 18:12:09
202101,ES + Home,Sport,Туризм,0,Estimation,3983547886,2380870463,16.01.2021 18:12:09
202101,ES + Home,Sport,Зимние виды спорта,0,Estimation,1285710347,3106101801,16.01.2021 18:12:09
202101,ES + Home,Sport,Товары для рыбалки,0,Estimation,1685462035,22790979,16.01.2021 18:12:09
202101,ES + Home,Sport,Спортивные аксессуары,0,Estimation,2468289622,2166715340,16.01.2021 18:12:09
202101,ES + Home,Sport,Всесезонные виды спорта,0,Estimation,3466779522,1934944287,16.01.2021 18:12:09
202101,ES + Home,Sport,Летние виды спорта,0,Estimation,2735339419,412699407,16.01.2021 18:12:09
202101,ES + Home,Sport,Тренажеры и фитнес,1,Estimation,53289598,577664234,16.01.2021 18:29:35
202101,ES + Home,TV  audio  Hi-Fi & other electronics,Средства связи TV&Audio,0,Estimation,369151631,3588346196,17.02.2021 13:01:51
202101,ES + Home,TV  audio  Hi-Fi & other electronics,Электронные товары хобби и отдых TV&Audio,0,Estimation,3334266984,4280560199,17.02.2021 13:01:51
202101,ES + Home,TV  audio  Hi-Fi & other electronics,Электронные товары хобби и отдых TV&Audio,0,Estimation,2047978390,2690270627,18.02.2021 14:45:14
202101,ES + Home,TV  audio  Hi-Fi & other electronics,Movie,0,Estimation,859210734,3428559769,17.02.2021 13:01:51
202101,ES + Home,TV  audio  Hi-Fi & other electronics,Music,0,Estimation,564746849,3757931889,17.02.2021 13:01:51
202101,ES + Home,TV  audio  Hi-Fi & other electronics,Компьютерная периферия TV&Audio,0,Estimation,3161814109,4033673,17.02.2021 13:01:51
202101,ES + Home,TV  audio  Hi-Fi & other electronics,Music,0,Estimation,4135451007,1112100868,18.02.2021 14:45:14
202101,ES + Home,TV  audio  Hi-Fi & other electronics,Электронные товары хобби и отдых TV&Audio,1,Estimation,2562193505,3205584946,18.02.2021 14:45:14
202101,ES + Home,TV  audio  Hi-Fi & other electronics,Movie,0,Estimation,3639354464,2750219885,18.02.2021 14:45:14
202101,ES + Home,TV  audio  Hi-Fi & other electronics,Игровые приставки и аксессуары TV&Audio,0,Estimation,3587802325,2082938181,17.02.2021 13:01:51
202101,ES + Home,TV  audio  Hi-Fi & other electronics,Средства связи TV&Audio,0,Estimation,63179425,1584296133,18.02.2021 14:45:14
202101,ES + Home,TV  audio  Hi-Fi & other electronics,Автомобильная техника TV&Audio,0,Estimation,2194381531,2698040231,17.02.2021 13:01:51
202101,ES + Home,TV  audio  Hi-Fi & other electronics,Компьютерная периферия TV&Audio,0,Estimation,4198056165,4125362677,18.02.2021 14:45:14
202101,ES + Home,TV  audio  Hi-Fi & other electronics,Средства связи TV&Audio,1,Estimation,222234425,651333573,18.02.2021 14:45:14
202101,ES + Home,TV  audio  Hi-Fi & other electronics,Портативная аудиотехника TV&Audio,0,Estimation,3737558732,1495967690,17.02.2021 13:01:51
202101,ES + Home,TV  audio  Hi-Fi & other electronics,Компьютеры TV&Audio,0,Estimation,621350662,2701231672,17.02.2021 13:01:51
202101,ES + Home,TV  audio  Hi-Fi & other electronics,Портативная аудиотехника TV&Audio,0,Estimation,655057253,1086614286,18.02.2021 14:45:14
202101,ES + Home,TV  audio  Hi-Fi & other electronics,Компьютеры TV&Audio,0,Estimation,1377510154,1550188205,18.02.2021 14:45:14
202101,ES + Home,TV  audio  Hi-Fi & other electronics,Домашняя Аудио и Видеотехника TV&Audio,1,Estimation,99038444,1420733637,18.02.2021 14:45:14
202101,ES + Home,TV  audio  Hi-Fi & other electronics,Програмное обеспечение TV&Audio,0,Estimation,1966052079,1114993817,17.02.2021 13:01:51
202101,ES + Home,TV  audio  Hi-Fi & other electronics,Домашняя Аудио и Видеотехника TV&Audio,0,Estimation,457109836,1321896786,18.02.2021 14:45:14
202101,ES + Home,TV  audio  Hi-Fi & other electronics,Автомобильная техника TV&Audio,1,Estimation,1175799945,2196459773,18.02.2021 14:45:14
202101,ES + Home,TV  audio  Hi-Fi & other electronics,Портативная аудиотехника TV&Audio,1,Estimation,413499476,1935636553,18.02.2021 14:45:14
202101,ES + Home,TV  audio  Hi-Fi & other electronics,Игровые приставки и аксессуары TV&Audio,0,Estimation,3217001163,2533057514,18.02.2021 14:45:14
202101,ES + Home,TV  audio  Hi-Fi & other electronics,Домашняя Аудио и Видеотехника TV&Audio,0,Estimation,191202954,197039307,17.02.2021 13:01:51
202101,ES + Home,TV  audio  Hi-Fi & other electronics,Компьютеры TV&Audio,1,Estimation,4102438105,3986723588,18.02.2021 14:45:14
202101,ES + Home,TV  audio  Hi-Fi & other electronics,Фан атрибутика TV&Audio,0,Estimation,13019186,2875355498,18.02.2021 14:45:14
202101,ES + Home,TV  audio  Hi-Fi & other electronics,Фото и видео TV&Audio,1,Estimation,1263279196,3263112091,18.02.2021 14:45:14
202101,ES + Home,TV  audio  Hi-Fi & other electronics,Карты оплаты  страховки TV&Audio,0,Estimation,2869043613,283994104,18.02.2021 14:45:14
202101,ES + Home,TV  audio  Hi-Fi & other electronics,Система безопасности TV&Audio,0,Estimation,3581464,2401895280,17.02.2021 13:01:51
202101,ES + Home,TV  audio  Hi-Fi & other electronics,Програмное обеспечение TV&Audio,1,Estimation,1162318852,120097444,18.02.2021 14:45:14
202101,ES + Home,TV  audio  Hi-Fi & other electronics,Система безопасности TV&Audio,0,Estimation,1611194132,1977857306,18.02.2021 14:45:14
202101,ES + Home,TV  audio  Hi-Fi & other electronics,Система безопасности TV&Audio,1,Estimation,646487316,1943611470,18.02.2021 14:45:14
202101,ES + Home,TV  audio  Hi-Fi & other electronics,Фото и видео TV&Audio,0,Estimation,2011054229,2728395143,18.02.2021 14:45:14
202101,ES + Home,TV  audio  Hi-Fi & other electronics,Програмное обеспечение TV&Audio,0,Estimation,297753353,243564703,18.02.2021 14:45:14
202101,ES + Home,TV  audio  Hi-Fi & other electronics,Автомобильная техника TV&Audio,0,Estimation,766326049,3680257464,18.02.2021 14:45:14
202101,ES + Home,TV  audio  Hi-Fi & other electronics,Игровые приставки и аксессуары TV&Audio,1,Estimation,1735193208,1436491761,18.02.2021 14:45:14
202101,ES + Home,TV  audio  Hi-Fi & other electronics,Фан атрибутика TV&Audio,0,Estimation,3185457728,1163716553,17.02.2021 13:01:51
202101,ES + Home,TV  audio  Hi-Fi & other electronics,Фото и видео TV&Audio,0,Estimation,322017442,3860765543,17.02.2021 13:01:51
202101,ES + Home,TV  audio  Hi-Fi & other electronics,Фан атрибутика TV&Audio,0,Estimation,265079668,4094555111,17.01.2021 13:01:51
202101,ES + Home,TV  audio  Hi-Fi & other electronics,Электронные товары хобби и отдых TV&Audio,0,Estimation,1349783548,1525451527,18.01.2021 14:45:14
202101,ES + Home,TV  audio  Hi-Fi & other electronics,Фан атрибутика TV&Audio,0,Estimation,2644247737,3460947004,18.01.2021 14:45:14
202101,ES + Home,TV  audio  Hi-Fi & other electronics,Игровые приставки и аксессуары TV&Audio,0,Estimation,1634961966,19679331,17.01.2021 13:01:51
202101,ES + Home,TV  audio  Hi-Fi & other electronics,Music,0,Estimation,2543919916,1440509495,18.01.2021 14:45:14
202101,ES + Home,TV  audio  Hi-Fi & other electronics,Электронные товары хобби и отдых TV&Audio,1,Estimation,2734555502,1743756796,18.01.2021 14:45:14
202101,ES + Home,TV  audio  Hi-Fi & other electronics,Movie,0,Estimation,2403461585,1490565695,18.01.2021 14:45:14
202101,ES + Home,TV  audio  Hi-Fi & other electronics,Автомобильная техника TV&Audio,0,Estimation,1608756288,225825722,18.01.2021 14:45:14
202101,ES + Home,TV  audio  Hi-Fi & other electronics,Игровые приставки и аксессуары TV&Audio,1,Estimation,249851656,1711470707,18.01.2021 14:45:14
202101,ES + Home,TV  audio  Hi-Fi & other electronics,Програмное обеспечение TV&Audio,0,Estimation,3001545357,2740207948,17.01.2021 13:01:51
202101,ES + Home,TV  audio  Hi-Fi & other electronics,Автомобильная техника TV&Audio,0,Estimation,3375303014,2107896380,17.01.2021 13:01:51
202101,ES + Home,TV  audio  Hi-Fi & other electronics,Электронные товары хобби и отдых TV&Audio,0,Estimation,2621932792,2944666325,17.01.2021 13:01:51
202101,ES + Home,TV  audio  Hi-Fi & other electronics,Програмное обеспечение TV&Audio,0,Estimation,3394682504,117396370,18.01.2021 14:45:14
202101,ES + Home,TV  audio  Hi-Fi & other electronics,Програмное обеспечение TV&Audio,1,Estimation,1106426462,3960272641,18.01.2021 14:45:14
202101,ES + Home,TV  audio  Hi-Fi & other electronics,Автомобильная техника TV&Audio,1,Estimation,3965442354,2723000925,18.01.2021 14:45:14
202101,ES + Home,TV  audio  Hi-Fi & other electronics,Карты оплаты  страховки TV&Audio,0,Estimation,3358447748,3296622901,18.01.2021 14:45:14
202101,ES + Home,TV  audio  Hi-Fi & other electronics,Игровые приставки и аксессуары TV&Audio,0,Estimation,839820544,1347771097,18.01.2021 14:45:14
202101,ES + Home,TV  audio  Hi-Fi & other electronics,Movie,0,Estimation,415347046,2295891074,17.01.2021 13:01:51
202101,ES + Home,TV  audio  Hi-Fi & other electronics,Music,0,Estimation,873395246,2791703541,17.01.2021 13:01:51
202101,ES + Home,TV  audio  Hi-Fi & other electronics,Портативная аудиотехника TV&Audio,0,Estimation,2178471458,1284344999,18.01.2021 14:45:14
202101,ES + Home,TV  audio  Hi-Fi & other electronics,Компьютеры TV&Audio,0,Estimation,1709894335,1612134935,18.01.2021 14:45:14
202101,ES + Home,TV  audio  Hi-Fi & other electronics,Домашняя Аудио и Видеотехника TV&Audio,1,Estimation,3354097460,2422188252,18.01.2021 14:45:14
202101,ES + Home,TV  audio  Hi-Fi & other electronics,Система безопасности TV&Audio,0,Estimation,2514165451,2521443985,17.01.2021 13:01:51
202101,ES + Home,TV  audio  Hi-Fi & other electronics,Фото и видео TV&Audio,0,Estimation,2007299723,3609808410,17.01.2021 13:01:51
202101,ES + Home,TV  audio  Hi-Fi & other electronics,Компьютеры TV&Audio,1,Estimation,1547979920,2175245582,18.01.2021 14:45:14
202101,ES + Home,TV  audio  Hi-Fi & other electronics,Фото и видео TV&Audio,1,Estimation,3194689998,1684477808,18.01.2021 14:45:14
202101,ES + Home,TV  audio  Hi-Fi & other electronics,Домашняя Аудио и Видеотехника TV&Audio,0,Estimation,573400964,3948191692,18.01.2021 14:45:14
202101,ES + Home,TV  audio  Hi-Fi & other electronics,Портативная аудиотехника TV&Audio,1,Estimation,1003435584,3393044242,18.01.2021 14:45:14
202101,ES + Home,TV  audio  Hi-Fi & other electronics,Компьютерная периферия TV&Audio,0,Estimation,1930126245,3276931800,17.01.2021 13:01:51
202101,ES + Home,TV  audio  Hi-Fi & other electronics,Средства связи TV&Audio,1,Estimation,2471086111,1844814980,18.01.2021 14:45:14
202101,ES + Home,TV  audio  Hi-Fi & other electronics,Система безопасности TV&Audio,0,Estimation,4181483065,918349098,18.01.2021 14:45:14
202101,ES + Home,TV  audio  Hi-Fi & other electronics,Компьютерная периферия TV&Audio,0,Estimation,1981485484,2227585216,18.01.2021 14:45:14
202101,ES + Home,TV  audio  Hi-Fi & other electronics,Компьютеры TV&Audio,0,Estimation,448317372,1896104449,17.01.2021 13:01:51
202101,ES + Home,TV  audio  Hi-Fi & other electronics,Портативная аудиотехника TV&Audio,0,Estimation,1650622606,179397570,17.01.2021 13:01:51
202101,ES + Home,TV  audio  Hi-Fi & other electronics,Домашняя Аудио и Видеотехника TV&Audio,0,Estimation,2948838586,2472872086,17.01.2021 13:01:51
202101,ES + Home,TV  audio  Hi-Fi & other electronics,Система безопасности TV&Audio,1,Estimation,223485825,217807104,18.01.2021 14:45:14
202101,ES + Home,TV  audio  Hi-Fi & other electronics,Средства связи TV&Audio,0,Estimation,2391507957,2960575884,17.01.2021 13:01:51
202101,ES + Home,TV  audio  Hi-Fi & other electronics,Фото и видео TV&Audio,0,Estimation,2295386899,3116018847,18.01.2021 14:45:14
202101,ES + Home,TV  audio  Hi-Fi & other electronics,Средства связи TV&Audio,0,Estimation,3611499884,3077089479,18.01.2021 14:45:14
202101,FMCG,FMCG nonfood,Детская продукция,0,Estimation,83502332,2402584807,26.02.2021 01:35:54
202101,FMCG,FMCG nonfood,Бытовая химия,1,Estimation,2145391669,2931439401,26.02.2021 01:04:22
202101,FMCG,FMCG nonfood,Электроника детская,1,Estimation,4200359591,87152551,26.02.2021 01:04:22
202101,FMCG,FMCG nonfood,Электроника детская,0,Estimation,352603802,526441285,26.02.2021 00:57:31
202101,FMCG,FMCG nonfood,Кормление детское,0,Estimation,495822693,487587605,26.02.2021 01:35:54
202101,FMCG,FMCG nonfood,Уход и гигиена,1,Estimation,4200827430,2784007052,26.02.2021 01:04:22
202101,FMCG,FMCG nonfood,Личная гигиена,0,Estimation,2058749744,241045793,26.02.2021 01:05:34
202101,FMCG,FMCG nonfood,Уход и гигиена,0,Estimation,914776350,1347993004,26.02.2021 00:57:31
202101,FMCG,FMCG nonfood,Личная гигиена,0,Estimation,3180955985,1330735337,26.02.2021 01:35:54
202101,FMCG,FMCG nonfood,Бытовая химия,0,Estimation,1813337832,1831049566,26.02.2021 01:05:34
202101,FMCG,FMCG nonfood,Детская продукция,0,Estimation,1196413297,1065986139,26.02.2021 00:57:31
202101,FMCG,FMCG nonfood,Бритвы и лезвия,0,Estimation,3149237329,2621311946,26.02.2021 01:35:54
202101,FMCG,FMCG nonfood,Бритвы и лезвия,0,Estimation,788775796,1975106602,26.02.2021 01:05:34
202101,FMCG,FMCG nonfood,Кормление детское,0,Estimation,1035716238,3181979599,26.02.2021 00:57:31
202101,FMCG,FMCG nonfood,Бритвы и лезвия,1,Estimation,2434961972,2215302035,26.02.2021 01:04:22
202101,FMCG,FMCG nonfood,Электроника детская,0,Estimation,3791005928,1902012775,26.02.2021 01:35:54
202101,FMCG,FMCG nonfood,Электроника детская,0,Estimation,1378155686,2674328159,26.02.2021 01:05:34
202101,FMCG,FMCG nonfood,Личная гигиена,0,Estimation,862063559,2376500365,26.02.2021 00:57:31
202101,FMCG,FMCG nonfood,Уход и гигиена,0,Estimation,546424795,2798081976,26.02.2021 01:05:34
202101,FMCG,FMCG nonfood,Кормление детское,1,Estimation,2983897899,1102491155,26.02.2021 01:04:22
202101,FMCG,FMCG nonfood,Уход и гигиена,0,Estimation,4291814836,2485991986,26.02.2021 01:35:54
202101,FMCG,FMCG nonfood,Детская продукция,1,Estimation,2146431318,3279597316,26.02.2021 01:04:22
202101,FMCG,FMCG nonfood,Бытовая химия,0,Estimation,4233489427,2402859485,26.02.2021 01:35:54
202101,FMCG,FMCG nonfood,Бытовая химия,0,Estimation,1297725513,2814017753,26.02.2021 00:57:31
202101,FMCG,FMCG nonfood,Личная гигиена,1,Estimation,3253808415,2144397786,26.02.2021 01:04:22
202101,FMCG,FMCG nonfood,Бритвы и лезвия,0,Estimation,1451166995,4238439766,26.02.2021 00:57:31
202101,FMCG,FMCG nonfood,Детская продукция,0,Estimation,3065287298,4187101163,26.02.2021 01:05:34
202101,FMCG,FMCG nonfood,Кормление детское,0,Estimation,1608764656,2541418585,26.02.2021 01:05:34
202101,FMCG,FMCG nonfood,Электроника детская,0,Estimation,577194130,1005673884,26.01.2021 01:05:34
202101,FMCG,FMCG nonfood,Бытовая химия,0,Estimation,3048418506,63119536,26.01.2021 00:57:31
202101,FMCG,FMCG nonfood,Уход и гигиена,1,Estimation,723274812,3609031499,26.01.2021 01:04:22
202101,FMCG,FMCG nonfood,Детская продукция,1,Estimation,560819706,3838497754,26.01.2021 01:04:22
202101,FMCG,FMCG nonfood,Уход и гигиена,0,Estimation,2335418885,3078179037,26.01.2021 01:05:34
202101,FMCG,FMCG nonfood,Кормление детское,1,Estimation,4162393018,4123862713,26.01.2021 01:04:22
202101,FMCG,FMCG nonfood,Электроника детская,1,Estimation,548835512,2829087225,26.01.2021 01:04:22
202101,FMCG,FMCG nonfood,Уход и гигиена,0,Estimation,1148009071,3595197749,26.01.2021 01:35:54
202101,FMCG,FMCG nonfood,Детская продукция,0,Estimation,2939884570,1733085183,26.01.2021 01:35:54
202101,FMCG,FMCG nonfood,Уход и гигиена,0,Estimation,3437462345,679910076,26.01.2021 00:57:31
202101,FMCG,FMCG nonfood,Кормление детское,0,Estimation,237996629,1408433318,26.01.2021 01:35:54
202101,FMCG,FMCG nonfood,Бытовая химия,0,Estimation,3166821625,1878141237,26.01.2021 01:05:34
202101,FMCG,FMCG nonfood,Электроника детская,0,Estimation,2628847121,3543141268,26.01.2021 00:57:31
202101,FMCG,FMCG nonfood,Электроника детская,0,Estimation,1561427533,1068910683,26.01.2021 01:35:54
202101,FMCG,FMCG nonfood,Бритвы и лезвия,0,Estimation,107706783,1629538314,26.01.2021 00:57:31
202101,FMCG,FMCG nonfood,Бытовая химия,1,Estimation,259283566,2441951148,26.01.2021 01:04:22
202101,FMCG,FMCG nonfood,Бритвы и лезвия,0,Estimation,687574646,742957152,26.01.2021 01:35:54
202101,FMCG,FMCG nonfood,Личная гигиена,0,Estimation,2883385396,611169852,26.01.2021 01:05:34
202101,FMCG,FMCG nonfood,Детская продукция,0,Estimation,1239818764,2878945291,26.01.2021 00:57:31
202101,FMCG,FMCG nonfood,Кормление детское,0,Estimation,3253612392,449743195,26.01.2021 00:57:31
202101,FMCG,FMCG nonfood,Бритвы и лезвия,1,Estimation,3586354104,3564694541,26.01.2021 01:04:22
202101,FMCG,FMCG nonfood,Личная гигиена,0,Estimation,989413945,1003494366,26.01.2021 00:57:31
202101,FMCG,FMCG nonfood,Кормление детское,0,Estimation,3871550850,3788394283,26.01.2021 01:05:34
202101,FMCG,FMCG nonfood,Личная гигиена,1,Estimation,2967174679,960542286,26.01.2021 01:04:22
202101,FMCG,FMCG nonfood,Личная гигиена,0,Estimation,3233475388,2971640602,26.01.2021 01:35:54
202101,FMCG,FMCG nonfood,Детская продукция,0,Estimation,1463281952,3579860199,26.01.2021 01:05:34
202101,FMCG,FMCG nonfood,Бритвы и лезвия,0,Estimation,3324267070,1698544303,26.01.2021 01:05:34
202101,FMCG,FMCG nonfood,Бытовая химия,0,Estimation,2637310823,603173818,26.01.2021 01:35:54
202101,FMCG,Food,Напитки,0,Estimation,3109786651,209206572,26.02.2021 00:31:30
202101,FMCG,Food,Детское питание,0,Estimation,3523322655,905865822,26.02.2021 00:23:17
202101,FMCG,Food,Молочная продукция стерилизованная,1,Estimation,1496308323,3610481790,26.02.2021 00:30:07
202101,FMCG,Food,Молекулярная кухня,0,Estimation,1760391836,1440791441,26.02.2021 00:23:17
202101,FMCG,Food,Бакалея,0,Estimation,2190422261,3748415886,26.02.2021 01:35:54
202101,FMCG,Food,Детское питание,1,Estimation,688580682,4191454652,26.02.2021 00:30:07
202101,FMCG,Food,Молочная продукция стерилизованная,0,Estimation,627063306,680325161,26.02.2021 00:23:17
202101,FMCG,Food,Бакалея,0,Estimation,2279035092,3337333482,26.02.2021 00:31:30
202101,FMCG,Food,Напитки,0,Estimation,1839809025,4111312045,26.02.2021 01:35:54
202101,FMCG,Food,Бакалея,0,Estimation,2239799556,518491546,26.02.2021 00:23:17
202101,FMCG,Food,Молекулярная кухня,0,Estimation,1038903648,3137250385,26.02.2021 01:35:54
202101,FMCG,Food,Детское питание,0,Estimation,319604139,2368091939,26.02.2021 01:35:54
202101,FMCG,Food,Напитки,1,Estimation,4153697734,1770211583,26.02.2021 00:30:07
202101,FMCG,Food,Молочная продукция стерилизованная,0,Estimation,1342246867,1630716749,26.02.2021 01:35:54
202101,FMCG,Food,Детское питание,0,Estimation,2319183872,394358103,26.02.2021 00:31:30
202101,FMCG,Food,Напитки,0,Estimation,2358143730,350615620,26.02.2021 00:23:17
202101,FMCG,Food,Кондитерские изделия,1,Estimation,3743536489,2286360756,26.02.2021 00:30:07
202101,FMCG,Food,Кондитерские изделия,0,Estimation,2266278876,4088498940,26.02.2021 00:31:30
202101,FMCG,Food,Кондитерские изделия,0,Estimation,269987720,1342772437,26.02.2021 01:35:54
202101,FMCG,Food,Бакалея,1,Estimation,2101428564,236932420,26.02.2021 00:30:07
202101,FMCG,Food,Молочная продукция стерилизованная,0,Estimation,857212637,702830516,26.02.2021 00:31:30
202101,FMCG,Food,Кондитерские изделия,0,Estimation,2598157694,2071553976,26.02.2021 00:23:17
202101,FMCG,Food,Детское питание,0,Estimation,1432932412,362272228,26.01.2021 00:31:30
202101,FMCG,Food,Молочная продукция стерилизованная,0,Estimation,2449485,3698645869,26.01.2021 00:31:30
202101,FMCG,Food,Детское питание,1,Estimation,911131620,194008079,26.01.2021 00:30:07
202101,FMCG,Food,Молочная продукция стерилизованная,0,Estimation,3353460308,3544909868,26.01.2021 00:23:17
202101,FMCG,Food,Кондитерские изделия,0,Estimation,2770341249,3393411908,26.01.2021 01:35:54
202101,FMCG,Food,Молочная продукция стерилизованная,0,Estimation,562759427,3953526151,26.01.2021 01:35:54
202101,FMCG,Food,Молекулярная кухня,0,Estimation,3154665396,1743749233,26.01.2021 01:35:54
202101,FMCG,Food,Детское питание,0,Estimation,1874407309,488996408,26.01.2021 00:23:17
202101,FMCG,Food,Кондитерские изделия,0,Estimation,1654268609,3883513301,26.01.2021 00:23:17
202101,FMCG,Food,Молочная продукция стерилизованная,1,Estimation,3049737970,2530554200,26.01.2021 00:30:07
202101,FMCG,Food,Молекулярная кухня,0,Estimation,210116746,183740998,26.01.2021 00:23:17
202101,FMCG,Food,Детское питание,0,Estimation,2438833147,2027950467,26.01.2021 01:35:54
202101,FMCG,Food,Кондитерские изделия,0,Estimation,3386342533,1188032084,26.01.2021 00:31:30
202101,FMCG,Food,Бакалея,1,Estimation,724521259,1801398334,26.01.2021 00:30:07
202101,FMCG,Food,Бакалея,0,Estimation,2796730827,3528114437,26.01.2021 00:31:30
202101,FMCG,Food,Напитки,0,Estimation,2283468724,1141996945,26.01.2021 00:23:17
202101,FMCG,Food,Напитки,0,Estimation,2903858853,1486123442,26.01.2021 01:35:54
202101,FMCG,Food,Напитки,0,Estimation,1848522936,2530150700,26.01.2021 00:31:30
202101,FMCG,Food,Напитки,1,Estimation,2297594407,3127694794,26.01.2021 00:30:07
202101,FMCG,Food,Бакалея,0,Estimation,3265369177,285692737,26.01.2021 00:23:17
202101,FMCG,Food,Бакалея,0,Estimation,17778907,3485355272,26.01.2021 01:35:54
202101,FMCG,Food,Кондитерские изделия,1,Estimation,2255986696,3533200227,26.01.2021 00:30:07
202101,FMCG,FreshFood,Растительные аналоги Fresh,1,Estimation,1454277319,3862959682,26.02.2021 00:30:36
202101,FMCG,FreshFood,Хлебобулочные изделия Fresh,1,Estimation,802729684,3547900595,26.02.2021 00:30:36
202101,FMCG,FreshFood,Рыба  морепродукты,1,Estimation,3331229450,3237623649,26.02.2021 00:30:36
202101,FMCG,FreshFood,Мясная гастрономия,1,Estimation,983416709,1601347726,26.02.2021 00:30:36
202101,FMCG,FreshFood,Замороженные продукты,1,Estimation,2671384783,982879698,26.02.2021 00:30:36
202101,FMCG,FreshFood,Овощи  фрукты  зелень свежие,1,Estimation,3972534580,3543309640,26.02.2021 00:30:36
202101,FMCG,FreshFood,Молочная продукция и яйца Fresh,1,Estimation,2001332780,255623489,26.02.2021 00:30:36
202101,FMCG,FreshFood,Кулинария и полуфабрикаты Fresh,1,Estimation,456874241,1147383453,26.02.2021 00:30:36
202101,FMCG,FreshFood,Мясо  птица,1,Estimation,2729218098,1526372809,26.02.2021 00:30:36
202101,FMCG,FreshFood,Напитки Fresh,1,Estimation,1020991890,1410647207,26.02.2021 00:30:36
202101,FMCG,FreshFood,Рыба  морепродукты,1,Estimation,1664730485,110171941,26.01.2021 00:30:36
202101,FMCG,FreshFood,Замороженные продукты,1,Estimation,1362046898,522464365,26.01.2021 00:30:36
202101,FMCG,FreshFood,Мясо  птица,1,Estimation,3779253502,332749754,26.01.2021 00:30:36
202101,FMCG,FreshFood,Напитки Fresh,1,Estimation,3979016532,4046895136,26.01.2021 00:30:36
202101,FMCG,FreshFood,Мясная гастрономия,1,Estimation,1227612871,2605482130,26.01.2021 00:30:36
202101,FMCG,FreshFood,Хлебобулочные изделия Fresh,1,Estimation,1899662115,2061547818,26.01.2021 00:30:36
202101,FMCG,FreshFood,Растительные аналоги Fresh,1,Estimation,3717977115,2430224438,26.01.2021 00:30:36
202101,FMCG,FreshFood,Молочная продукция и яйца Fresh,1,Estimation,2730447159,3254472173,26.01.2021 00:30:36
202101,FMCG,FreshFood,Кулинария и полуфабрикаты Fresh,1,Estimation,438663112,417940022,26.01.2021 00:30:36
202101,FMCG,FreshFood,Овощи  фрукты  зелень свежие,1,Estimation,3902097251,2429745820,26.01.2021 00:30:36
202101,FMCG,Moms&Kids,Игрушки,0,Estimation,2527739666,2535090800,26.02.2021 01:35:54
202101,FMCG,Moms&Kids,КГТ и спорт для детей,0,Estimation,4133085943,2399425256,26.02.2021 01:35:54
202101,FMCG,Moms&Kids,Товары для школы  канцелярия  оборудование,1,Estimation,1557786093,1250708950,25.02.2021 13:53:11
202101,FMCG,Moms&Kids,Товары для школы  канцелярия  оборудование,0,Estimation,516047221,2253799287,25.02.2021 13:53:11
202101,FMCG,Moms&Kids,Творчество  хобби и игры,0,Estimation,401308418,1095429899,25.02.2021 14:13:39
202101,FMCG,Moms&Kids,Игрушки,0,Estimation,3992439537,3856670515,25.02.2021 14:13:39
202101,FMCG,Moms&Kids,КГТ и спорт для детей,0,Estimation,1697683111,2454788975,25.02.2021 14:13:39
202101,FMCG,Moms&Kids,Творчество  хобби и игры,0,Estimation,885903794,1814207671,25.02.2021 13:53:11
202101,FMCG,Moms&Kids,Товары для школы  канцелярия  оборудование,0,Estimation,1294757789,258614132,25.02.2021 14:13:39
202101,FMCG,Moms&Kids,Творчество  хобби и игры,0,Estimation,2799139322,1815842877,26.02.2021 01:35:54
202101,FMCG,Moms&Kids,Игрушки,0,Estimation,3005442331,4008838879,25.02.2021 13:53:11
202101,FMCG,Moms&Kids,КГТ и спорт для детей,0,Estimation,2690563880,2367472112,25.02.2021 13:53:11
202101,FMCG,Moms&Kids,Творчество  хобби и игры,1,Estimation,187169469,1923358986,25.02.2021 13:53:11
202101,FMCG,Moms&Kids,КГТ и спорт для детей,1,Estimation,448525935,865644544,25.02.2021 13:53:11
202101,FMCG,Moms&Kids,Игрушки,1,Estimation,1611749396,1691018408,25.02.2021 13:53:11
202101,FMCG,Moms&Kids,Товары для школы  канцелярия  оборудование,0,Estimation,496495637,3305814220,26.02.2021 01:35:54
202101,FMCG,Moms&Kids,Товары для школы  канцелярия  оборудование,0,Estimation,2829668029,1353319110,26.01.2021 01:35:54
202101,FMCG,Moms&Kids,Творчество  хобби и игры,0,Estimation,520061918,3412343303,25.01.2021 14:13:39
202101,FMCG,Moms&Kids,Товары для школы  канцелярия  оборудование,1,Estimation,2530802842,4042923940,25.01.2021 13:53:11
202101,FMCG,Moms&Kids,Творчество  хобби и игры,0,Estimation,844462090,39429231,25.01.2021 13:53:11
202101,FMCG,Moms&Kids,Творчество  хобби и игры,1,Estimation,3939734477,2909850599,25.01.2021 13:53:11
202101,FMCG,Moms&Kids,Товары для школы  канцелярия  оборудование,0,Estimation,2485311342,2008353450,25.01.2021 14:13:39
202101,FMCG,Moms&Kids,Товары для школы  канцелярия  оборудование,0,Estimation,2192239778,1258639577,25.01.2021 13:53:11
202101,FMCG,Moms&Kids,Игрушки,0,Estimation,1395399620,319873902,25.01.2021 13:53:11
202101,FMCG,Moms&Kids,КГТ и спорт для детей,0,Estimation,812418222,3548101399,25.01.2021 13:53:11
202101,FMCG,Moms&Kids,Игрушки,0,Estimation,3141971906,4101110776,25.01.2021 14:13:39
202101,FMCG,Moms&Kids,КГТ и спорт для детей,0,Estimation,2756736430,2774741864,25.01.2021 14:13:39
202101,FMCG,Moms&Kids,Игрушки,0,Estimation,966832379,4150862909,26.01.2021 01:35:54
202101,FMCG,Moms&Kids,КГТ и спорт для детей,0,Estimation,4287751359,1022575565,26.01.2021 01:35:54
202101,FMCG,Moms&Kids,Творчество  хобби и игры,0,Estimation,3350043517,4002276556,26.01.2021 01:35:54
202101,FMCG,Moms&Kids,КГТ и спорт для детей,1,Estimation,2679649300,2461506359,25.01.2021 13:53:11
202101,FMCG,Moms&Kids,Игрушки,1,Estimation,298916942,3374184941,25.01.2021 13:53:11
202101,FMCG,Zoo,Гигиена и уход животных,0,Estimation,4240279014,1824637910,26.02.2021 01:02:02
202101,FMCG,Zoo,Товары для прогулки и дрессировки животных,0,Estimation,3084446104,3149740550,26.02.2021 01:02:02
202101,FMCG,Zoo,Зоокорм  витамины,0,Estimation,1280842810,2064706854,26.02.2021 00:56:14
202101,FMCG,Zoo,Фермерское хозяйство - Корма и кормовые добавки для птицеводства и животноводства,0,Estimation,2677831424,4288085372,26.02.2021 01:35:54
202101,FMCG,Zoo,Фермерское хозяйство - Оборудование для птицеводства и животноводства,0,Estimation,147431924,2963561312,26.02.2021 00:56:14
202101,FMCG,Zoo,Фермерское хозяйство - Содержание  уход птицы и сельскохозяйственных животных,0,Estimation,2843504728,2159167516,26.02.2021 01:35:54
202101,FMCG,Zoo,Зоокорм  витамины,0,Estimation,4117718283,2330779363,26.02.2021 01:02:02
202101,FMCG,Zoo,Фермерское хозяйство - Товары для пчеловодства,0,Estimation,1109663675,3612965609,26.02.2021 00:56:14
202101,FMCG,Zoo,Фермерское хозяйство - Оборудование для птицеводства и животноводства,0,Estimation,2740206578,3084632620,26.02.2021 01:35:54
202101,FMCG,Zoo,Гигиена и уход животных,0,Estimation,2967699491,996220476,26.02.2021 01:35:54
202101,FMCG,Zoo,Зоокорм  витамины,1,Estimation,2135730065,3176937691,26.02.2021 01:00:04
202101,FMCG,Zoo,Товары для прогулки и дрессировки животных,0,Estimation,1667449184,1237342466,26.02.2021 01:35:54
202101,FMCG,Zoo,Спальное место животного,1,Estimation,1738166863,965060390,26.02.2021 01:00:04
202101,FMCG,Zoo,Спальное место животного,0,Estimation,2708234844,1700320361,26.02.2021 00:56:14
202101,FMCG,Zoo,Спальное место животного,0,Estimation,785296104,1418033228,26.02.2021 01:35:54
202101,FMCG,Zoo,Гигиена и уход животных,1,Estimation,2678083851,2158723057,26.02.2021 01:00:04
202101,FMCG,Zoo,Товары для прогулки и дрессировки животных,0,Estimation,2208811437,1472699012,26.02.2021 00:56:14
202101,FMCG,Zoo,Гигиена и уход животных,0,Estimation,1834315164,3363389902,26.02.2021 00:56:14
202101,FMCG,Zoo,Фермерское хозяйство - Содержание  уход птицы и сельскохозяйственных животных,0,Estimation,1263324733,776058474,26.02.2021 00:56:14
202101,FMCG,Zoo,Фермерское хозяйство - Товары для пчеловодства,0,Estimation,1809146597,1090271010,26.02.2021 01:35:54
202101,FMCG,Zoo,Спальное место животного,0,Estimation,451924753,3604815069,26.02.2021 01:02:02
202101,FMCG,Zoo,Товары для прогулки и дрессировки животных,1,Estimation,3033993741,368757719,26.02.2021 01:00:04
202101,FMCG,Zoo,Фермерское хозяйство - Корма и кормовые добавки для птицеводства и животноводства,0,Estimation,2867656339,1659933291,26.02.2021 00:56:14
202101,FMCG,Zoo,Зоокорм  витамины,0,Estimation,2074645963,2503611556,26.02.2021 01:35:54
202101,FMCG,Zoo,Товары для прогулки и дрессировки животных,1,Estimation,1746110995,1735312960,26.01.2021 01:00:04
202101,FMCG,Zoo,Фермерское хозяйство - Товары для пчеловодства,0,Estimation,1324774894,3733096772,26.01.2021 01:35:54
202101,FMCG,Zoo,Фермерское хозяйство - Корма и кормовые добавки для птицеводства и животноводства,0,Estimation,782387667,1141742329,26.01.2021 00:56:14
202101,FMCG,Zoo,Гигиена и уход животных,0,Estimation,2279806358,2837945323,26.01.2021 01:02:02
202101,FMCG,Zoo,Фермерское хозяйство - Содержание  уход птицы и сельскохозяйственных животных,0,Estimation,1051853693,358356751,26.01.2021 00:56:14
202101,FMCG,Zoo,Товары для прогулки и дрессировки животных,0,Estimation,4133729154,1192908521,26.01.2021 01:02:02
202101,FMCG,Zoo,Зоокорм  витамины,0,Estimation,875506573,1461273461,26.01.2021 01:35:54
202101,FMCG,Zoo,Фермерское хозяйство - Оборудование для птицеводства и животноводства,0,Estimation,3878870375,3100573011,26.01.2021 00:56:14
202101,FMCG,Zoo,Гигиена и уход животных,1,Estimation,2494293801,2655439133,26.01.2021 01:00:04
202101,FMCG,Zoo,Товары для прогулки и дрессировки животных,0,Estimation,3893584241,46810148,26.01.2021 00:56:14
202101,FMCG,Zoo,Фермерское хозяйство - Оборудование для птицеводства и животноводства,0,Estimation,1690854477,4154899767,26.01.2021 01:35:54
202101,FMCG,Zoo,Гигиена и уход животных,0,Estimation,3342414713,2322905095,26.01.2021 00:56:14
202101,FMCG,Zoo,Зоокорм  витамины,0,Estimation,926378671,2381731186,26.01.2021 01:02:02
202101,FMCG,Zoo,Спальное место животного,0,Estimation,1241212488,1240518072,26.01.2021 01:35:54
202101,FMCG,Zoo,Фермерское хозяйство - Содержание  уход птицы и сельскохозяйственных животных,0,Estimation,2199403218,3550037634,26.01.2021 01:35:54
202101,FMCG,Zoo,Спальное место животного,1,Estimation,3637780598,4284032345,26.01.2021 01:00:04
202101,FMCG,Zoo,Спальное место животного,0,Estimation,1173221008,3902656912,26.01.2021 00:56:14
202101,FMCG,Zoo,Гигиена и уход животных,0,Estimation,12535982,3946248904,26.01.2021 01:35:54
202101,FMCG,Zoo,Товары для прогулки и дрессировки животных,0,Estimation,3804371672,3622115379,26.01.2021 01:35:54
202101,FMCG,Zoo,Зоокорм  витамины,1,Estimation,3272918855,12410786,26.01.2021 01:00:04
202101,FMCG,Zoo,Зоокорм  витамины,0,Estimation,961916493,3582775753,26.01.2021 00:56:14
202101,FMCG,Zoo,Фермерское хозяйство - Корма и кормовые добавки для птицеводства и животноводства,0,Estimation,1489120338,598650210,26.01.2021 01:35:54
202101,FMCG,Zoo,Фермерское хозяйство - Товары для пчеловодства,0,Estimation,3678811572,86641775,26.01.2021 00:56:14
202101,FMCG,Zoo,Спальное место животного,0,Estimation,641804759,775251868,26.01.2021 01:02:02
202102,Beauty,Apparel,Бижутерия и часы бижутерные,0,Estimation,497588279,2271634016,25.02.2021 10:58:00
202102,Beauty,Apparel,Аксессуары для взрослых и детей,1,Estimation,2087653953,2030548877,24.02.2021 16:27:18
202102,Beauty,Apparel,Бижутерия и часы бижутерные,0,Estimation,252401779,2618596270,25.02.2021 10:39:58
202102,Beauty,Apparel,Взрослая одежда,1,Estimation,3225624641,634619618,24.02.2021 16:27:18
202102,Beauty,Apparel,Взрослая одежда,0,Estimation,2502429957,3452337195,25.02.2021 10:39:58
202102,Beauty,Apparel,Детская обувь,0,Estimation,3113328416,3654852797,25.02.2021 10:58:00
202102,Beauty,Apparel,Детская одежда,0,Estimation,3080708765,3855099605,25.02.2021 10:39:58
202102,Beauty,Apparel,Детская одежда,0,Estimation,2725051515,4204359621,25.02.2021 10:58:00
202102,Beauty,Apparel,Взрослая обувь,0,Estimation,190601868,2791314325,25.02.2021 10:58:00
202102,Beauty,Apparel,Взрослая обувь,0,Estimation,1367710991,3064940285,25.02.2021 10:39:58
202102,Beauty,Apparel,Аксессуары для взрослых и детей,0,Estimation,2594124886,893329321,25.02.2021 10:58:00
202102,Beauty,Apparel,Детская обувь,0,Estimation,4126804002,1162590391,25.02.2021 10:39:58
202102,Beauty,Apparel,Взрослая одежда,0,Estimation,118432323,3165615700,25.02.2021 10:58:00
202102,Beauty,Apparel,Аксессуары для взрослых и детей,0,Estimation,1246393149,4141275953,25.02.2021 10:39:58
202102,Beauty,Apparel,Взрослая обувь,0,Estimation,3421008845,77123593,25.01.2021 10:39:58
202102,Beauty,Apparel,Детская одежда,0,Estimation,971592894,652937993,25.01.2021 10:39:58
202102,Beauty,Apparel,Детская обувь,0,Estimation,2153499267,4185525410,25.01.2021 10:39:58
202102,Beauty,Apparel,Бижутерия и часы бижутерные,0,Estimation,798439075,847617921,25.01.2021 10:58:00
202102,Beauty,Apparel,Детская обувь,0,Estimation,1558492716,1217832781,25.01.2021 10:58:00
202102,Beauty,Apparel,Аксессуары для взрослых и детей,0,Estimation,3819240975,1728535883,25.01.2021 10:58:00
202102,Beauty,Apparel,Взрослая одежда,0,Estimation,1912399100,1695908888,25.01.2021 10:39:58
202102,Beauty,Apparel,Бижутерия и часы бижутерные,0,Estimation,2520109953,2798720381,25.01.2021 10:39:58
202102,Beauty,Apparel,Аксессуары для взрослых и детей,0,Estimation,2711492396,941339025,25.01.2021 10:39:58
202102,Beauty,Apparel,Детская одежда,0,Estimation,2692584815,2884206870,25.01.2021 10:58:00
202102,Beauty,Apparel,Взрослая одежда,1,Estimation,1789122639,1563442706,24.01.2021 16:27:18
202102,Beauty,Apparel,Взрослая одежда,0,Estimation,440532509,4256978321,25.01.2021 10:58:00
202102,Beauty,Apparel,Взрослая обувь,0,Estimation,662885468,1723187924,25.01.2021 10:58:00
202102,Beauty,Apparel,Аксессуары для взрослых и детей,1,Estimation,2884853751,3147037053,24.01.2021 16:27:18
202102,Beauty,Health&Beauty,Уход и гигиена,0,Estimation,2217321623,2399484925,24.02.2021 11:02:28
202102,Beauty,Health&Beauty,Косметика для ухода за кожей,0,Estimation,414626896,47841971,24.02.2021 11:02:28
202102,Beauty,Health&Beauty,Уход и гигиена,1,Estimation,846786894,1537571166,24.02.2021 17:44:13
202102,Beauty,Health&Beauty,Косметика для ухода за кожей,1,Estimation,3815671363,3060616000,24.02.2021 17:44:13
202102,Beauty,Health&Beauty,Парфюмерия  ароматерапия,0,Estimation,3673924918,935320166,24.02.2021 11:02:28
202102,Beauty,Health&Beauty,Парфюмерия  ароматерапия,0,Estimation,3711123650,828617488,25.02.2021 20:57:25
202102,Beauty,Health&Beauty,Косметические аксессуары,0,Estimation,1174056013,1140779787,24.02.2021 11:02:28
202102,Beauty,Health&Beauty,Косметические аксессуары,1,Estimation,469708119,3971467411,24.02.2021 17:44:13
202102,Beauty,Health&Beauty,Косметика для ухода за кожей,0,Estimation,4275355498,3040478606,25.02.2021 20:57:25
202102,Beauty,Health&Beauty,Косметика для ухода за волосами,1,Estimation,414599940,357708025,24.02.2021 17:44:13
202102,Beauty,Health&Beauty,Косметическая техника,0,Estimation,2767340263,3354693428,25.02.2021 20:57:25
202102,Beauty,Health&Beauty,Косметика для ухода за волосами,0,Estimation,2173287737,1631433537,24.02.2021 11:02:28
202102,Beauty,Health&Beauty,Косметические средства для детей и беременных,0,Estimation,3456300247,1393605696,24.02.2021 11:02:28
202102,Beauty,Health&Beauty,Декоративная косметика,0,Estimation,333007028,2741412538,25.02.2021 20:57:25
202102,Beauty,Health&Beauty,Парфюмерия  ароматерапия,1,Estimation,3008089722,2745463395,24.02.2021 17:44:13
202102,Beauty,Health&Beauty,Косметические средства для детей и беременных,1,Estimation,2625902316,1995678090,24.02.2021 17:44:13
202102,Beauty,Health&Beauty,Уход и гигиена,0,Estimation,805628514,4272861275,25.02.2021 20:57:25
202102,Beauty,Health&Beauty,Косметические средства для детей и беременных,0,Estimation,939811368,1781143682,25.02.2021 20:57:25
202102,Beauty,Health&Beauty,Косметические аксессуары,0,Estimation,1511964735,930254642,25.02.2021 20:57:25
202102,Beauty,Health&Beauty,Косметическая техника,1,Estimation,4059328965,270645491,24.02.2021 17:44:13
202102,Beauty,Health&Beauty,Декоративная косметика,1,Estimation,3590218039,1746571217,24.02.2021 17:44:13
202102,Beauty,Health&Beauty,Косметическая техника,0,Estimation,2247769407,3267883168,24.02.2021 11:02:28
202102,Beauty,Health&Beauty,Косметика для ухода за волосами,0,Estimation,2302343569,918894876,25.02.2021 20:57:25
202102,Beauty,Health&Beauty,Декоративная косметика,0,Estimation,3787732072,2879815699,24.02.2021 11:02:28
202102,Beauty,Health&Beauty,Декоративная косметика,1,Estimation,1921671413,597821384,24.01.2021 17:44:13
202102,Beauty,Health&Beauty,Декоративная косметика,0,Estimation,2158682937,3390443779,24.01.2021 11:02:28
202102,Beauty,Health&Beauty,Косметика для ухода за волосами,0,Estimation,1978422287,2570982311,25.01.2021 20:57:25
202102,Beauty,Health&Beauty,Косметическая техника,1,Estimation,4088721316,162940175,24.01.2021 17:44:13
202102,Beauty,Health&Beauty,Косметические средства для детей и беременных,1,Estimation,1509773539,2490919668,24.01.2021 17:44:13
202102,Beauty,Health&Beauty,Косметическая техника,0,Estimation,1613147694,1288059782,24.01.2021 11:02:28
202102,Beauty,Health&Beauty,Парфюмерия  ароматерапия,0,Estimation,1313956957,435293688,25.01.2021 20:57:25
202102,Beauty,Health&Beauty,Уход и гигиена,0,Estimation,3586279213,2511691778,25.01.2021 20:57:25
202102,Beauty,Health&Beauty,Косметика для ухода за кожей,0,Estimation,2649298025,508719570,25.01.2021 20:57:25
202102,Beauty,Health&Beauty,Косметические аксессуары,0,Estimation,3837796415,531866413,25.01.2021 20:57:25
202102,Beauty,Health&Beauty,Парфюмерия  ароматерапия,0,Estimation,429144109,751196926,24.01.2021 11:02:28
202102,Beauty,Health&Beauty,Косметическая техника,0,Estimation,2308701896,2654725435,25.01.2021 20:57:25
202102,Beauty,Health&Beauty,Косметические аксессуары,1,Estimation,1073247024,4244703071,24.01.2021 17:44:13
202102,Beauty,Health&Beauty,Косметические средства для детей и беременных,0,Estimation,1173742810,3048063712,25.01.2021 20:57:25
202102,Beauty,Health&Beauty,Парфюмерия  ароматерапия,1,Estimation,3650781049,3366117905,24.01.2021 17:44:13
202102,Beauty,Health&Beauty,Косметика для ухода за волосами,0,Estimation,3443228888,469676447,24.01.2021 11:02:28
202102,Beauty,Health&Beauty,Декоративная косметика,0,Estimation,2563066460,3860598846,25.01.2021 20:57:25
202102,Beauty,Health&Beauty,Уход и гигиена,1,Estimation,2830068198,1630744582,24.01.2021 17:44:13
202102,Beauty,Health&Beauty,Косметические аксессуары,0,Estimation,927885301,3546788528,24.01.2021 11:02:28
202102,Beauty,Health&Beauty,Косметика для ухода за кожей,1,Estimation,3755650173,535642921,24.01.2021 17:44:13
202102,Beauty,Health&Beauty,Косметика для ухода за кожей,0,Estimation,4043389252,3073908639,24.01.2021 11:02:28
202102,Beauty,Health&Beauty,Косметика для ухода за волосами,1,Estimation,1824306041,3567034545,24.01.2021 17:44:13
202102,Beauty,Health&Beauty,Косметические средства для детей и беременных,0,Estimation,2380793976,2214018770,24.01.2021 11:02:28
202102,Beauty,Health&Beauty,Уход и гигиена,0,Estimation,327194421,15632437,24.01.2021 11:02:28
202102,Beauty,Jewelry,Ювелирные изделия,0,Estimation,3120521049,78425152,25.02.2021 15:11:04
202102,Beauty,Jewelry,Ювелирные изделия,0,Estimation,3445881239,276560318,25.01.2021 15:11:04
202102,Beauty,Pharmacy,Тату,0,Estimation,2587808094,2229489891,20.02.2021 18:23:40
202102,Beauty,Pharmacy,Профессиональный уход за полостью рта,0,Estimation,1624641326,3202585855,20.02.2021 18:23:40
202102,Beauty,Pharmacy,Профессиональный уход за полостью рта,1,Estimation,660721595,2961892631,24.02.2021 23:38:51
202102,Beauty,Pharmacy,Медицинские изделия,0,Estimation,491525454,3038901824,20.02.2021 18:23:40
202102,Beauty,Pharmacy,Парафармацевтика,0,Estimation,3956794881,3914273839,20.02.2021 18:23:40
202102,Beauty,Pharmacy,Уход и гигиена,0,Estimation,1901502068,3692722554,20.02.2021 18:23:40
202102,Beauty,Pharmacy,Парафармацевтика,1,Estimation,3700157776,2055279238,24.02.2021 23:38:51
202102,Beauty,Pharmacy,Уход и гигиена,1,Estimation,1823473030,4209034983,24.02.2021 23:38:51
202102,Beauty,Pharmacy,Медицинские изделия,1,Estimation,328751688,2355846357,24.02.2021 23:38:51
202102,Beauty,Pharmacy,Ортопедия и компрессионный трикотаж,0,Estimation,139208045,2625538560,20.02.2021 18:23:40
202102,Beauty,Pharmacy,Электронные сигареты  парители  кальяны,0,Estimation,2618535593,3614456933,20.02.2021 18:23:40
202102,Beauty,Pharmacy,Медицинская техника,0,Estimation,3330852747,855728672,20.02.2021 18:23:40
202102,Beauty,Pharmacy,Оптика,0,Estimation,4268940134,851122424,20.02.2021 18:23:40
202102,Beauty,Pharmacy,Витамины и БАДы,0,Estimation,1352098478,2726941609,20.02.2021 18:23:40
202102,Beauty,Pharmacy,Товары для взрослых,0,Estimation,1341196897,3165383818,20.02.2021 18:23:40
202102,Beauty,Pharmacy,Лекарственные средства,0,Estimation,2573544319,4136481786,20.02.2021 18:23:40
202102,Beauty,Pharmacy,Медицинская техника,1,Estimation,2329814287,3884359162,24.02.2021 23:38:51
202102,Beauty,Pharmacy,Средства реабилитации,0,Estimation,632433815,3627337815,20.02.2021 18:23:40
202102,Beauty,Pharmacy,Антибактериальные  дезинфицирующие средства,0,Estimation,1362015475,3002275411,20.02.2021 18:23:40
202102,Beauty,Pharmacy,Лекарственные средства для животных,0,Estimation,3489407509,2346478121,20.02.2021 18:23:40
202102,Beauty,Pharmacy,Спортивное питание,0,Estimation,66674221,481254607,20.02.2021 18:23:40
202102,Beauty,Pharmacy,Ортопедия и компрессионный трикотаж,1,Estimation,2505666841,3243476279,24.02.2021 23:38:51
202102,Beauty,Pharmacy,Средства реабилитации,1,Estimation,3358127158,1256947410,24.02.2021 23:38:51
202102,Beauty,Pharmacy,Антибактериальные  дезинфицирующие средства,1,Estimation,687906868,1383823476,24.02.2021 23:38:51
202102,Beauty,Pharmacy,Спортивное питание,1,Estimation,339396612,4071501104,24.02.2021 23:38:51
202102,Beauty,Pharmacy,Товары для взрослых,1,Estimation,1270219565,3921451963,24.02.2021 23:38:51
202102,Beauty,Pharmacy,Лекарственные средства,1,Estimation,12979121,2878078198,24.02.2021 23:38:51
202102,Beauty,Pharmacy,Электронные сигареты  парители  кальяны,1,Estimation,588269164,1089087109,24.02.2021 23:38:51
202102,Beauty,Pharmacy,Витамины и БАДы,1,Estimation,2506171890,4131314038,24.02.2021 23:38:51
202102,Beauty,Pharmacy,Оптика,1,Estimation,621205892,547257775,24.02.2021 23:38:51
202102,Beauty,Pharmacy,Медицинские изделия,1,Estimation,1209640609,1739105743,24.01.2021 23:38:51
202102,Beauty,Pharmacy,Парафармацевтика,0,Estimation,2677202262,1369939645,20.01.2021 18:23:40
202102,Beauty,Pharmacy,Ортопедия и компрессионный трикотаж,1,Estimation,2942489889,1329208370,24.01.2021 23:38:51
202102,Beauty,Pharmacy,Средства реабилитации,1,Estimation,3958466080,4260719333,24.01.2021 23:38:51
202102,Beauty,Pharmacy,Парафармацевтика,1,Estimation,1057754956,4121359321,24.01.2021 23:38:51
202102,Beauty,Pharmacy,Медицинские изделия,0,Estimation,3890216737,2273371784,20.01.2021 18:23:40
202102,Beauty,Pharmacy,Лекарственные средства,1,Estimation,2459925941,3365085261,24.01.2021 23:38:51
202102,Beauty,Pharmacy,Электронные сигареты  парители  кальяны,1,Estimation,2916250409,3670412602,24.01.2021 23:38:51
202102,Beauty,Pharmacy,Антибактериальные  дезинфицирующие средства,1,Estimation,370580487,634897224,24.01.2021 23:38:51
202102,Beauty,Pharmacy,Спортивное питание,1,Estimation,3404111080,575074615,24.01.2021 23:38:51
202102,Beauty,Pharmacy,Профессиональный уход за полостью рта,1,Estimation,2430442150,3625236245,24.01.2021 23:38:51
202102,Beauty,Pharmacy,Антибактериальные  дезинфицирующие средства,0,Estimation,378988039,1218172697,20.01.2021 18:23:40
202102,Beauty,Pharmacy,Тату,0,Estimation,3265102825,3630445639,20.01.2021 18:23:40
202102,Beauty,Pharmacy,Уход и гигиена,1,Estimation,1430672236,4012859851,24.01.2021 23:38:51
202102,Beauty,Pharmacy,Спортивное питание,0,Estimation,1491788884,999414546,20.01.2021 18:23:40
202102,Beauty,Pharmacy,Лекарственные средства для животных,0,Estimation,2075573756,325035981,20.01.2021 18:23:40
202102,Beauty,Pharmacy,Лекарственные средства,0,Estimation,1838603163,2445710769,20.01.2021 18:23:40
202102,Beauty,Pharmacy,Уход и гигиена,0,Estimation,2217903450,2410973387,20.01.2021 18:23:40
202102,Beauty,Pharmacy,Ортопедия и компрессионный трикотаж,0,Estimation,62757731,759559763,20.01.2021 18:23:40
202102,Beauty,Pharmacy,Профессиональный уход за полостью рта,0,Estimation,857174414,4053007031,20.01.2021 18:23:40
202102,Beauty,Pharmacy,Товары для взрослых,1,Estimation,3696004929,4093950289,24.01.2021 23:38:51
202102,Beauty,Pharmacy,Электронные сигареты  парители  кальяны,0,Estimation,2058661321,3811410233,20.01.2021 18:23:40
202102,Beauty,Pharmacy,Витамины и БАДы,1,Estimation,4119389203,3051772645,24.01.2021 23:38:51
202102,Beauty,Pharmacy,Оптика,1,Estimation,2375975384,1361599018,24.01.2021 23:38:51
202102,Beauty,Pharmacy,Средства реабилитации,0,Estimation,1912210000,409266628,20.01.2021 18:23:40
202102,Beauty,Pharmacy,Медицинская техника,0,Estimation,1110539027,1137581930,20.01.2021 18:23:40
202102,Beauty,Pharmacy,Витамины и БАДы,0,Estimation,1301991728,2348998605,20.01.2021 18:23:40
202102,Beauty,Pharmacy,Оптика,0,Estimation,2180300756,466155248,20.01.2021 18:23:40
202102,Beauty,Pharmacy,Товары для взрослых,0,Estimation,2764464422,1203787519,20.01.2021 18:23:40
202102,Beauty,Pharmacy,Медицинская техника,1,Estimation,1685748500,1447935356,24.01.2021 23:38:51
202102,ES + Home,Auto&Moto,Автоинструменты и гаражное оборудование,0,Estimation,2292267,1702861709,17.02.2021 18:25:32
202102,ES + Home,Auto&Moto,Дополнительное оборудование для авто и мото техники,0,Estimation,3736697558,336298914,17.02.2021 18:25:32
202102,ES + Home,Auto&Moto,Шины и диски,0,Estimation,2214201129,2916213631,18.02.2021 14:15:16
202102,ES + Home,Auto&Moto,Автомобили и мототехника,0,Estimation,1291054229,575403654,17.02.2021 18:25:32
202102,ES + Home,Auto&Moto,Универсальные авто и мото аксессуары,0,Estimation,534867952,3030923268,18.02.2021 14:15:16
202102,ES + Home,Auto&Moto,Универсальные авто и мото аксессуары,1,Estimation,1211556670,3438339128,18.02.2021 14:15:16
202102,ES + Home,Auto&Moto,Авто и мото запчасти,0,Estimation,2746227029,2924528475,17.02.2021 18:25:32
202102,ES + Home,Auto&Moto,Масла и автохимия,0,Estimation,1947402623,2666233945,18.02.2021 14:15:16
202102,ES + Home,Auto&Moto,Масла и автохимия,1,Estimation,475604691,735632171,18.02.2021 14:15:16
202102,ES + Home,Auto&Moto,Масла и автохимия,0,Estimation,2229147048,1927630636,17.02.2021 18:25:32
202102,ES + Home,Auto&Moto,Шины и диски,0,Estimation,3229398159,3078883596,17.02.2021 18:25:32
202102,ES + Home,Auto&Moto,Автомобили и мототехника,0,Estimation,2942946544,2596677772,18.02.2021 14:15:16
202102,ES + Home,Auto&Moto,Авто и мото запчасти,0,Estimation,2264915292,3314962800,18.02.2021 14:15:16
202102,ES + Home,Auto&Moto,Дополнительное оборудование для авто и мото техники,0,Estimation,2403376271,755530885,18.02.2021 14:15:16
202102,ES + Home,Auto&Moto,Автоинструменты и гаражное оборудование,0,Estimation,980236186,2216109788,18.02.2021 14:15:16
202102,ES + Home,Auto&Moto,Универсальные авто и мото аксессуары,0,Estimation,3092801737,3853772680,17.02.2021 18:25:32
202102,ES + Home,Auto&Moto,Автоинструменты и гаражное оборудование,1,Estimation,3666750137,513222587,18.02.2021 14:15:16
202102,ES + Home,Auto&Moto,Авто и мото запчасти,1,Estimation,1473966220,4040997929,18.02.2021 14:15:16
202102,ES + Home,Auto&Moto,Авто и мото запчасти,0,Estimation,2307272395,1093715020,18.01.2021 14:15:16
202102,ES + Home,Auto&Moto,Дополнительное оборудование для авто и мото техники,0,Estimation,2568438193,804979463,18.01.2021 14:15:16
202102,ES + Home,Auto&Moto,Автоинструменты и гаражное оборудование,0,Estimation,3359208621,738513596,18.01.2021 14:15:16
202102,ES + Home,Auto&Moto,Авто и мото запчасти,0,Estimation,402136846,2012155170,17.01.2021 18:25:32
202102,ES + Home,Auto&Moto,Автомобили и мототехника,0,Estimation,3077764365,3538773885,17.01.2021 18:25:32
202102,ES + Home,Auto&Moto,Автоинструменты и гаражное оборудование,1,Estimation,4074625936,824985080,18.01.2021 14:15:16
202102,ES + Home,Auto&Moto,Автомобили и мототехника,0,Estimation,2812455960,1313203327,18.01.2021 14:15:16
202102,ES + Home,Auto&Moto,Авто и мото запчасти,1,Estimation,2432276767,3078735669,18.01.2021 14:15:16
202102,ES + Home,Auto&Moto,Дополнительное оборудование для авто и мото техники,0,Estimation,3521908206,3250539633,17.01.2021 18:25:32
202102,ES + Home,Auto&Moto,Автоинструменты и гаражное оборудование,0,Estimation,4256452976,2570751005,17.01.2021 18:25:32
202102,ES + Home,Auto&Moto,Универсальные авто и мото аксессуары,0,Estimation,497604024,1229767166,17.01.2021 18:25:32
202102,ES + Home,Auto&Moto,Универсальные авто и мото аксессуары,1,Estimation,4080833389,325474878,18.01.2021 14:15:16
202102,ES + Home,Auto&Moto,Масла и автохимия,0,Estimation,1370166446,317718385,18.01.2021 14:15:16
202102,ES + Home,Auto&Moto,Шины и диски,0,Estimation,1038563861,1167538990,17.01.2021 18:25:32
202102,ES + Home,Auto&Moto,Шины и диски,0,Estimation,387611448,3516085541,18.01.2021 14:15:16
202102,ES + Home,Auto&Moto,Масла и автохимия,1,Estimation,984262971,3741316511,18.01.2021 14:15:16
202102,ES + Home,Auto&Moto,Масла и автохимия,0,Estimation,3398557857,2945131239,17.01.2021 18:25:32
202102,ES + Home,Auto&Moto,Универсальные авто и мото аксессуары,0,Estimation,3690872617,3381472806,18.01.2021 14:15:16
202102,ES + Home,Books,Современная печатная книга,1,Estimation,2250669155,3841176423,16.02.2021 18:29:37
202102,ES + Home,Books,Антикварное издание,0,Estimation,2535206820,797288977,16.02.2021 18:01:08
202102,ES + Home,Books,Букинистическое издание,0,Estimation,2963442810,2603485149,16.02.2021 18:01:08
202102,ES + Home,Books,Блокноты с ISBN,0,Estimation,718036667,2020382541,16.02.2021 18:01:08
202102,ES + Home,Books,Блокноты с ISBN,1,Estimation,2094816108,3129711291,16.02.2021 18:29:37
202102,ES + Home,Books,Иностранное издание,0,Estimation,1074387716,2541429641,16.02.2021 18:01:08
202102,ES + Home,Books,Современная печатная книга,0,Estimation,2369259093,2347378381,16.02.2021 18:01:08
202102,ES + Home,Books,Цифровая книга,0,Estimation,942749164,882912595,16.02.2021 18:01:08
202102,ES + Home,Books,Календари,0,Estimation,825711438,2294073374,16.02.2021 18:01:08
202102,ES + Home,Books,Книга по требованию,0,Estimation,3414152165,3551515360,16.02.2021 18:01:08
202102,ES + Home,Books,Современные картографические издания,0,Estimation,3782176732,3402021252,16.02.2021 18:01:08
202102,ES + Home,Books,ПО на физических носителях,0,Estimation,4053800223,500999814,16.02.2021 18:01:08
202102,ES + Home,Books,Second-hand книга,1,Estimation,2018585164,1853622146,16.02.2021 18:29:37
202102,ES + Home,Books,Учебная литература,0,Estimation,3535447353,1405019927,16.02.2021 18:01:08
202102,ES + Home,Books,Second-hand книга,0,Estimation,1918678514,4081085351,16.02.2021 18:01:08
202102,ES + Home,Books,Манга,0,Estimation,2267159731,3153344429,16.02.2021 18:01:08
202102,ES + Home,Books,Художественная литература,0,Estimation,59816516,3439556802,16.02.2021 18:01:08
202102,ES + Home,Books,Книги детям и родителям,1,Estimation,2668452430,248298367,16.02.2021 18:29:37
202102,ES + Home,Books,Бизнес-литература,1,Estimation,2052872561,1261549780,16.02.2021 18:29:37
202102,ES + Home,Books,Комиксы,1,Estimation,2383088994,3614914734,16.02.2021 18:29:37
202102,ES + Home,Books,Современные листовые издания,0,Estimation,3350657581,4226784690,16.02.2021 18:01:08
202102,ES + Home,Books,Цифровая аудиокнига,0,Estimation,724558896,2558440716,16.02.2021 18:01:08
202102,ES + Home,Books,Комиксы,0,Estimation,1653026762,3410886352,16.02.2021 18:01:08
202102,ES + Home,Books,Манга,1,Estimation,3699798839,1870380798,16.02.2021 18:29:37
202102,ES + Home,Books,Нехудожественная литература,0,Estimation,2304679080,1632596314,16.02.2021 18:01:08
202102,ES + Home,Books,Книги детям и родителям,0,Estimation,1967172455,4086729929,16.02.2021 18:01:08
202102,ES + Home,Books,Художественная литература,1,Estimation,2259671815,293542595,16.02.2021 18:29:37
202102,ES + Home,Books,Нехудожественная литература,1,Estimation,3672225870,279072016,16.02.2021 18:29:37
202102,ES + Home,Books,Аудиокнига,0,Estimation,141659624,3112073057,16.02.2021 18:01:08
202102,ES + Home,Books,Литература на иностранном языке,0,Estimation,3958941953,3024194115,16.02.2021 18:01:08
202102,ES + Home,Books,Бизнес-литература,0,Estimation,1949380309,1565306319,16.02.2021 18:01:08
202102,ES + Home,Books,Манга,0,Estimation,672451037,4231868380,16.01.2021 18:01:08
202102,ES + Home,Books,ПО на физических носителях,0,Estimation,1097800826,391014983,16.01.2021 18:01:08
202102,ES + Home,Books,Цифровая книга,0,Estimation,924564377,2909239932,16.01.2021 18:01:08
202102,ES + Home,Books,Аудиокнига,0,Estimation,1434058847,594164784,16.01.2021 18:01:08
202102,ES + Home,Books,Second-hand книга,1,Estimation,1593079390,3588015434,16.01.2021 18:29:37
202102,ES + Home,Books,Нехудожественная литература,0,Estimation,2648327055,3403803688,16.01.2021 18:01:08
202102,ES + Home,Books,Учебная литература,0,Estimation,663034738,3128067763,16.01.2021 18:01:08
202102,ES + Home,Books,Цифровая аудиокнига,0,Estimation,2657145301,3110868372,16.01.2021 18:01:08
202102,ES + Home,Books,Современные листовые издания,0,Estimation,1982094083,2396243677,16.01.2021 18:01:08
202102,ES + Home,Books,Современная печатная книга,1,Estimation,3510712872,1879669588,16.01.2021 18:29:37
202102,ES + Home,Books,Комиксы,0,Estimation,1257426774,1382539172,16.01.2021 18:01:08
202102,ES + Home,Books,Блокноты с ISBN,1,Estimation,3530672419,469862461,16.01.2021 18:29:37
202102,ES + Home,Books,Книги детям и родителям,1,Estimation,3473519471,2960401689,16.01.2021 18:29:37
202102,ES + Home,Books,Книги детям и родителям,0,Estimation,2748903869,1177357014,16.01.2021 18:01:08
202102,ES + Home,Books,Современные картографические издания,0,Estimation,3460843324,3269101055,16.01.2021 18:01:08
202102,ES + Home,Books,Second-hand книга,0,Estimation,2467826768,804909122,16.01.2021 18:01:08
202102,ES + Home,Books,Бизнес-литература,1,Estimation,195999005,3605234894,16.01.2021 18:29:37
202102,ES + Home,Books,Бизнес-литература,0,Estimation,2421473678,1088884651,16.01.2021 18:01:08
202102,ES + Home,Books,Манга,1,Estimation,4281365427,2561355761,16.01.2021 18:29:37
202102,ES + Home,Books,Литература на иностранном языке,0,Estimation,3052203308,2818937516,16.01.2021 18:01:08
202102,ES + Home,Books,Книга по требованию,0,Estimation,3307829849,1700695581,16.01.2021 18:01:08
202102,ES + Home,Books,Нехудожественная литература,1,Estimation,2061730916,3915893169,16.01.2021 18:29:37
202102,ES + Home,Books,Современная печатная книга,0,Estimation,2546561198,1095486324,16.01.2021 18:01:08
202102,ES + Home,Books,Календари,0,Estimation,3637410631,2256888343,16.01.2021 18:01:08
202102,ES + Home,Books,Иностранное издание,0,Estimation,3357426994,1490289899,16.01.2021 18:01:08
202102,ES + Home,Books,Комиксы,1,Estimation,3291308034,149645057,16.01.2021 18:29:37
202102,ES + Home,Books,Букинистическое издание,0,Estimation,798716062,2601522562,16.01.2021 18:01:08
202102,ES + Home,Books,Антикварное издание,0,Estimation,910114797,2379527486,16.01.2021 18:01:08
202102,ES + Home,Books,Художественная литература,1,Estimation,2345828490,748533054,16.01.2021 18:29:37
202102,ES + Home,Books,Художественная литература,0,Estimation,3205758139,1111515050,16.01.2021 18:01:08
202102,ES + Home,Books,Блокноты с ISBN,0,Estimation,2489647890,2168723072,16.01.2021 18:01:08
202102,ES + Home,Digital,Програмное обеспечение Digital,0,Estimation,3703618978,2040303344,25.02.2021 22:27:30
202102,ES + Home,Digital,Програмное обеспечение Digital,0,Estimation,4056576722,1420910377,25.01.2021 22:27:30
202102,ES + Home,DIY,Освещение,1,Estimation,2470323925,1048342605,18.02.2021 14:45:14
202102,ES + Home,DIY,Инструменты,0,Estimation,2452315388,3746827402,17.02.2021 18:25:32
202102,ES + Home,DIY,Сад и огород,0,Estimation,2803517481,3780156123,17.02.2021 18:25:32
202102,ES + Home,DIY,Ремонт и строительство,0,Estimation,1926850238,3963667463,17.02.2021 18:25:32
202102,ES + Home,DIY,Фильтры для воды,0,Estimation,1327878885,2844078095,18.02.2021 14:45:14
202102,ES + Home,DIY,Фильтры для воды,1,Estimation,1012931900,3499818327,18.02.2021 14:45:14
202102,ES + Home,DIY,Освещение,0,Estimation,495490408,1877506726,18.02.2021 14:45:14
202102,ES + Home,DIY,Фильтры для воды,0,Estimation,776875622,1929581745,17.02.2021 18:25:32
202102,ES + Home,DIY,Сад и огород,0,Estimation,1558011591,2283984995,18.02.2021 14:45:14
202102,ES + Home,DIY,Ремонт и строительство,0,Estimation,2611548605,4156408760,18.02.2021 14:45:14
202102,ES + Home,DIY,Сантехника,0,Estimation,305184271,2380997462,18.02.2021 14:45:14
202102,ES + Home,DIY,Освещение,0,Estimation,3821462511,2684946045,17.02.2021 18:25:32
202102,ES + Home,DIY,Сад и огород,1,Estimation,3691996210,972364276,18.02.2021 14:45:14
202102,ES + Home,DIY,Инструменты,0,Estimation,1182418267,1091997581,18.02.2021 14:45:14
202102,ES + Home,DIY,Сантехника,0,Estimation,2579552544,3667718081,17.02.2021 18:25:32
202102,ES + Home,DIY,Инструменты,1,Estimation,3256006527,1712724628,18.02.2021 14:45:14
202102,ES + Home,DIY,Ремонт и строительство,1,Estimation,3649155781,1898968344,18.02.2021 14:45:14
202102,ES + Home,DIY,Освещение,1,Estimation,1951806569,1015236982,18.01.2021 14:45:14
202102,ES + Home,DIY,Ремонт и строительство,0,Estimation,1694048557,4260575438,17.01.2021 18:25:32
202102,ES + Home,DIY,Сад и огород,0,Estimation,849626066,994434076,17.01.2021 18:25:32
202102,ES + Home,DIY,Фильтры для воды,0,Estimation,1746674034,4159474916,18.01.2021 14:45:14
202102,ES + Home,DIY,Фильтры для воды,1,Estimation,1005085074,689051562,18.01.2021 14:45:14
202102,ES + Home,DIY,Освещение,0,Estimation,1774373957,216340069,18.01.2021 14:45:14
202102,ES + Home,DIY,Инструменты,0,Estimation,2083928928,3183754334,17.01.2021 18:25:32
202102,ES + Home,DIY,Сад и огород,0,Estimation,1623993302,2122787589,18.01.2021 14:45:14
202102,ES + Home,DIY,Ремонт и строительство,0,Estimation,750521475,4070532278,18.01.2021 14:45:14
202102,ES + Home,DIY,Сад и огород,1,Estimation,3929807961,2435452462,18.01.2021 14:45:14
202102,ES + Home,DIY,Освещение,0,Estimation,703408279,1418005397,17.01.2021 18:25:32
202102,ES + Home,DIY,Инструменты,0,Estimation,1165349802,305132408,18.01.2021 14:45:14
202102,ES + Home,DIY,Сантехника,0,Estimation,933516802,2977828202,17.01.2021 18:25:32
202102,ES + Home,DIY,Сантехника,0,Estimation,4112813033,330827823,18.01.2021 14:45:14
202102,ES + Home,DIY,Фильтры для воды,0,Estimation,632392611,3819972669,17.01.2021 18:25:32
202102,ES + Home,DIY,Инструменты,1,Estimation,1080557724,1033344693,18.01.2021 14:45:14
202102,ES + Home,DIY,Ремонт и строительство,1,Estimation,1758517765,302000595,18.01.2021 14:45:14
202102,ES + Home,Furniture,Мебель для сна,0,Estimation,3022667063,2918208622,18.02.2021 14:15:16
202102,ES + Home,Furniture,Корпусная мебель и мебель для хранения,0,Estimation,2946786688,3604218171,17.02.2021 18:25:32
202102,ES + Home,Furniture,Компьютерная и офисная мебель,0,Estimation,3143129080,1332034819,17.02.2021 18:25:32
202102,ES + Home,Furniture,Мягкая мебель,0,Estimation,1461079066,2580837072,17.02.2021 18:25:32
202102,ES + Home,Furniture,Прочая мебель,0,Estimation,3271706872,4233877329,18.02.2021 14:15:16
202102,ES + Home,Furniture,Мебель для сада,0,Estimation,735963525,1085291422,18.02.2021 14:15:16
202102,ES + Home,Furniture,Столы и стулья,0,Estimation,1136163954,3729552255,18.02.2021 14:15:16
202102,ES + Home,Furniture,Прочая мебель,0,Estimation,3522919649,2093839943,17.02.2021 18:25:32
202102,ES + Home,Furniture,Мягкая мебель,0,Estimation,1386249390,2996901549,18.02.2021 14:15:16
202102,ES + Home,Furniture,Корпусная мебель и мебель для хранения,0,Estimation,3536909533,441874742,18.02.2021 14:15:16
202102,ES + Home,Furniture,Столы и стулья,0,Estimation,1562029005,2090682045,17.02.2021 18:25:32
202102,ES + Home,Furniture,Мебель для сада,0,Estimation,2011914198,4212114326,17.02.2021 18:25:32
202102,ES + Home,Furniture,Компьютерная и офисная мебель,0,Estimation,415085444,2361266247,18.02.2021 14:15:16
202102,ES + Home,Furniture,Мебель для сна,0,Estimation,2668343978,2129445992,17.02.2021 18:25:32
202102,ES + Home,Furniture,Мягкая мебель,0,Estimation,2834674034,1174991241,17.01.2021 18:25:32
202102,ES + Home,Furniture,Мягкая мебель,0,Estimation,343650619,107011436,18.01.2021 14:15:16
202102,ES + Home,Furniture,Прочая мебель,0,Estimation,2764489732,1492656246,18.01.2021 14:15:16
202102,ES + Home,Furniture,Мебель для сада,0,Estimation,2639098964,551601176,18.01.2021 14:15:16
202102,ES + Home,Furniture,Столы и стулья,0,Estimation,3150176520,3259360877,18.01.2021 14:15:16
202102,ES + Home,Furniture,Мебель для сна,0,Estimation,589450941,3400344156,17.01.2021 18:25:32
202102,ES + Home,Furniture,Корпусная мебель и мебель для хранения,0,Estimation,4053301196,3884853746,18.01.2021 14:15:16
202102,ES + Home,Furniture,Мебель для сна,0,Estimation,3551242958,1399903957,18.01.2021 14:15:16
202102,ES + Home,Furniture,Компьютерная и офисная мебель,0,Estimation,3770970578,440044795,18.01.2021 14:15:16
202102,ES + Home,Furniture,Мебель для сада,0,Estimation,1118296968,3112803374,17.01.2021 18:25:32
202102,ES + Home,Furniture,Столы и стулья,0,Estimation,2493860580,1667400436,17.01.2021 18:25:32
202102,ES + Home,Furniture,Корпусная мебель и мебель для хранения,0,Estimation,2525117308,966777011,17.01.2021 18:25:32
202102,ES + Home,Furniture,Прочая мебель,0,Estimation,1058431104,918252155,17.01.2021 18:25:32
202102,ES + Home,Furniture,Компьютерная и офисная мебель,0,Estimation,2460511891,2753181535,17.01.2021 18:25:32
202102,ES + Home,Household,Принадлежности для Нового года,1,Estimation,618123315,1876186322,18.02.2021 14:45:14
202102,ES + Home,Household,Хранение,0,Estimation,3971286473,383528710,17.02.2021 18:25:32
202102,ES + Home,Household,Аксессуары для уборки и стирки,1,Estimation,2691320414,3418443860,18.02.2021 14:45:14
202102,ES + Home,Household,Интерьер и декор,0,Estimation,762183294,3149167351,18.02.2021 14:45:14
202102,ES + Home,Household,Аксессуары для уборки и стирки,0,Estimation,1825139761,752536249,18.02.2021 14:45:14
202102,ES + Home,Household,Кухня,0,Estimation,1496385421,1702304838,18.02.2021 14:45:14
202102,ES + Home,Household,Домашний текстиль,0,Estimation,2529425063,2147613563,17.02.2021 18:25:32
202102,ES + Home,Household,Антиквариат Хоум Декор,0,Estimation,215736584,3764179300,17.02.2021 18:25:32
202102,ES + Home,Household,Ванная комната,0,Estimation,1673737932,746276827,17.02.2021 18:25:32
202102,ES + Home,Household,Интерьер и декор,0,Estimation,281181469,322495611,17.02.2021 18:25:32
202102,ES + Home,Household,Кухня,1,Estimation,2134175795,976424423,18.02.2021 14:45:14
202102,ES + Home,Household,Ритуальные изделия,0,Estimation,177770984,1597228682,18.02.2021 14:45:14
202102,ES + Home,Household,Принадлежности для Нового года,0,Estimation,2408217688,3810145565,18.02.2021 14:45:14
202102,ES + Home,Household,Домашний текстиль,0,Estimation,2514874092,2903369732,18.02.2021 14:45:14
202102,ES + Home,Household,Антиквариат Хоум Декор,0,Estimation,1652509764,2202803394,18.02.2021 14:45:14
202102,ES + Home,Household,Ванная комната,0,Estimation,4083713329,4112312932,18.02.2021 14:45:14
202102,ES + Home,Household,Принадлежности для Нового года,0,Estimation,2353761305,808047420,17.02.2021 18:25:32
202102,ES + Home,Household,Ритуальные изделия,0,Estimation,2656145420,263272616,17.02.2021 18:25:32
202102,ES + Home,Household,Принадлежности для Нового года,1,Estimation,2297053492,3745376363,17.02.2021 18:25:32
202102,ES + Home,Household,Интерьер и декор,1,Estimation,3059549025,2014316806,18.02.2021 14:45:14
202102,ES + Home,Household,Хранение,0,Estimation,2182912942,2851810022,18.02.2021 14:45:14
202102,ES + Home,Household,Аксессуары для уборки и стирки,0,Estimation,512529163,2787733618,17.02.2021 18:25:32
202102,ES + Home,Household,Кухня,0,Estimation,2468502456,3355131564,17.02.2021 18:25:32
202102,ES + Home,Household,Домашний текстиль,1,Estimation,2264167434,1336082279,18.02.2021 14:45:14
202102,ES + Home,Household,Аксессуары для уборки и стирки,1,Estimation,1623243099,3748335792,18.01.2021 14:45:14
202102,ES + Home,Household,Принадлежности для Нового года,1,Estimation,2210940823,1205237527,18.01.2021 14:45:14
202102,ES + Home,Household,Ванная комната,0,Estimation,4266884698,4099775321,17.01.2021 18:25:32
202102,ES + Home,Household,Аксессуары для уборки и стирки,0,Estimation,584735396,3838467670,18.01.2021 14:45:14
202102,ES + Home,Household,Антиквариат Хоум Декор,0,Estimation,679355350,827318702,17.01.2021 18:25:32
202102,ES + Home,Household,Кухня,0,Estimation,1231997863,1666585264,18.01.2021 14:45:14
202102,ES + Home,Household,Домашний текстиль,0,Estimation,240569032,2892015647,17.01.2021 18:25:32
202102,ES + Home,Household,Интерьер и декор,0,Estimation,694390397,2064138986,17.01.2021 18:25:32
202102,ES + Home,Household,Хранение,0,Estimation,394984090,1056607456,17.01.2021 18:25:32
202102,ES + Home,Household,Принадлежности для Нового года,0,Estimation,1426429327,3122540763,18.01.2021 14:45:14
202102,ES + Home,Household,Интерьер и декор,0,Estimation,3988001728,1366382511,18.01.2021 14:45:14
202102,ES + Home,Household,Кухня,1,Estimation,2196163618,2255007259,18.01.2021 14:45:14
202102,ES + Home,Household,Ритуальные изделия,0,Estimation,4199344481,3814691285,18.01.2021 14:45:14
202102,ES + Home,Household,Кухня,0,Estimation,2616453065,2384119054,17.01.2021 18:25:32
202102,ES + Home,Household,Домашний текстиль,0,Estimation,3293032745,733935651,18.01.2021 14:45:14
202102,ES + Home,Household,Антиквариат Хоум Декор,0,Estimation,187263648,3652556446,18.01.2021 14:45:14
202102,ES + Home,Household,Аксессуары для уборки и стирки,0,Estimation,4123868821,3318749668,17.01.2021 18:25:32
202102,ES + Home,Household,Ванная комната,0,Estimation,741948308,1185898451,18.01.2021 14:45:14
202102,ES + Home,Household,Интерьер и декор,1,Estimation,3968635921,2697787125,18.01.2021 14:45:14
202102,ES + Home,Household,Принадлежности для Нового года,1,Estimation,1999118311,2215569672,17.01.2021 18:25:32
202102,ES + Home,Household,Принадлежности для Нового года,0,Estimation,289161555,2507550473,17.01.2021 18:25:32
202102,ES + Home,Household,Хранение,0,Estimation,422476230,2855412375,18.01.2021 14:45:14
202102,ES + Home,Household,Ритуальные изделия,0,Estimation,3639543962,1126039409,17.01.2021 18:25:32
202102,ES + Home,Household,Домашний текстиль,1,Estimation,698802933,2939949250,18.01.2021 14:45:14
202102,ES + Home,Laptops & Computers,Компьютерная периферия Lap&Comp,0,Estimation,2660531064,3721517103,17.02.2021 13:05:08
202102,ES + Home,Laptops & Computers,Компьютерная офисная техника Lap&Comp,0,Estimation,2807092175,20295738,17.02.2021 13:05:08
202102,ES + Home,Laptops & Computers,Компьютеры Lap&Comp,1,Estimation,1593810917,2879442966,17.02.2021 13:05:08
202102,ES + Home,Laptops & Computers,Компьютеры Lap&Comp,0,Estimation,2224381181,2585801600,17.02.2021 13:05:08
202102,ES + Home,Laptops & Computers,Расходный материал для электроники Lap&Comp,1,Estimation,1176842265,3004535021,17.02.2021 13:05:08
202102,ES + Home,Laptops & Computers,Компьютерная периферия Lap&Comp,1,Estimation,523349748,1025607118,17.02.2021 13:05:08
202102,ES + Home,Laptops & Computers,Расходный материал для электроники Lap&Comp,0,Estimation,4064861049,2110430809,17.02.2021 13:05:08
202102,ES + Home,Laptops & Computers,Домашняя Аудио и Видеотехника Lap&Comp,0,Estimation,3720343161,3683905361,17.02.2021 13:05:08
202102,ES + Home,Laptops & Computers,Компьютерная периферия Lap&Comp,1,Estimation,723164401,1083877005,17.01.2021 13:05:08
202102,ES + Home,Laptops & Computers,Расходный материал для электроники Lap&Comp,1,Estimation,4094950321,907186651,17.01.2021 13:05:08
202102,ES + Home,Laptops & Computers,Домашняя Аудио и Видеотехника Lap&Comp,0,Estimation,4242163047,3056668746,17.01.2021 13:05:08
202102,ES + Home,Laptops & Computers,Расходный материал для электроники Lap&Comp,0,Estimation,2710196476,4125973585,17.01.2021 13:05:08
202102,ES + Home,Laptops & Computers,Компьютеры Lap&Comp,1,Estimation,2110828636,1758741260,17.01.2021 13:05:08
202102,ES + Home,Laptops & Computers,Компьютеры Lap&Comp,0,Estimation,1079740702,1991390363,17.01.2021 13:05:08
202102,ES + Home,Laptops & Computers,Компьютерная офисная техника Lap&Comp,0,Estimation,1390965508,3643370845,17.01.2021 13:05:08
202102,ES + Home,Laptops & Computers,Компьютерная периферия Lap&Comp,0,Estimation,655101381,2949413334,17.01.2021 13:05:08
202102,ES + Home,Major Domestic Appliances,Крупная бытовая техника MDA,0,Estimation,1129896999,1188189272,16.02.2021 17:46:45
202102,ES + Home,Major Domestic Appliances,Крупная бытовая техника MDA,0,Estimation,4049517462,507972295,16.01.2021 17:46:45
202102,ES + Home,Miscellaneous accessories,Электронные товары хобби и отдых Access,0,Estimation,2115796827,2527919432,17.02.2021 18:25:32
202102,ES + Home,Miscellaneous accessories,Компьютерная периферия Access,0,Estimation,289123605,2990247467,17.02.2021 18:25:32
202102,ES + Home,Miscellaneous accessories,Домашняя Аудио и Видеотехника Access,0,Estimation,1898775381,3582098221,17.02.2021 18:25:32
202102,ES + Home,Miscellaneous accessories,Бытовая техника Access,1,Estimation,2585162260,1394813891,17.02.2021 18:25:32
202102,ES + Home,Miscellaneous accessories,Бытовая техника Access,0,Estimation,265406109,204885923,17.02.2021 18:25:32
202102,ES + Home,Miscellaneous accessories,Компьютерная периферия Access,1,Estimation,117068105,681671651,17.02.2021 18:25:32
202102,ES + Home,Miscellaneous accessories,Игровые приставки и аксессуары Access,0,Estimation,3583166033,2051986523,17.02.2021 18:25:32
202102,ES + Home,Miscellaneous accessories,Компьютеры Access,0,Estimation,3838340807,3803298748,17.02.2021 18:25:32
202102,ES + Home,Miscellaneous accessories,Автомобильная техника Access,0,Estimation,2271835726,4133296592,17.02.2021 18:25:32
202102,ES + Home,Miscellaneous accessories,Игровые приставки и аксессуары Access,1,Estimation,826626756,4290770745,17.02.2021 18:25:32
202102,ES + Home,Miscellaneous accessories,Компьютеры Access,1,Estimation,887482788,3373723217,17.02.2021 18:25:32
202102,ES + Home,Miscellaneous accessories,Оборудование Access,0,Estimation,1971198325,3893438227,17.02.2021 18:25:32
202102,ES + Home,Miscellaneous accessories,Фото и видео Access,0,Estimation,4143829497,1493507682,17.02.2021 18:25:32
202102,ES + Home,Miscellaneous accessories,Средства связи Access,0,Estimation,3984165054,426990208,17.02.2021 18:25:32
202102,ES + Home,Miscellaneous accessories,Расходный материал для электроники Access,1,Estimation,2915823622,2374380625,17.02.2021 18:25:32
202102,ES + Home,Miscellaneous accessories,Электропитание Access,1,Estimation,3375732554,1323925031,17.02.2021 18:25:32
202102,ES + Home,Miscellaneous accessories,Домашняя Аудио и Видеотехника Access,1,Estimation,2883900597,3009750357,17.02.2021 18:25:32
202102,ES + Home,Miscellaneous accessories,Электропитание Access,0,Estimation,2748953513,3059061944,17.02.2021 18:25:32
202102,ES + Home,Miscellaneous accessories,Средства связи Access,1,Estimation,3634855725,2899350705,17.02.2021 18:25:32
202102,ES + Home,Miscellaneous accessories,Расходный материал для электроники Access,0,Estimation,2794255509,2205912341,17.02.2021 18:25:32
202102,ES + Home,Miscellaneous accessories,Фото и видео Access,1,Estimation,3679800438,1033756435,17.02.2021 18:25:32
202102,ES + Home,Miscellaneous accessories,Бытовая техника Access,0,Estimation,2274990922,2834841332,17.01.2021 18:25:32
202102,ES + Home,Miscellaneous accessories,Домашняя Аудио и Видеотехника Access,0,Estimation,1606007875,4113958849,17.01.2021 18:25:32
202102,ES + Home,Miscellaneous accessories,Компьютерная периферия Access,1,Estimation,1462287113,1672649688,17.01.2021 18:25:32
202102,ES + Home,Miscellaneous accessories,Бытовая техника Access,1,Estimation,1685705278,1458563549,17.01.2021 18:25:32
202102,ES + Home,Miscellaneous accessories,Компьютерная периферия Access,0,Estimation,1077951943,462110200,17.01.2021 18:25:32
202102,ES + Home,Miscellaneous accessories,Электронные товары хобби и отдых Access,0,Estimation,665629508,2459757531,17.01.2021 18:25:32
202102,ES + Home,Miscellaneous accessories,Оборудование Access,0,Estimation,3737027608,2253679325,17.01.2021 18:25:32
202102,ES + Home,Miscellaneous accessories,Расходный материал для электроники Access,0,Estimation,3434622912,909586158,17.01.2021 18:25:32
202102,ES + Home,Miscellaneous accessories,Средства связи Access,1,Estimation,1008396343,4204316437,17.01.2021 18:25:32
202102,ES + Home,Miscellaneous accessories,Электропитание Access,0,Estimation,193843700,551533017,17.01.2021 18:25:32
202102,ES + Home,Miscellaneous accessories,Расходный материал для электроники Access,1,Estimation,728905109,246127597,17.01.2021 18:25:32
202102,ES + Home,Miscellaneous accessories,Фото и видео Access,1,Estimation,3009125428,2168698793,17.01.2021 18:25:32
202102,ES + Home,Miscellaneous accessories,Электропитание Access,1,Estimation,2350040508,355593536,17.01.2021 18:25:32
202102,ES + Home,Miscellaneous accessories,Игровые приставки и аксессуары Access,1,Estimation,1799154796,4107449627,17.01.2021 18:25:32
202102,ES + Home,Miscellaneous accessories,Автомобильная техника Access,0,Estimation,1929756777,325150554,17.01.2021 18:25:32
202102,ES + Home,Miscellaneous accessories,Средства связи Access,0,Estimation,873942692,2121643273,17.01.2021 18:25:32
202102,ES + Home,Miscellaneous accessories,Домашняя Аудио и Видеотехника Access,1,Estimation,1197060717,1992407863,17.01.2021 18:25:32
202102,ES + Home,Miscellaneous accessories,Компьютеры Access,1,Estimation,2250078244,852073986,17.01.2021 18:25:32
202102,ES + Home,Miscellaneous accessories,Компьютеры Access,0,Estimation,3713654119,2162545070,17.01.2021 18:25:32
202102,ES + Home,Miscellaneous accessories,Игровые приставки и аксессуары Access,0,Estimation,3597402993,3950312796,17.01.2021 18:25:32
202102,ES + Home,Miscellaneous accessories,Фото и видео Access,0,Estimation,2884574231,1193196384,17.01.2021 18:25:32
202102,ES + Home,Small Domestic Appliances,Оборудование SDA,0,Estimation,3103200262,2257222830,17.02.2021 18:25:32
202102,ES + Home,Small Domestic Appliances,Мелкая бытовая техника SDA,1,Estimation,3273617548,2978174513,18.02.2021 14:45:14
202102,ES + Home,Small Domestic Appliances,Мелкая бытовая техника SDA,0,Estimation,1556836785,1849065973,18.02.2021 14:45:14
202102,ES + Home,Small Domestic Appliances,Оборудование SDA,0,Estimation,1314765931,1663211000,18.02.2021 14:45:14
202102,ES + Home,Small Domestic Appliances,Мелкая бытовая техника SDA,0,Estimation,2320250614,1020075118,17.02.2021 18:25:32
202102,ES + Home,Small Domestic Appliances,Мелкая бытовая техника SDA,1,Estimation,3313629753,1799429073,18.01.2021 14:45:14
202102,ES + Home,Small Domestic Appliances,Оборудование SDA,0,Estimation,2926808566,4260660304,17.01.2021 18:25:32
202102,ES + Home,Small Domestic Appliances,Оборудование SDA,0,Estimation,569099082,641408239,18.01.2021 14:45:14
202102,ES + Home,Small Domestic Appliances,Мелкая бытовая техника SDA,0,Estimation,1277529765,1627998150,17.01.2021 18:25:32
202102,ES + Home,Small Domestic Appliances,Мелкая бытовая техника SDA,0,Estimation,1329439280,2345917197,18.01.2021 14:45:14
202102,ES + Home,Smartphones & Tablets,Средства связи Smart&Tablets,0,Estimation,2823644045,3462077833,16.02.2021 18:10:45
202102,ES + Home,Smartphones & Tablets,Компьютеры Smart&Tablets,1,Estimation,417518311,1964458768,16.02.2021 18:29:35
202102,ES + Home,Smartphones & Tablets,Средства связи Smart&Tablets,1,Estimation,1192135863,2397018254,16.02.2021 18:29:35
202102,ES + Home,Smartphones & Tablets,Компьютеры Smart&Tablets,0,Estimation,3694918793,1413120029,16.02.2021 18:10:45
202102,ES + Home,Smartphones & Tablets,Компьютеры Smart&Tablets,0,Estimation,16771943,1940270429,16.01.2021 18:10:45
202102,ES + Home,Smartphones & Tablets,Компьютеры Smart&Tablets,1,Estimation,1712668712,4064523700,16.01.2021 18:29:35
202102,ES + Home,Smartphones & Tablets,Средства связи Smart&Tablets,1,Estimation,1212826384,3512708668,16.01.2021 18:29:35
202102,ES + Home,Smartphones & Tablets,Средства связи Smart&Tablets,0,Estimation,1758721748,4054574885,16.01.2021 18:10:45
202102,ES + Home,Sport,Тренажеры и фитнес,1,Estimation,658656869,105579523,17.02.2021 18:25:32
202102,ES + Home,Sport,Всесезонные виды спорта,0,Estimation,2411749535,964498801,17.02.2021 18:25:32
202102,ES + Home,Sport,Летние виды спорта,0,Estimation,1191478955,4180159082,17.02.2021 18:25:32
202102,ES + Home,Sport,Цирковое искусство,0,Estimation,2271297858,2114541118,17.02.2021 18:25:32
202102,ES + Home,Sport,Товары для охоты,0,Estimation,1124175229,1538681373,17.02.2021 18:25:32
202102,ES + Home,Sport,Зимние виды спорта,0,Estimation,1992580224,1309733949,17.02.2021 18:25:32
202102,ES + Home,Sport,Товары для рыбалки,0,Estimation,771072695,1746586243,17.02.2021 18:25:32
202102,ES + Home,Sport,Всесезонные виды спорта,1,Estimation,3316828490,3854115005,17.02.2021 18:25:32
202102,ES + Home,Sport,Единоборства,0,Estimation,612122832,3853083408,17.02.2021 18:25:32
202102,ES + Home,Sport,Страйкбол и пневматика,0,Estimation,136315270,1434513702,17.02.2021 18:25:32
202102,ES + Home,Sport,Спортивные аксессуары,0,Estimation,2302490178,1302144994,17.02.2021 18:25:32
202102,ES + Home,Sport,Туризм,1,Estimation,2960853860,2312156759,17.02.2021 18:25:32
202102,ES + Home,Sport,Туризм,0,Estimation,2833070675,2118017482,17.02.2021 18:25:32
202102,ES + Home,Sport,Тренажеры и фитнес,0,Estimation,2284007348,445825233,17.02.2021 18:25:32
202102,ES + Home,Sport,Спортивные аксессуары,1,Estimation,1105532655,4037434000,17.02.2021 18:25:32
202102,ES + Home,Sport,Товары для охоты,0,Estimation,2193985085,2388457477,17.01.2021 18:25:32
202102,ES + Home,Sport,Всесезонные виды спорта,1,Estimation,3029765147,2343096895,17.01.2021 18:25:32
202102,ES + Home,Sport,Всесезонные виды спорта,0,Estimation,1151567481,98657902,17.01.2021 18:25:32
202102,ES + Home,Sport,Тренажеры и фитнес,1,Estimation,2126235724,37934239,17.01.2021 18:25:32
202102,ES + Home,Sport,Товары для рыбалки,0,Estimation,2526673110,1514094379,17.01.2021 18:25:32
202102,ES + Home,Sport,Зимние виды спорта,0,Estimation,2989868729,2001137554,17.01.2021 18:25:32
202102,ES + Home,Sport,Летние виды спорта,0,Estimation,1826952591,2517070340,17.01.2021 18:25:32
202102,ES + Home,Sport,Туризм,0,Estimation,4232545127,715493763,17.01.2021 18:25:32
202102,ES + Home,Sport,Страйкбол и пневматика,0,Estimation,666351160,2276495296,17.01.2021 18:25:32
202102,ES + Home,Sport,Цирковое искусство,0,Estimation,1487863949,294523491,17.01.2021 18:25:32
202102,ES + Home,Sport,Туризм,1,Estimation,1154475449,24119312,17.01.2021 18:25:32
202102,ES + Home,Sport,Спортивные аксессуары,1,Estimation,4068691233,3076811954,17.01.2021 18:25:32
202102,ES + Home,Sport,Тренажеры и фитнес,0,Estimation,285183458,1779300310,17.01.2021 18:25:32
202102,ES + Home,Sport,Спортивные аксессуары,0,Estimation,3015911336,1498866437,17.01.2021 18:25:32
202102,ES + Home,Sport,Единоборства,0,Estimation,2325579814,3992920954,17.01.2021 18:25:32
202102,ES + Home,TV  audio  Hi-Fi & other electronics,Компьютеры TV&Audio,0,Estimation,2489551946,3905676692,17.02.2021 13:01:51
202102,ES + Home,TV  audio  Hi-Fi & other electronics,Компьютерная периферия TV&Audio,0,Estimation,1672167099,857269799,18.02.2021 14:45:14
202102,ES + Home,TV  audio  Hi-Fi & other electronics,Автомобильная техника TV&Audio,0,Estimation,1618379287,2986178994,17.02.2021 13:01:51
202102,ES + Home,TV  audio  Hi-Fi & other electronics,Компьютеры TV&Audio,0,Estimation,3479427866,830431634,18.02.2021 14:45:14
202102,ES + Home,TV  audio  Hi-Fi & other electronics,Игровые приставки и аксессуары TV&Audio,1,Estimation,934896920,4143858992,18.02.2021 14:45:14
202102,ES + Home,TV  audio  Hi-Fi & other electronics,Movie,0,Estimation,399436816,3435318852,18.02.2021 14:45:14
202102,ES + Home,TV  audio  Hi-Fi & other electronics,Music,0,Estimation,2930563413,3670067708,18.02.2021 14:45:14
202102,ES + Home,TV  audio  Hi-Fi & other electronics,Компьютеры TV&Audio,1,Estimation,710762616,3495507287,18.02.2021 14:45:14
202102,ES + Home,TV  audio  Hi-Fi & other electronics,Фан атрибутика TV&Audio,0,Estimation,101833366,2836804300,18.02.2021 14:45:14
202102,ES + Home,TV  audio  Hi-Fi & other electronics,Music,0,Estimation,1705930381,3375552536,17.02.2021 13:01:51
202102,ES + Home,TV  audio  Hi-Fi & other electronics,Movie,0,Estimation,150680828,3280141984,17.02.2021 13:01:51
202102,ES + Home,TV  audio  Hi-Fi & other electronics,Фото и видео TV&Audio,1,Estimation,1986378597,4074877858,18.02.2021 14:45:14
202102,ES + Home,TV  audio  Hi-Fi & other electronics,Игровые приставки и аксессуары TV&Audio,0,Estimation,1226179449,349800604,18.02.2021 14:45:14
202102,ES + Home,TV  audio  Hi-Fi & other electronics,Компьютерная периферия TV&Audio,0,Estimation,980406604,1871496776,17.02.2021 13:01:51
202102,ES + Home,TV  audio  Hi-Fi & other electronics,Фото и видео TV&Audio,0,Estimation,3520444551,313954837,18.02.2021 14:45:14
202102,ES + Home,TV  audio  Hi-Fi & other electronics,Фото и видео TV&Audio,0,Estimation,1199924150,2108846795,17.02.2021 13:01:51
202102,ES + Home,TV  audio  Hi-Fi & other electronics,Фан атрибутика TV&Audio,0,Estimation,3598646461,2179875701,17.02.2021 13:01:51
202102,ES + Home,TV  audio  Hi-Fi & other electronics,Автомобильная техника TV&Audio,0,Estimation,1305460916,928239396,18.02.2021 14:45:14
202102,ES + Home,TV  audio  Hi-Fi & other electronics,Програмное обеспечение TV&Audio,0,Estimation,2961178777,551530138,18.02.2021 14:45:14
202102,ES + Home,TV  audio  Hi-Fi & other electronics,Домашняя Аудио и Видеотехника TV&Audio,1,Estimation,3346469216,4099338311,18.02.2021 14:45:14
202102,ES + Home,TV  audio  Hi-Fi & other electronics,Средства связи TV&Audio,0,Estimation,1189176676,3042545925,17.02.2021 13:01:51
202102,ES + Home,TV  audio  Hi-Fi & other electronics,Домашняя Аудио и Видеотехника TV&Audio,0,Estimation,2964952587,496556558,17.02.2021 13:01:51
202102,ES + Home,TV  audio  Hi-Fi & other electronics,Карты оплаты  страховки TV&Audio,0,Estimation,2965665945,3129533802,18.02.2021 14:45:14
202102,ES + Home,TV  audio  Hi-Fi & other electronics,Програмное обеспечение TV&Audio,1,Estimation,2913845426,3840555902,18.02.2021 14:45:14
202102,ES + Home,TV  audio  Hi-Fi & other electronics,Домашняя Аудио и Видеотехника TV&Audio,0,Estimation,1031830127,1301262589,18.02.2021 14:45:14
202102,ES + Home,TV  audio  Hi-Fi & other electronics,Портативная аудиотехника TV&Audio,1,Estimation,675415239,3072271066,18.02.2021 14:45:14
202102,ES + Home,TV  audio  Hi-Fi & other electronics,Автомобильная техника TV&Audio,1,Estimation,3030952095,3872038710,18.02.2021 14:45:14
202102,ES + Home,TV  audio  Hi-Fi & other electronics,Средства связи TV&Audio,0,Estimation,2344857957,969769272,18.02.2021 14:45:14
202102,ES + Home,TV  audio  Hi-Fi & other electronics,Электронные товары хобби и отдых TV&Audio,1,Estimation,1664692576,423983303,18.02.2021 14:45:14
202102,ES + Home,TV  audio  Hi-Fi & other electronics,Игровые приставки и аксессуары TV&Audio,0,Estimation,3299878214,2232317770,17.02.2021 13:01:51
202102,ES + Home,TV  audio  Hi-Fi & other electronics,Програмное обеспечение TV&Audio,0,Estimation,4175547715,2621004214,17.02.2021 13:01:51
202102,ES + Home,TV  audio  Hi-Fi & other electronics,Система безопасности TV&Audio,1,Estimation,947301980,1288422061,18.02.2021 14:45:14
202102,ES + Home,TV  audio  Hi-Fi & other electronics,Электронные товары хобби и отдых TV&Audio,0,Estimation,1312166546,362192163,18.02.2021 14:45:14
202102,ES + Home,TV  audio  Hi-Fi & other electronics,Система безопасности TV&Audio,0,Estimation,1655516278,1277011085,17.02.2021 13:01:51
202102,ES + Home,TV  audio  Hi-Fi & other electronics,Портативная аудиотехника TV&Audio,0,Estimation,2254611486,2816390523,17.02.2021 13:01:51
202102,ES + Home,TV  audio  Hi-Fi & other electronics,Система безопасности TV&Audio,0,Estimation,2926834437,3945614752,18.02.2021 14:45:14
202102,ES + Home,TV  audio  Hi-Fi & other electronics,Средства связи TV&Audio,1,Estimation,2219266201,1829810048,18.02.2021 14:45:14
202102,ES + Home,TV  audio  Hi-Fi & other electronics,Электронные товары хобби и отдых TV&Audio,0,Estimation,1457550626,1491961810,17.02.2021 13:01:51
202102,ES + Home,TV  audio  Hi-Fi & other electronics,Портативная аудиотехника TV&Audio,0,Estimation,898617273,682460740,18.02.2021 14:45:14
202102,ES + Home,TV  audio  Hi-Fi & other electronics,Компьютеры TV&Audio,0,Estimation,2625342266,4164258851,18.01.2021 14:45:14
202102,ES + Home,TV  audio  Hi-Fi & other electronics,Програмное обеспечение TV&Audio,1,Estimation,3096453977,3492617490,18.01.2021 14:45:14
202102,ES + Home,TV  audio  Hi-Fi & other electronics,Автомобильная техника TV&Audio,1,Estimation,2306032601,352697496,18.01.2021 14:45:14
202102,ES + Home,TV  audio  Hi-Fi & other electronics,Карты оплаты  страховки TV&Audio,0,Estimation,4185995461,3189459113,18.01.2021 14:45:14
202102,ES + Home,TV  audio  Hi-Fi & other electronics,Фото и видео TV&Audio,0,Estimation,4182078228,490577508,17.01.2021 13:01:51
202102,ES + Home,TV  audio  Hi-Fi & other electronics,Компьютеры TV&Audio,1,Estimation,449316094,251578499,18.01.2021 14:45:14
202102,ES + Home,TV  audio  Hi-Fi & other electronics,Фото и видео TV&Audio,1,Estimation,343429792,3825612083,18.01.2021 14:45:14
202102,ES + Home,TV  audio  Hi-Fi & other electronics,Програмное обеспечение TV&Audio,0,Estimation,3964909852,761972637,18.01.2021 14:45:14
202102,ES + Home,TV  audio  Hi-Fi & other electronics,Movie,0,Estimation,2586531277,2192008063,18.01.2021 14:45:14
202102,ES + Home,TV  audio  Hi-Fi & other electronics,Автомобильная техника TV&Audio,0,Estimation,1526168242,3100196781,17.01.2021 13:01:51
202102,ES + Home,TV  audio  Hi-Fi & other electronics,Програмное обеспечение TV&Audio,0,Estimation,252044173,790079391,17.01.2021 13:01:51
202102,ES + Home,TV  audio  Hi-Fi & other electronics,Music,0,Estimation,4178164408,2724509931,18.01.2021 14:45:14
202102,ES + Home,TV  audio  Hi-Fi & other electronics,Средства связи TV&Audio,1,Estimation,2924340201,450062757,18.01.2021 14:45:14
202102,ES + Home,TV  audio  Hi-Fi & other electronics,Компьютеры TV&Audio,0,Estimation,2155532536,2227055186,17.01.2021 13:01:51
202102,ES + Home,TV  audio  Hi-Fi & other electronics,Автомобильная техника TV&Audio,0,Estimation,2203127937,2686753899,18.01.2021 14:45:14
202102,ES + Home,TV  audio  Hi-Fi & other electronics,Music,0,Estimation,4241655891,3499936284,17.01.2021 13:01:51
202102,ES + Home,TV  audio  Hi-Fi & other electronics,Movie,0,Estimation,567078817,3039638514,17.01.2021 13:01:51
202102,ES + Home,TV  audio  Hi-Fi & other electronics,Средства связи TV&Audio,0,Estimation,3024193034,2588980337,18.01.2021 14:45:14
202102,ES + Home,TV  audio  Hi-Fi & other electronics,Фото и видео TV&Audio,0,Estimation,2733588501,57862922,18.01.2021 14:45:14
202102,ES + Home,TV  audio  Hi-Fi & other electronics,Средства связи TV&Audio,0,Estimation,2441848097,3498987208,17.01.2021 13:01:51
202102,ES + Home,TV  audio  Hi-Fi & other electronics,Фан атрибутика TV&Audio,0,Estimation,717812319,82351570,18.01.2021 14:45:14
202102,ES + Home,TV  audio  Hi-Fi & other electronics,Фан атрибутика TV&Audio,0,Estimation,183780896,922840055,17.01.2021 13:01:51
202102,ES + Home,TV  audio  Hi-Fi & other electronics,Игровые приставки и аксессуары TV&Audio,0,Estimation,2538501115,3108366623,18.01.2021 14:45:14
202102,ES + Home,TV  audio  Hi-Fi & other electronics,Домашняя Аудио и Видеотехника TV&Audio,1,Estimation,3404109590,761295617,18.01.2021 14:45:14
202102,ES + Home,TV  audio  Hi-Fi & other electronics,Домашняя Аудио и Видеотехника TV&Audio,0,Estimation,2002571275,219912207,18.01.2021 14:45:14
202102,ES + Home,TV  audio  Hi-Fi & other electronics,Электронные товары хобби и отдых TV&Audio,0,Estimation,3572237650,167329678,17.01.2021 13:01:51
202102,ES + Home,TV  audio  Hi-Fi & other electronics,Компьютерная периферия TV&Audio,0,Estimation,3519204946,2591877172,18.01.2021 14:45:14
202102,ES + Home,TV  audio  Hi-Fi & other electronics,Компьютерная периферия TV&Audio,0,Estimation,446040646,3603271596,17.01.2021 13:01:51
202102,ES + Home,TV  audio  Hi-Fi & other electronics,Система безопасности TV&Audio,0,Estimation,1154822448,4245911553,17.01.2021 13:01:51
202102,ES + Home,TV  audio  Hi-Fi & other electronics,Портативная аудиотехника TV&Audio,0,Estimation,3019335845,3071580447,17.01.2021 13:01:51
202102,ES + Home,TV  audio  Hi-Fi & other electronics,Игровые приставки и аксессуары TV&Audio,1,Estimation,2639237771,1448584604,18.01.2021 14:45:14
202102,ES + Home,TV  audio  Hi-Fi & other electronics,Электронные товары хобби и отдых TV&Audio,1,Estimation,1515917390,2329744987,18.01.2021 14:45:14
202102,ES + Home,TV  audio  Hi-Fi & other electronics,Портативная аудиотехника TV&Audio,1,Estimation,4235949612,181812235,18.01.2021 14:45:14
202102,ES + Home,TV  audio  Hi-Fi & other electronics,Система безопасности TV&Audio,1,Estimation,1035014527,1665412551,18.01.2021 14:45:14
202102,ES + Home,TV  audio  Hi-Fi & other electronics,Система безопасности TV&Audio,0,Estimation,1887277418,2854397210,18.01.2021 14:45:14
202102,ES + Home,TV  audio  Hi-Fi & other electronics,Игровые приставки и аксессуары TV&Audio,0,Estimation,1931359857,1908449817,17.01.2021 13:01:51
202102,ES + Home,TV  audio  Hi-Fi & other electronics,Портативная аудиотехника TV&Audio,0,Estimation,1613202173,3801868633,18.01.2021 14:45:14
202102,ES + Home,TV  audio  Hi-Fi & other electronics,Домашняя Аудио и Видеотехника TV&Audio,0,Estimation,504344899,2150872895,17.01.2021 13:01:51
202102,ES + Home,TV  audio  Hi-Fi & other electronics,Электронные товары хобби и отдых TV&Audio,0,Estimation,2145219703,3627442281,18.01.2021 14:45:14
202102,FMCG,FMCG nonfood,Кормление детское,0,Estimation,2879815735,73160875,26.02.2021 01:35:54
202102,FMCG,FMCG nonfood,Бритвы и лезвия,0,Estimation,3554257884,2267665550,26.02.2021 01:05:34
202102,FMCG,FMCG nonfood,Бритвы и лезвия,0,Estimation,4224149103,3058498419,26.02.2021 01:35:54
202102,FMCG,FMCG nonfood,Детская продукция,0,Estimation,3311570067,2312601820,26.02.2021 01:35:54
202102,FMCG,FMCG nonfood,Электроника детская,0,Estimation,2463532502,3908484694,26.02.2021 00:57:31
202102,FMCG,FMCG nonfood,Электроника детская,1,Estimation,2067458196,3091397675,26.02.2021 01:04:22
202102,FMCG,FMCG nonfood,Бытовая химия,0,Estimation,245069880,4078574336,26.02.2021 01:05:34
202102,FMCG,FMCG nonfood,Личная гигиена,0,Estimation,1828854347,1267395786,26.02.2021 01:35:54
202102,FMCG,FMCG nonfood,Личная гигиена,0,Estimation,1584756454,3472716225,26.02.2021 01:05:34
202102,FMCG,FMCG nonfood,Уход и гигиена,0,Estimation,1654593017,2695811464,26.02.2021 00:57:31
202102,FMCG,FMCG nonfood,Уход и гигиена,1,Estimation,2761250148,2979823018,26.02.2021 01:04:22
202102,FMCG,FMCG nonfood,Кормление детское,0,Estimation,2660589019,2244639007,26.02.2021 00:57:31
202102,FMCG,FMCG nonfood,Бытовая химия,1,Estimation,1264229110,1721273066,26.02.2021 01:04:22
202102,FMCG,FMCG nonfood,Детская продукция,0,Estimation,673271252,3871526847,26.02.2021 00:57:31
202102,FMCG,FMCG nonfood,Электроника детская,0,Estimation,80160312,2750657233,26.02.2021 01:35:54
202102,FMCG,FMCG nonfood,Электроника детская,0,Estimation,4056817469,4047438704,26.02.2021 01:05:34
202102,FMCG,FMCG nonfood,Бритвы и лезвия,0,Estimation,3158932478,1991944961,26.02.2021 00:57:31
202102,FMCG,FMCG nonfood,Личная гигиена,1,Estimation,2834601695,2605670644,26.02.2021 01:04:22
202102,FMCG,FMCG nonfood,Бытовая химия,0,Estimation,1106958711,2148856624,26.02.2021 00:57:31
202102,FMCG,FMCG nonfood,Детская продукция,1,Estimation,362355318,3839176785,26.02.2021 01:04:22
202102,FMCG,FMCG nonfood,Кормление детское,1,Estimation,1009727700,933299527,26.02.2021 01:04:22
202102,FMCG,FMCG nonfood,Бытовая химия,0,Estimation,3693390722,881663694,26.02.2021 01:35:54
202102,FMCG,FMCG nonfood,Уход и гигиена,0,Estimation,1472350234,3728783221,26.02.2021 01:35:54
202102,FMCG,FMCG nonfood,Личная гигиена,0,Estimation,261036854,2308817007,26.02.2021 00:57:31
202102,FMCG,FMCG nonfood,Уход и гигиена,0,Estimation,3975710280,2622774176,26.02.2021 01:05:34
202102,FMCG,FMCG nonfood,Кормление детское,0,Estimation,3315037654,1650744088,26.02.2021 01:05:34
202102,FMCG,FMCG nonfood,Бритвы и лезвия,1,Estimation,1670948403,3597368659,26.02.2021 01:04:22
202102,FMCG,FMCG nonfood,Детская продукция,0,Estimation,388976808,3691263383,26.02.2021 01:05:34
202102,FMCG,FMCG nonfood,Электроника детская,0,Estimation,2616515851,1846815405,26.01.2021 01:05:34
202102,FMCG,FMCG nonfood,Бытовая химия,0,Estimation,344129931,4203762711,26.01.2021 01:05:34
202102,FMCG,FMCG nonfood,Электроника детская,1,Estimation,2466014515,3937818282,26.01.2021 01:04:22
202102,FMCG,FMCG nonfood,Кормление детское,1,Estimation,3725605919,370126523,26.01.2021 01:04:22
202102,FMCG,FMCG nonfood,Уход и гигиена,0,Estimation,1253685410,2907417116,26.01.2021 00:57:31
202102,FMCG,FMCG nonfood,Уход и гигиена,0,Estimation,147882611,1218744559,26.01.2021 01:35:54
202102,FMCG,FMCG nonfood,Детская продукция,1,Estimation,3305448405,1004560171,26.01.2021 01:04:22
202102,FMCG,FMCG nonfood,Кормление детское,0,Estimation,3101852310,2007169040,26.01.2021 01:35:54
202102,FMCG,FMCG nonfood,Уход и гигиена,0,Estimation,919291931,339006189,26.01.2021 01:05:34
202102,FMCG,FMCG nonfood,Детская продукция,0,Estimation,3052199656,1916692507,26.01.2021 01:35:54
202102,FMCG,FMCG nonfood,Уход и гигиена,1,Estimation,1957601822,3767936733,26.01.2021 01:04:22
202102,FMCG,FMCG nonfood,Электроника детская,0,Estimation,4084995040,300765225,26.01.2021 01:35:54
202102,FMCG,FMCG nonfood,Бытовая химия,0,Estimation,4175651405,3751798695,26.01.2021 00:57:31
202102,FMCG,FMCG nonfood,Электроника детская,0,Estimation,3915452046,1407592238,26.01.2021 00:57:31
202102,FMCG,FMCG nonfood,Бытовая химия,0,Estimation,2802901867,4103737806,26.01.2021 01:35:54
202102,FMCG,FMCG nonfood,Бритвы и лезвия,0,Estimation,3952162789,1379035155,26.01.2021 01:05:34
202102,FMCG,FMCG nonfood,Кормление детское,0,Estimation,2818023982,910468553,26.01.2021 00:57:31
202102,FMCG,FMCG nonfood,Личная гигиена,0,Estimation,517003166,1439135617,26.01.2021 01:35:54
202102,FMCG,FMCG nonfood,Личная гигиена,1,Estimation,2304734500,1978799549,26.01.2021 01:04:22
202102,FMCG,FMCG nonfood,Детская продукция,0,Estimation,3943218107,583276749,26.01.2021 00:57:31
202102,FMCG,FMCG nonfood,Личная гигиена,0,Estimation,2426554095,2337082667,26.01.2021 00:57:31
202102,FMCG,FMCG nonfood,Бритвы и лезвия,1,Estimation,2734958103,3756235746,26.01.2021 01:04:22
202102,FMCG,FMCG nonfood,Детская продукция,0,Estimation,1472186043,1544317371,26.01.2021 01:05:34
202102,FMCG,FMCG nonfood,Личная гигиена,0,Estimation,3970323676,1450571241,26.01.2021 01:05:34
202102,FMCG,FMCG nonfood,Кормление детское,0,Estimation,2020192632,1089113212,26.01.2021 01:05:34
202102,FMCG,FMCG nonfood,Бритвы и лезвия,0,Estimation,1518114967,3183834376,26.01.2021 01:35:54
202102,FMCG,FMCG nonfood,Бытовая химия,1,Estimation,1648759808,2711937610,26.01.2021 01:04:22
202102,FMCG,FMCG nonfood,Бритвы и лезвия,0,Estimation,1021215341,1820025612,26.01.2021 00:57:31
202102,FMCG,Food,Напитки,0,Estimation,1687720579,2030282676,26.02.2021 00:31:30
202102,FMCG,Food,Детское питание,0,Estimation,2702463531,495759275,26.02.2021 00:31:30
202102,FMCG,Food,Бакалея,0,Estimation,3897960099,2395356918,26.02.2021 01:35:54
202102,FMCG,Food,Молочная продукция стерилизованная,0,Estimation,353840863,1964615229,26.02.2021 01:35:54
202102,FMCG,Food,Бакалея,0,Estimation,1309326552,2990391240,26.02.2021 00:31:30
202102,FMCG,Food,Детское питание,0,Estimation,3924019277,3357377704,26.02.2021 01:35:54
202102,FMCG,Food,Напитки,0,Estimation,80276609,2808006642,26.02.2021 01:35:54
202102,FMCG,Food,Молекулярная кухня,0,Estimation,2196441325,115182535,26.02.2021 00:23:17
202102,FMCG,Food,Молочная продукция стерилизованная,0,Estimation,1629493138,881698707,26.02.2021 00:31:30
202102,FMCG,Food,Бакалея,0,Estimation,2122807500,3830955347,26.02.2021 00:23:17
202102,FMCG,Food,Молочная продукция стерилизованная,1,Estimation,3054053540,907123338,26.02.2021 00:30:07
202102,FMCG,Food,Молочная продукция стерилизованная,0,Estimation,2365031934,83844476,26.02.2021 00:23:17
202102,FMCG,Food,Напитки,1,Estimation,314874833,3173960703,26.02.2021 00:30:07
202102,FMCG,Food,Кондитерские изделия,0,Estimation,3277572640,1618515967,26.02.2021 00:31:30
202102,FMCG,Food,Детское питание,0,Estimation,749127554,1339594720,26.02.2021 00:23:17
202102,FMCG,Food,Напитки,0,Estimation,3867378668,3392662301,26.02.2021 00:23:17
202102,FMCG,Food,Кондитерские изделия,1,Estimation,1019471999,2686700435,26.02.2021 00:30:07
202102,FMCG,Food,Бакалея,1,Estimation,1423810563,4037808001,26.02.2021 00:30:07
202102,FMCG,Food,Кондитерские изделия,0,Estimation,1049765407,2478731022,26.02.2021 00:23:17
202102,FMCG,Food,Детское питание,1,Estimation,1260000182,4097737911,26.02.2021 00:30:07
202102,FMCG,Food,Молекулярная кухня,0,Estimation,78470205,3583764713,26.02.2021 01:35:54
202102,FMCG,Food,Кондитерские изделия,0,Estimation,870334430,2611703315,26.02.2021 01:35:54
202102,FMCG,Food,Молекулярная кухня,0,Estimation,1131548571,3900990349,26.01.2021 00:23:17
202102,FMCG,Food,Молекулярная кухня,0,Estimation,4149850148,115645442,26.01.2021 01:35:54
202102,FMCG,Food,Кондитерские изделия,0,Estimation,2646090654,2879530571,26.01.2021 01:35:54
202102,FMCG,Food,Кондитерские изделия,0,Estimation,722644101,1316292316,26.01.2021 00:23:17
202102,FMCG,Food,Бакалея,1,Estimation,3711392603,444995695,26.01.2021 00:30:07
202102,FMCG,Food,Бакалея,0,Estimation,1413931580,3529784562,26.01.2021 00:31:30
202102,FMCG,Food,Детское питание,1,Estimation,4077374010,2754329644,26.01.2021 00:30:07
202102,FMCG,Food,Кондитерские изделия,0,Estimation,2362469608,2471433530,26.01.2021 00:31:30
202102,FMCG,Food,Молочная продукция стерилизованная,0,Estimation,3642308852,1358158673,26.01.2021 00:31:30
202102,FMCG,Food,Напитки,0,Estimation,1942515179,327764851,26.01.2021 00:23:17
202102,FMCG,Food,Детское питание,0,Estimation,50398156,4090651405,26.01.2021 00:23:17
202102,FMCG,Food,Напитки,0,Estimation,436977512,3174837268,26.01.2021 01:35:54
202102,FMCG,Food,Детское питание,0,Estimation,236471896,3600675147,26.01.2021 01:35:54
202102,FMCG,Food,Напитки,0,Estimation,1422558443,191438279,26.01.2021 00:31:30
202102,FMCG,Food,Молочная продукция стерилизованная,0,Estimation,654505089,2700008862,26.01.2021 00:23:17
202102,FMCG,Food,Детское питание,0,Estimation,2035759393,2545587674,26.01.2021 00:31:30
202102,FMCG,Food,Напитки,1,Estimation,4274710377,3669245693,26.01.2021 00:30:07
202102,FMCG,Food,Молочная продукция стерилизованная,0,Estimation,4255418019,1310459169,26.01.2021 01:35:54
202102,FMCG,Food,Бакалея,0,Estimation,1457676836,2734417635,26.01.2021 00:23:17
202102,FMCG,Food,Кондитерские изделия,1,Estimation,1579074323,57944821,26.01.2021 00:30:07
202102,FMCG,Food,Молочная продукция стерилизованная,1,Estimation,3510120040,67643202,26.01.2021 00:30:07
202102,FMCG,Food,Бакалея,0,Estimation,3504926211,1122619568,26.01.2021 01:35:54
202102,FMCG,FreshFood,Мясо  птица,1,Estimation,2866063904,2716508675,26.02.2021 00:30:36
202102,FMCG,FreshFood,Напитки Fresh,1,Estimation,1397637791,3014663664,26.02.2021 00:30:36
202102,FMCG,FreshFood,Рыба  морепродукты,1,Estimation,3669922275,554739140,26.02.2021 00:30:36
202102,FMCG,FreshFood,Мясная гастрономия,1,Estimation,1133688124,3441995214,26.02.2021 00:30:36
202102,FMCG,FreshFood,Замороженные продукты,1,Estimation,3187621234,1302846304,26.02.2021 00:30:36
202102,FMCG,FreshFood,Хлебобулочные изделия Fresh,1,Estimation,1211446425,3321356376,26.02.2021 00:30:36
202102,FMCG,FreshFood,Растительные аналоги Fresh,1,Estimation,2863451356,3442186772,26.02.2021 00:30:36
202102,FMCG,FreshFood,Кулинария и полуфабрикаты Fresh,1,Estimation,2175390231,2535241446,26.02.2021 00:30:36
202102,FMCG,FreshFood,Молочная продукция и яйца Fresh,1,Estimation,1801645548,2030303661,26.02.2021 00:30:36
202102,FMCG,FreshFood,Овощи  фрукты  зелень свежие,1,Estimation,1153888353,1426926250,26.02.2021 00:30:36
202102,FMCG,FreshFood,Замороженные продукты,1,Estimation,4068340428,439205972,26.01.2021 00:30:36
202102,FMCG,FreshFood,Рыба  морепродукты,1,Estimation,1427517561,2837197437,26.01.2021 00:30:36
202102,FMCG,FreshFood,Мясная гастрономия,1,Estimation,974606782,3078800415,26.01.2021 00:30:36
202102,FMCG,FreshFood,Кулинария и полуфабрикаты Fresh,1,Estimation,836807815,1355691877,26.01.2021 00:30:36
202102,FMCG,FreshFood,Овощи  фрукты  зелень свежие,1,Estimation,4293201339,961174532,26.01.2021 00:30:36
202102,FMCG,FreshFood,Молочная продукция и яйца Fresh,1,Estimation,2294086344,1504540026,26.01.2021 00:30:36
202102,FMCG,FreshFood,Растительные аналоги Fresh,1,Estimation,1113408330,1391457806,26.01.2021 00:30:36
202102,FMCG,FreshFood,Мясо  птица,1,Estimation,1902799905,2565682079,26.01.2021 00:30:36
202102,FMCG,FreshFood,Напитки Fresh,1,Estimation,1386224858,4122540362,26.01.2021 00:30:36
202102,FMCG,FreshFood,Хлебобулочные изделия Fresh,1,Estimation,3088093634,144918644,26.01.2021 00:30:36
202102,FMCG,Moms&Kids,Творчество  хобби и игры,1,Estimation,1210088716,4037971138,25.02.2021 13:53:11
202102,FMCG,Moms&Kids,Товары для школы  канцелярия  оборудование,1,Estimation,727753464,2410407178,25.02.2021 13:53:11
202102,FMCG,Moms&Kids,КГТ и спорт для детей,0,Estimation,3837650730,956083341,26.02.2021 01:35:54
202102,FMCG,Moms&Kids,Творчество  хобби и игры,0,Estimation,2144107013,242693069,26.02.2021 01:35:54
202102,FMCG,Moms&Kids,Игрушки,0,Estimation,639774778,3870495035,25.02.2021 14:13:39
202102,FMCG,Moms&Kids,Творчество  хобби и игры,0,Estimation,1311397521,2754206312,25.02.2021 13:53:11
202102,FMCG,Moms&Kids,Игрушки,0,Estimation,2615909789,85038155,26.02.2021 01:35:54
202102,FMCG,Moms&Kids,КГТ и спорт для детей,0,Estimation,2729717316,823187488,25.02.2021 14:13:39
202102,FMCG,Moms&Kids,Товары для школы  канцелярия  оборудование,0,Estimation,1033789153,2739218136,25.02.2021 13:53:11
202102,FMCG,Moms&Kids,Игрушки,1,Estimation,4105888131,4257447730,25.02.2021 13:53:11
202102,FMCG,Moms&Kids,КГТ и спорт для детей,0,Estimation,1792094105,1912891709,25.02.2021 13:53:11
202102,FMCG,Moms&Kids,Товары для школы  канцелярия  оборудование,0,Estimation,4290691085,484860685,25.02.2021 14:13:39
202102,FMCG,Moms&Kids,Творчество  хобби и игры,0,Estimation,1754384619,3309106200,25.02.2021 14:13:39
202102,FMCG,Moms&Kids,Товары для школы  канцелярия  оборудование,0,Estimation,2842475696,4026824476,26.02.2021 01:35:54
202102,FMCG,Moms&Kids,КГТ и спорт для детей,1,Estimation,550901851,2689545584,25.02.2021 13:53:11
202102,FMCG,Moms&Kids,Игрушки,0,Estimation,462105059,1234508280,25.02.2021 13:53:11
202102,FMCG,Moms&Kids,Товары для школы  канцелярия  оборудование,0,Estimation,1522201258,3049572438,26.01.2021 01:35:54
202102,FMCG,Moms&Kids,Товары для школы  канцелярия  оборудование,1,Estimation,3480106299,46482870,25.01.2021 13:53:11
202102,FMCG,Moms&Kids,Товары для школы  канцелярия  оборудование,0,Estimation,909430191,1514184563,25.01.2021 13:53:11
202102,FMCG,Moms&Kids,Творчество  хобби и игры,0,Estimation,2412646729,150369801,26.01.2021 01:35:54
202102,FMCG,Moms&Kids,Товары для школы  канцелярия  оборудование,0,Estimation,948323981,348959614,25.01.2021 14:13:39
202102,FMCG,Moms&Kids,КГТ и спорт для детей,0,Estimation,1105208699,1655490100,25.01.2021 13:53:11
202102,FMCG,Moms&Kids,Творчество  хобби и игры,1,Estimation,1231893726,2246214855,25.01.2021 13:53:11
202102,FMCG,Moms&Kids,Творчество  хобби и игры,0,Estimation,4214574626,1597505188,25.01.2021 13:53:11
202102,FMCG,Moms&Kids,Игрушки,0,Estimation,1574739093,3977037066,26.01.2021 01:35:54
202102,FMCG,Moms&Kids,КГТ и спорт для детей,0,Estimation,1539729462,3277638570,25.01.2021 14:13:39
202102,FMCG,Moms&Kids,Творчество  хобби и игры,0,Estimation,34428040,1080396506,25.01.2021 14:13:39
202102,FMCG,Moms&Kids,Игрушки,1,Estimation,2843385484,4115741526,25.01.2021 13:53:11
202102,FMCG,Moms&Kids,Игрушки,0,Estimation,706681113,1624651045,25.01.2021 13:53:11
202102,FMCG,Moms&Kids,Игрушки,0,Estimation,2487500779,2354067920,25.01.2021 14:13:39
202102,FMCG,Moms&Kids,КГТ и спорт для детей,1,Estimation,511812631,1300844376,25.01.2021 13:53:11
202102,FMCG,Moms&Kids,КГТ и спорт для детей,0,Estimation,3333234382,1764218933,26.01.2021 01:35:54
202102,FMCG,Zoo,Гигиена и уход животных,0,Estimation,830427808,3531820836,26.02.2021 01:02:02
202102,FMCG,Zoo,Фермерское хозяйство - Товары для пчеловодства,0,Estimation,3787788906,4218538771,26.02.2021 00:56:14
202102,FMCG,Zoo,Товары для прогулки и дрессировки животных,0,Estimation,1741535423,1164571243,26.02.2021 00:56:14
202102,FMCG,Zoo,Зоокорм  витамины,1,Estimation,1997884031,703418796,26.02.2021 01:00:04
202102,FMCG,Zoo,Спальное место животного,1,Estimation,2624734660,1826122932,26.02.2021 01:00:04
202102,FMCG,Zoo,Зоокорм  витамины,0,Estimation,3367864239,2257082763,26.02.2021 01:02:02
202102,FMCG,Zoo,Товары для прогулки и дрессировки животных,1,Estimation,2148494237,1161552331,26.02.2021 01:00:04
202102,FMCG,Zoo,Гигиена и уход животных,0,Estimation,3129861044,3233126408,26.02.2021 01:35:54
202102,FMCG,Zoo,Фермерское хозяйство - Содержание  уход птицы и сельскохозяйственных животных,0,Estimation,543907160,2299712767,26.02.2021 00:56:14
202102,FMCG,Zoo,Зоокорм  витамины,0,Estimation,480799356,1615676666,26.02.2021 00:56:14
202102,FMCG,Zoo,Спальное место животного,0,Estimation,1840846274,229936051,26.02.2021 00:56:14
202102,FMCG,Zoo,Фермерское хозяйство - Корма и кормовые добавки для птицеводства и животноводства,0,Estimation,3326673777,1157258132,26.02.2021 00:56:14
202102,FMCG,Zoo,Гигиена и уход животных,1,Estimation,2041789912,23247896,26.02.2021 01:00:04
202102,FMCG,Zoo,Спальное место животного,0,Estimation,3493240398,95325754,26.02.2021 01:35:54
202102,FMCG,Zoo,Зоокорм  витамины,0,Estimation,3216819847,1721206964,26.02.2021 01:35:54
202102,FMCG,Zoo,Фермерское хозяйство - Корма и кормовые добавки для птицеводства и животноводства,0,Estimation,1123835027,1955193496,26.02.2021 01:35:54
202102,FMCG,Zoo,Товары для прогулки и дрессировки животных,0,Estimation,147129268,3392908702,26.02.2021 01:02:02
202102,FMCG,Zoo,Фермерское хозяйство - Оборудование для птицеводства и животноводства,0,Estimation,35090917,3874024050,26.02.2021 00:56:14
202102,FMCG,Zoo,Гигиена и уход животных,0,Estimation,3883234335,4182896224,26.02.2021 00:56:14
202102,FMCG,Zoo,Фермерское хозяйство - Оборудование для птицеводства и животноводства,0,Estimation,240379234,3101161979,26.02.2021 01:35:54
202102,FMCG,Zoo,Фермерское хозяйство - Содержание  уход птицы и сельскохозяйственных животных,0,Estimation,635147818,1115050282,26.02.2021 01:35:54
202102,FMCG,Zoo,Спальное место животного,0,Estimation,954685705,2872460593,26.02.2021 01:02:02
202102,FMCG,Zoo,Товары для прогулки и дрессировки животных,0,Estimation,2120448169,2357040892,26.02.2021 01:35:54
202102,FMCG,Zoo,Фермерское хозяйство - Товары для пчеловодства,0,Estimation,366904764,3344861129,26.02.2021 01:35:54
202102,FMCG,Zoo,Фермерское хозяйство - Содержание  уход птицы и сельскохозяйственных животных,0,Estimation,1711511492,3951534442,26.01.2021 01:35:54
202102,FMCG,Zoo,Зоокорм  витамины,0,Estimation,3328464595,467138527,26.01.2021 01:02:02
202102,FMCG,Zoo,Фермерское хозяйство - Товары для пчеловодства,0,Estimation,1358683208,1302650954,26.01.2021 01:35:54
202102,FMCG,Zoo,Товары для прогулки и дрессировки животных,0,Estimation,1416603095,3345087221,26.01.2021 01:35:54
202102,FMCG,Zoo,Гигиена и уход животных,0,Estimation,1703150657,3897307274,26.01.2021 01:02:02
202102,FMCG,Zoo,Зоокорм  витамины,0,Estimation,4163319065,864349292,26.01.2021 01:35:54
202102,FMCG,Zoo,Гигиена и уход животных,1,Estimation,1900205477,3373408789,26.01.2021 01:00:04
202102,FMCG,Zoo,Гигиена и уход животных,0,Estimation,2578667304,3229662251,26.01.2021 00:56:14
202102,FMCG,Zoo,Фермерское хозяйство - Корма и кормовые добавки для птицеводства и животноводства,0,Estimation,3828404661,2192643493,26.01.2021 01:35:54
202102,FMCG,Zoo,Спальное место животного,0,Estimation,4159337800,1472130121,26.01.2021 01:35:54
202102,FMCG,Zoo,Спальное место животного,1,Estimation,3359850282,3782880391,26.01.2021 01:00:04
202102,FMCG,Zoo,Зоокорм  витамины,0,Estimation,602756881,4150036057,26.01.2021 00:56:14
202102,FMCG,Zoo,Товары для прогулки и дрессировки животных,1,Estimation,2562112711,1481321464,26.01.2021 01:00:04
202102,FMCG,Zoo,Фермерское хозяйство - Содержание  уход птицы и сельскохозяйственных животных,0,Estimation,990469851,4084262299,26.01.2021 00:56:14
202102,FMCG,Zoo,Спальное место животного,0,Estimation,3149078229,3586235488,26.01.2021 00:56:14
202102,FMCG,Zoo,Товары для прогулки и дрессировки животных,0,Estimation,3474997665,643162251,26.01.2021 01:02:02
202102,FMCG,Zoo,Фермерское хозяйство - Корма и кормовые добавки для птицеводства и животноводства,0,Estimation,486741660,2457079264,26.01.2021 00:56:14
202102,FMCG,Zoo,Гигиена и уход животных,0,Estimation,2430932836,2390287946,26.01.2021 01:35:54
202102,FMCG,Zoo,Фермерское хозяйство - Оборудование для птицеводства и животноводства,0,Estimation,2469875568,3151629392,26.01.2021 00:56:14
202102,FMCG,Zoo,Зоокорм  витамины,1,Estimation,3590883732,237252857,26.01.2021 01:00:04
202102,FMCG,Zoo,Фермерское хозяйство - Товары для пчеловодства,0,Estimation,4242756223,2151410460,26.01.2021 00:56:14
202102,FMCG,Zoo,Товары для прогулки и дрессировки животных,0,Estimation,1389929212,3792127428,26.01.2021 00:56:14
202102,FMCG,Zoo,Спальное место животного,0,Estimation,1533458533,95177878,26.01.2021 01:02:02
202102,FMCG,Zoo,Фермерское хозяйство - Оборудование для птицеводства и животноводства,0,Estimation,916168801,3086449964,26.01.2021 01:35:54
202103,Beauty,Apparel,Взрослая одежда,1,Estimation,1053109449,4180246110,24.02.2021 16:27:18
202103,Beauty,Apparel,Детская обувь,0,Estimation,1713369377,2456056022,25.02.2021 10:58:00
202103,Beauty,Apparel,Взрослая одежда,0,Estimation,3593622682,251474135,25.02.2021 10:39:58
202103,Beauty,Apparel,Аксессуары для взрослых и детей,1,Estimation,3747827577,195486832,24.02.2021 16:27:18
202103,Beauty,Apparel,Аксессуары для взрослых и детей,0,Estimation,2281027990,2764880808,25.02.2021 10:39:58
202103,Beauty,Apparel,Взрослая обувь,0,Estimation,3879506845,3127277849,25.02.2021 10:39:58
202103,Beauty,Apparel,Взрослая обувь,0,Estimation,2940567530,2435397750,25.02.2021 10:58:00
202103,Beauty,Apparel,Аксессуары для взрослых и детей,0,Estimation,1280534285,656675886,25.02.2021 10:58:00
202103,Beauty,Apparel,Детская обувь,0,Estimation,1279552446,1159469258,25.02.2021 10:39:58
202103,Beauty,Apparel,Детская одежда,0,Estimation,2217622569,2071320169,25.02.2021 10:58:00
202103,Beauty,Apparel,Детская одежда,0,Estimation,88613112,2499445311,25.02.2021 10:39:58
202103,Beauty,Apparel,Взрослая одежда,0,Estimation,2559582981,2940385413,25.02.2021 10:58:00
202103,Beauty,Apparel,Бижутерия и часы бижутерные,0,Estimation,3915709580,1067377537,25.02.2021 10:39:58
202103,Beauty,Apparel,Бижутерия и часы бижутерные,0,Estimation,1286714398,1218103212,25.02.2021 10:58:00
202103,Beauty,Apparel,Детская одежда,0,Estimation,3704311106,3904542641,25.01.2021 10:39:58
202103,Beauty,Apparel,Детская обувь,0,Estimation,1495356125,226000648,25.01.2021 10:58:00
202103,Beauty,Apparel,Аксессуары для взрослых и детей,0,Estimation,2798569325,3823146667,25.01.2021 10:58:00
202103,Beauty,Apparel,Взрослая обувь,0,Estimation,1639703487,1327935894,25.01.2021 10:39:58
202103,Beauty,Apparel,Детская обувь,0,Estimation,3346614850,3783915298,25.01.2021 10:39:58
202103,Beauty,Apparel,Бижутерия и часы бижутерные,0,Estimation,3909201869,1675173938,25.01.2021 10:39:58
202103,Beauty,Apparel,Аксессуары для взрослых и детей,1,Estimation,3538961737,1988820672,24.01.2021 16:27:18
202103,Beauty,Apparel,Бижутерия и часы бижутерные,0,Estimation,2967444252,2980970723,25.01.2021 10:58:00
202103,Beauty,Apparel,Взрослая одежда,0,Estimation,94057002,1074024869,25.01.2021 10:39:58
202103,Beauty,Apparel,Аксессуары для взрослых и детей,0,Estimation,3533507414,3137330826,25.01.2021 10:39:58
202103,Beauty,Apparel,Взрослая обувь,0,Estimation,1769372614,215370373,25.01.2021 10:58:00
202103,Beauty,Apparel,Взрослая одежда,1,Estimation,2283000049,34124276,24.01.2021 16:27:18
202103,Beauty,Apparel,Взрослая одежда,0,Estimation,1475967438,1892891892,25.01.2021 10:58:00
202103,Beauty,Apparel,Детская одежда,0,Estimation,1971032175,1457357323,25.01.2021 10:58:00
202103,Beauty,Health&Beauty,Декоративная косметика,0,Estimation,727474713,3211337794,25.02.2021 20:57:25
202103,Beauty,Health&Beauty,Косметическая техника,0,Estimation,4126814117,113304664,25.02.2021 20:57:25
202103,Beauty,Health&Beauty,Уход и гигиена,1,Estimation,2036264795,1473645946,24.02.2021 17:44:13
202103,Beauty,Health&Beauty,Уход и гигиена,0,Estimation,1549526041,1341465341,24.02.2021 11:02:28
202103,Beauty,Health&Beauty,Косметика для ухода за волосами,0,Estimation,401642127,2336025207,24.02.2021 11:02:28
202103,Beauty,Health&Beauty,Косметика для ухода за волосами,1,Estimation,1254640422,3213500218,24.02.2021 17:44:13
202103,Beauty,Health&Beauty,Косметика для ухода за кожей,0,Estimation,1241873577,1305250,25.02.2021 20:57:25
202103,Beauty,Health&Beauty,Парфюмерия  ароматерапия,1,Estimation,537862597,3942370222,24.02.2021 17:44:13
202103,Beauty,Health&Beauty,Косметические средства для детей и беременных,0,Estimation,284803399,3999655273,25.02.2021 20:57:25
202103,Beauty,Health&Beauty,Косметика для ухода за кожей,1,Estimation,1622820737,1509464628,24.02.2021 17:44:13
202103,Beauty,Health&Beauty,Косметические аксессуары,0,Estimation,4219647714,560768444,25.02.2021 20:57:25
202103,Beauty,Health&Beauty,Косметические средства для детей и беременных,1,Estimation,1838188334,120104946,24.02.2021 17:44:13
202103,Beauty,Health&Beauty,Косметика для ухода за кожей,0,Estimation,4089710067,643724812,24.02.2021 11:02:28
202103,Beauty,Health&Beauty,Декоративная косметика,0,Estimation,1618901762,802409427,24.02.2021 11:02:28
202103,Beauty,Health&Beauty,Косметические средства для детей и беременных,0,Estimation,4233309300,2265423852,24.02.2021 11:02:28
202103,Beauty,Health&Beauty,Уход и гигиена,0,Estimation,2324092169,2579815796,25.02.2021 20:57:25
202103,Beauty,Health&Beauty,Косметическая техника,0,Estimation,42862371,1259030714,24.02.2021 11:02:28
202103,Beauty,Health&Beauty,Косметика для ухода за волосами,0,Estimation,1678546381,2019363170,25.02.2021 20:57:25
202103,Beauty,Health&Beauty,Косметическая техника,1,Estimation,3832214271,1155175952,24.02.2021 17:44:13
202103,Beauty,Health&Beauty,Декоративная косметика,1,Estimation,67676106,2418663611,24.02.2021 17:44:13
202103,Beauty,Health&Beauty,Косметические аксессуары,0,Estimation,1286881761,4127331925,24.02.2021 11:02:28
202103,Beauty,Health&Beauty,Парфюмерия  ароматерапия,0,Estimation,1211406814,2167115163,25.02.2021 20:57:25
202103,Beauty,Health&Beauty,Парфюмерия  ароматерапия,0,Estimation,442865421,1320928796,24.02.2021 11:02:28
202103,Beauty,Health&Beauty,Косметические аксессуары,1,Estimation,4089764520,3664154217,24.02.2021 17:44:13
202103,Beauty,Health&Beauty,Косметические средства для детей и беременных,0,Estimation,3843527594,520687614,24.01.2021 11:02:28
202103,Beauty,Health&Beauty,Косметические аксессуары,0,Estimation,3055519709,3315685982,24.01.2021 11:02:28
202103,Beauty,Health&Beauty,Косметика для ухода за кожей,0,Estimation,3346455888,142378683,25.01.2021 20:57:25
202103,Beauty,Health&Beauty,Косметические аксессуары,1,Estimation,371658137,470563951,24.01.2021 17:44:13
202103,Beauty,Health&Beauty,Косметическая техника,0,Estimation,3718422896,2081694016,24.01.2021 11:02:28
202103,Beauty,Health&Beauty,Парфюмерия  ароматерапия,1,Estimation,4226870587,2783757706,24.01.2021 17:44:13
202103,Beauty,Health&Beauty,Косметические средства для детей и беременных,0,Estimation,1854358821,828902277,25.01.2021 20:57:25
202103,Beauty,Health&Beauty,Уход и гигиена,0,Estimation,1324481715,674095464,25.01.2021 20:57:25
202103,Beauty,Health&Beauty,Декоративная косметика,1,Estimation,2455515448,3226847283,24.01.2021 17:44:13
202103,Beauty,Health&Beauty,Декоративная косметика,0,Estimation,2977489565,716223701,24.01.2021 11:02:28
202103,Beauty,Health&Beauty,Косметическая техника,1,Estimation,3193983499,1645934078,24.01.2021 17:44:13
202103,Beauty,Health&Beauty,Косметика для ухода за волосами,0,Estimation,594671435,2741713558,25.01.2021 20:57:25
202103,Beauty,Health&Beauty,Косметика для ухода за волосами,1,Estimation,1164424335,1366107396,24.01.2021 17:44:13
202103,Beauty,Health&Beauty,Парфюмерия  ароматерапия,0,Estimation,762464300,2643282744,25.01.2021 20:57:25
202103,Beauty,Health&Beauty,Косметика для ухода за кожей,0,Estimation,1151042727,1263713837,24.01.2021 11:02:28
202103,Beauty,Health&Beauty,Уход и гигиена,1,Estimation,711374224,3539482429,24.01.2021 17:44:13
202103,Beauty,Health&Beauty,Косметика для ухода за кожей,1,Estimation,963243940,3578399058,24.01.2021 17:44:13
202103,Beauty,Health&Beauty,Косметические аксессуары,0,Estimation,4007333436,4235048967,25.01.2021 20:57:25
202103,Beauty,Health&Beauty,Парфюмерия  ароматерапия,0,Estimation,1602156172,3946258276,24.01.2021 11:02:28
202103,Beauty,Health&Beauty,Косметика для ухода за волосами,0,Estimation,801100143,3117997622,24.01.2021 11:02:28
202103,Beauty,Health&Beauty,Декоративная косметика,0,Estimation,3898537820,2309864410,25.01.2021 20:57:25
202103,Beauty,Health&Beauty,Уход и гигиена,0,Estimation,963960073,3396474463,24.01.2021 11:02:28
202103,Beauty,Health&Beauty,Косметические средства для детей и беременных,1,Estimation,955914550,2444574230,24.01.2021 17:44:13
202103,Beauty,Health&Beauty,Косметическая техника,0,Estimation,1191058383,3588607270,25.01.2021 20:57:25
202103,Beauty,Jewelry,Ювелирные изделия,0,Estimation,2368766677,3129662365,25.02.2021 15:11:04
202103,Beauty,Jewelry,Ювелирные изделия,0,Estimation,3409506734,1106793849,25.01.2021 15:11:04
202103,Beauty,Pharmacy,Ортопедия и компрессионный трикотаж,0,Estimation,3445074294,2575401195,20.02.2021 18:23:40
202103,Beauty,Pharmacy,Тату,0,Estimation,2922068462,1762246434,20.02.2021 18:23:40
202103,Beauty,Pharmacy,Антибактериальные  дезинфицирующие средства,1,Estimation,3609862725,1196927635,24.02.2021 23:38:51
202103,Beauty,Pharmacy,Оптика,1,Estimation,3791744647,2685810625,24.02.2021 23:38:51
202103,Beauty,Pharmacy,Лекарственные средства для животных,0,Estimation,2754799240,913891831,20.02.2021 18:23:40
202103,Beauty,Pharmacy,Уход и гигиена,0,Estimation,2487087164,2137244628,20.02.2021 18:23:40
202103,Beauty,Pharmacy,Медицинские изделия,0,Estimation,306019984,1253276248,20.02.2021 18:23:40
202103,Beauty,Pharmacy,Парафармацевтика,1,Estimation,3277290655,2047579726,24.02.2021 23:38:51
202103,Beauty,Pharmacy,Уход и гигиена,1,Estimation,2930080869,1490759647,24.02.2021 23:38:51
202103,Beauty,Pharmacy,Ортопедия и компрессионный трикотаж,1,Estimation,1299372817,99693580,24.02.2021 23:38:51
202103,Beauty,Pharmacy,Оптика,0,Estimation,1263936876,128643,20.02.2021 18:23:40
202103,Beauty,Pharmacy,Антибактериальные  дезинфицирующие средства,0,Estimation,2221483422,3746777244,20.02.2021 18:23:40
202103,Beauty,Pharmacy,Парафармацевтика,0,Estimation,3687255891,1175982160,20.02.2021 18:23:40
202103,Beauty,Pharmacy,Медицинские изделия,1,Estimation,3170113802,2153225510,24.02.2021 23:38:51
202103,Beauty,Pharmacy,Электронные сигареты  парители  кальяны,0,Estimation,1984473679,4002931260,20.02.2021 18:23:40
202103,Beauty,Pharmacy,Товары для взрослых,0,Estimation,2911124254,3314143075,20.02.2021 18:23:40
202103,Beauty,Pharmacy,Медицинская техника,0,Estimation,3303016747,2671316843,20.02.2021 18:23:40
202103,Beauty,Pharmacy,Лекарственные средства,1,Estimation,3150906468,3811886265,24.02.2021 23:38:51
202103,Beauty,Pharmacy,Профессиональный уход за полостью рта,0,Estimation,2437712836,2634435590,20.02.2021 18:23:40
202103,Beauty,Pharmacy,Медицинская техника,1,Estimation,2866148642,1398390707,24.02.2021 23:38:51
202103,Beauty,Pharmacy,Профессиональный уход за полостью рта,1,Estimation,1645274682,2275111217,24.02.2021 23:38:51
202103,Beauty,Pharmacy,Спортивное питание,0,Estimation,3142165649,2525419128,20.02.2021 18:23:40
202103,Beauty,Pharmacy,Средства реабилитации,1,Estimation,1885686354,1595394720,24.02.2021 23:38:51
202103,Beauty,Pharmacy,Витамины и БАДы,0,Estimation,3932376711,2080320351,20.02.2021 18:23:40
202103,Beauty,Pharmacy,Лекарственные средства,0,Estimation,864366922,550562297,20.02.2021 18:23:40
202103,Beauty,Pharmacy,Витамины и БАДы,1,Estimation,1090749679,509816864,24.02.2021 23:38:51
202103,Beauty,Pharmacy,Средства реабилитации,0,Estimation,2700175366,247057062,20.02.2021 18:23:40
202103,Beauty,Pharmacy,Спортивное питание,1,Estimation,2355024533,3225507783,24.02.2021 23:38:51
202103,Beauty,Pharmacy,Электронные сигареты  парители  кальяны,1,Estimation,2443117449,2253004998,24.02.2021 23:38:51
202103,Beauty,Pharmacy,Товары для взрослых,1,Estimation,1263906783,1267883587,24.02.2021 23:38:51
202103,Beauty,Pharmacy,Оптика,0,Estimation,1790967803,2626548511,20.01.2021 18:23:40
202103,Beauty,Pharmacy,Медицинские изделия,1,Estimation,2578285951,3907617157,24.01.2021 23:38:51
202103,Beauty,Pharmacy,Медицинские изделия,0,Estimation,2494114590,3867432875,20.01.2021 18:23:40
202103,Beauty,Pharmacy,Парафармацевтика,0,Estimation,2517106887,1212226964,20.01.2021 18:23:40
202103,Beauty,Pharmacy,Спортивное питание,1,Estimation,2630322906,542714422,24.01.2021 23:38:51
202103,Beauty,Pharmacy,Электронные сигареты  парители  кальяны,1,Estimation,2663070208,890243999,24.01.2021 23:38:51
202103,Beauty,Pharmacy,Парафармацевтика,1,Estimation,1411917052,807401510,24.01.2021 23:38:51
202103,Beauty,Pharmacy,Лекарственные средства,0,Estimation,3559128332,4219299212,20.01.2021 18:23:40
202103,Beauty,Pharmacy,Уход и гигиена,0,Estimation,4060443282,2864598239,20.01.2021 18:23:40
202103,Beauty,Pharmacy,Спортивное питание,0,Estimation,1489859811,2029783715,20.01.2021 18:23:40
202103,Beauty,Pharmacy,Оптика,1,Estimation,760437432,570651957,24.01.2021 23:38:51
202103,Beauty,Pharmacy,Лекарственные средства,1,Estimation,440051754,863472642,24.01.2021 23:38:51
202103,Beauty,Pharmacy,Тату,0,Estimation,246276117,1479875407,20.01.2021 18:23:40
202103,Beauty,Pharmacy,Уход и гигиена,1,Estimation,1748583395,3052515233,24.01.2021 23:38:51
202103,Beauty,Pharmacy,Средства реабилитации,1,Estimation,992416533,2245849475,24.01.2021 23:38:51
202103,Beauty,Pharmacy,Ортопедия и компрессионный трикотаж,1,Estimation,1265543565,2990560985,24.01.2021 23:38:51
202103,Beauty,Pharmacy,Товары для взрослых,1,Estimation,2349293259,1651847784,24.01.2021 23:38:51
202103,Beauty,Pharmacy,Электронные сигареты  парители  кальяны,0,Estimation,471331480,2018086779,20.01.2021 18:23:40
202103,Beauty,Pharmacy,Антибактериальные  дезинфицирующие средства,0,Estimation,4003792942,116202120,20.01.2021 18:23:40
202103,Beauty,Pharmacy,Витамины и БАДы,1,Estimation,3872444801,565026881,24.01.2021 23:38:51
202103,Beauty,Pharmacy,Средства реабилитации,0,Estimation,2391032754,4260297361,20.01.2021 18:23:40
202103,Beauty,Pharmacy,Товары для взрослых,0,Estimation,2972398368,433959958,20.01.2021 18:23:40
202103,Beauty,Pharmacy,Профессиональный уход за полостью рта,1,Estimation,2263378465,2577636256,24.01.2021 23:38:51
202103,Beauty,Pharmacy,Медицинская техника,0,Estimation,195599628,475102103,20.01.2021 18:23:40
202103,Beauty,Pharmacy,Лекарственные средства для животных,0,Estimation,2419588818,3075432729,20.01.2021 18:23:40
202103,Beauty,Pharmacy,Медицинская техника,1,Estimation,934408714,1383815058,24.01.2021 23:38:51
202103,Beauty,Pharmacy,Витамины и БАДы,0,Estimation,2742203583,1924301393,20.01.2021 18:23:40
202103,Beauty,Pharmacy,Антибактериальные  дезинфицирующие средства,1,Estimation,1741638296,1237108281,24.01.2021 23:38:51
202103,Beauty,Pharmacy,Профессиональный уход за полостью рта,0,Estimation,2222552793,1145716766,20.01.2021 18:23:40
202103,Beauty,Pharmacy,Ортопедия и компрессионный трикотаж,0,Estimation,78344543,372368451,20.01.2021 18:23:40
202103,ES + Home,Auto&Moto,Автоинструменты и гаражное оборудование,0,Estimation,3174967640,2058146687,17.02.2021 18:25:32
202103,ES + Home,Auto&Moto,Авто и мото запчасти,0,Estimation,3039057319,3201033082,17.02.2021 18:25:32
202103,ES + Home,Auto&Moto,Шины и диски,0,Estimation,173620148,1489935008,18.02.2021 14:15:16
202103,ES + Home,Auto&Moto,Автомобили и мототехника,0,Estimation,3765985673,1833832199,18.02.2021 14:15:16
202103,ES + Home,Auto&Moto,Масла и автохимия,0,Estimation,29585155,3779984088,18.02.2021 14:15:16
202103,ES + Home,Auto&Moto,Универсальные авто и мото аксессуары,0,Estimation,3948062799,1396107452,17.02.2021 18:25:32
202103,ES + Home,Auto&Moto,Дополнительное оборудование для авто и мото техники,0,Estimation,2886244509,4113299959,18.02.2021 14:15:16
202103,ES + Home,Auto&Moto,Масла и автохимия,1,Estimation,1000237643,2983109741,18.02.2021 14:15:16
202103,ES + Home,Auto&Moto,Масла и автохимия,0,Estimation,2359745511,2184857888,17.02.2021 18:25:32
202103,ES + Home,Auto&Moto,Авто и мото запчасти,1,Estimation,2357700522,832599449,18.02.2021 14:15:16
202103,ES + Home,Auto&Moto,Дополнительное оборудование для авто и мото техники,0,Estimation,3708837982,291414690,17.02.2021 18:25:32
202103,ES + Home,Auto&Moto,Шины и диски,0,Estimation,3456943641,2580854735,17.02.2021 18:25:32
202103,ES + Home,Auto&Moto,Универсальные авто и мото аксессуары,0,Estimation,2231846028,1036262614,18.02.2021 14:15:16
202103,ES + Home,Auto&Moto,Универсальные авто и мото аксессуары,1,Estimation,922081426,4028469680,18.02.2021 14:15:16
202103,ES + Home,Auto&Moto,Авто и мото запчасти,0,Estimation,3713755111,2757587392,18.02.2021 14:15:16
202103,ES + Home,Auto&Moto,Автоинструменты и гаражное оборудование,0,Estimation,4269030544,822041265,18.02.2021 14:15:16
202103,ES + Home,Auto&Moto,Автомобили и мототехника,0,Estimation,38217734,3540753019,17.02.2021 18:25:32
202103,ES + Home,Auto&Moto,Автоинструменты и гаражное оборудование,1,Estimation,3800208025,623687114,18.02.2021 14:15:16
202103,ES + Home,Auto&Moto,Универсальные авто и мото аксессуары,0,Estimation,308815591,95872635,17.01.2021 18:25:32
202103,ES + Home,Auto&Moto,Универсальные авто и мото аксессуары,1,Estimation,299634368,2582222807,18.01.2021 14:15:16
202103,ES + Home,Auto&Moto,Автоинструменты и гаражное оборудование,0,Estimation,861373382,1910335819,18.01.2021 14:15:16
202103,ES + Home,Auto&Moto,Автоинструменты и гаражное оборудование,1,Estimation,3779080999,3698770433,18.01.2021 14:15:16
202103,ES + Home,Auto&Moto,Авто и мото запчасти,1,Estimation,2552124206,2943209077,18.01.2021 14:15:16
202103,ES + Home,Auto&Moto,Автоинструменты и гаражное оборудование,0,Estimation,215094297,2236416839,17.01.2021 18:25:32
202103,ES + Home,Auto&Moto,Авто и мото запчасти,0,Estimation,1476370200,1994084105,18.01.2021 14:15:16
202103,ES + Home,Auto&Moto,Универсальные авто и мото аксессуары,0,Estimation,4125626805,3921711815,18.01.2021 14:15:16
202103,ES + Home,Auto&Moto,Авто и мото запчасти,0,Estimation,2772072222,291030719,17.01.2021 18:25:32
202103,ES + Home,Auto&Moto,Шины и диски,0,Estimation,420575204,3462942039,17.01.2021 18:25:32
202103,ES + Home,Auto&Moto,Шины и диски,0,Estimation,4086909879,882916815,18.01.2021 14:15:16
202103,ES + Home,Auto&Moto,Масла и автохимия,0,Estimation,3052783706,4193990570,18.01.2021 14:15:16
202103,ES + Home,Auto&Moto,Дополнительное оборудование для авто и мото техники,0,Estimation,2596122412,235037068,18.01.2021 14:15:16
202103,ES + Home,Auto&Moto,Масла и автохимия,1,Estimation,3470367322,4044063541,18.01.2021 14:15:16
202103,ES + Home,Auto&Moto,Дополнительное оборудование для авто и мото техники,0,Estimation,1764776011,2057150090,17.01.2021 18:25:32
202103,ES + Home,Auto&Moto,Автомобили и мототехника,0,Estimation,998932693,3010733176,17.01.2021 18:25:32
202103,ES + Home,Auto&Moto,Масла и автохимия,0,Estimation,428717713,886459450,17.01.2021 18:25:32
202103,ES + Home,Auto&Moto,Автомобили и мототехника,0,Estimation,3183050837,3433101244,18.01.2021 14:15:16
202103,ES + Home,Books,Нехудожественная литература,0,Estimation,768211311,382173182,16.02.2021 18:01:08
202103,ES + Home,Books,Манга,1,Estimation,1113040505,4019601119,16.02.2021 18:29:37
202103,ES + Home,Books,Художественная литература,1,Estimation,786553809,1524445783,16.02.2021 18:29:37
202103,ES + Home,Books,Календари,0,Estimation,4071251827,2253838501,16.02.2021 18:01:08
202103,ES + Home,Books,Антикварное издание,0,Estimation,543285988,3169402069,16.02.2021 18:01:08
202103,ES + Home,Books,Нехудожественная литература,1,Estimation,3965387001,3244948851,16.02.2021 18:29:37
202103,ES + Home,Books,Second-hand книга,1,Estimation,2157336858,410956086,16.02.2021 18:29:37
202103,ES + Home,Books,Иностранное издание,0,Estimation,1925514597,825422754,16.02.2021 18:01:08
202103,ES + Home,Books,Second-hand книга,0,Estimation,2305325195,2034805456,16.02.2021 18:01:08
202103,ES + Home,Books,Манга,0,Estimation,185561883,3398193022,16.02.2021 18:01:08
202103,ES + Home,Books,Художественная литература,0,Estimation,1442039460,561863055,16.02.2021 18:01:08
202103,ES + Home,Books,Блокноты с ISBN,0,Estimation,3253723530,4005457813,16.02.2021 18:01:08
202103,ES + Home,Books,Книга по требованию,0,Estimation,2635468242,3892948070,16.02.2021 18:01:08
202103,ES + Home,Books,Цифровая книга,0,Estimation,3674058116,1792854739,16.02.2021 18:01:08
202103,ES + Home,Books,Комиксы,1,Estimation,3499533229,3763160451,16.02.2021 18:29:37
202103,ES + Home,Books,Блокноты с ISBN,1,Estimation,1505051473,529228774,16.02.2021 18:29:37
202103,ES + Home,Books,Учебная литература,0,Estimation,3502536440,2590157542,16.02.2021 18:01:08
202103,ES + Home,Books,Современные листовые издания,0,Estimation,2814633021,1891250824,16.02.2021 18:01:08
202103,ES + Home,Books,Комиксы,0,Estimation,3507548740,1564014362,16.02.2021 18:01:08
202103,ES + Home,Books,Букинистическое издание,0,Estimation,588561290,2593149297,16.02.2021 18:01:08
202103,ES + Home,Books,Современная печатная книга,0,Estimation,3814294009,307431100,16.02.2021 18:01:08
202103,ES + Home,Books,Литература на иностранном языке,0,Estimation,1468733027,2900487632,16.02.2021 18:01:08
202103,ES + Home,Books,Книги детям и родителям,0,Estimation,2405838972,1102603640,16.02.2021 18:01:08
202103,ES + Home,Books,Аудиокнига,0,Estimation,813331086,1834766469,16.02.2021 18:01:08
202103,ES + Home,Books,ПО на физических носителях,0,Estimation,3314536344,1813767671,16.02.2021 18:01:08
202103,ES + Home,Books,Цифровая аудиокнига,0,Estimation,2416355896,1714859955,16.02.2021 18:01:08
202103,ES + Home,Books,Бизнес-литература,1,Estimation,2407806434,73223792,16.02.2021 18:29:37
202103,ES + Home,Books,Современная печатная книга,1,Estimation,1410714113,1634219417,16.02.2021 18:29:37
202103,ES + Home,Books,Бизнес-литература,0,Estimation,266341964,4200232976,16.02.2021 18:01:08
202103,ES + Home,Books,Современные картографические издания,0,Estimation,3984736263,2897648705,16.02.2021 18:01:08
202103,ES + Home,Books,Книги детям и родителям,1,Estimation,3204204234,3525300056,16.02.2021 18:29:37
202103,ES + Home,Books,Современные картографические издания,0,Estimation,2943722660,2995669669,16.01.2021 18:01:08
202103,ES + Home,Books,Современная печатная книга,0,Estimation,2426579659,839833978,16.01.2021 18:01:08
202103,ES + Home,Books,Книги детям и родителям,1,Estimation,3109685253,737713566,16.01.2021 18:29:37
202103,ES + Home,Books,Цифровая книга,0,Estimation,1056340100,1639798436,16.01.2021 18:01:08
202103,ES + Home,Books,Комиксы,1,Estimation,1695336656,1460983830,16.01.2021 18:29:37
202103,ES + Home,Books,Блокноты с ISBN,1,Estimation,3142193632,2215489042,16.01.2021 18:29:37
202103,ES + Home,Books,Учебная литература,0,Estimation,1045742608,4282589099,16.01.2021 18:01:08
202103,ES + Home,Books,Художественная литература,1,Estimation,3861793119,1172800190,16.01.2021 18:29:37
202103,ES + Home,Books,Художественная литература,0,Estimation,1937032790,1529536509,16.01.2021 18:01:08
202103,ES + Home,Books,Аудиокнига,0,Estimation,3172979127,2327829399,16.01.2021 18:01:08
202103,ES + Home,Books,Манга,1,Estimation,2585684849,2174672532,16.01.2021 18:29:37
202103,ES + Home,Books,Цифровая аудиокнига,0,Estimation,771920502,1634278359,16.01.2021 18:01:08
202103,ES + Home,Books,Second-hand книга,1,Estimation,3331812696,3609754757,16.01.2021 18:29:37
202103,ES + Home,Books,Нехудожественная литература,1,Estimation,3921231398,3679674330,16.01.2021 18:29:37
202103,ES + Home,Books,Бизнес-литература,1,Estimation,3495891042,1353733849,16.01.2021 18:29:37
202103,ES + Home,Books,Современная печатная книга,1,Estimation,4209106826,2171970152,16.01.2021 18:29:37
202103,ES + Home,Books,Бизнес-литература,0,Estimation,3559902030,2864925025,16.01.2021 18:01:08
202103,ES + Home,Books,Календари,0,Estimation,3844908299,1188568916,16.01.2021 18:01:08
202103,ES + Home,Books,Букинистическое издание,0,Estimation,1538172504,2573272308,16.01.2021 18:01:08
202103,ES + Home,Books,Комиксы,0,Estimation,3104124618,761418807,16.01.2021 18:01:08
202103,ES + Home,Books,Современные листовые издания,0,Estimation,650789856,1825184436,16.01.2021 18:01:08
202103,ES + Home,Books,Книга по требованию,0,Estimation,1281267140,3775874550,16.01.2021 18:01:08
202103,ES + Home,Books,Блокноты с ISBN,0,Estimation,903491220,4259636938,16.01.2021 18:01:08
202103,ES + Home,Books,Манга,0,Estimation,2688739339,442028377,16.01.2021 18:01:08
202103,ES + Home,Books,ПО на физических носителях,0,Estimation,4108379171,84640326,16.01.2021 18:01:08
202103,ES + Home,Books,Иностранное издание,0,Estimation,3862209773,2900398593,16.01.2021 18:01:08
202103,ES + Home,Books,Литература на иностранном языке,0,Estimation,3995752140,2206912390,16.01.2021 18:01:08
202103,ES + Home,Books,Second-hand книга,0,Estimation,605604266,9798512,16.01.2021 18:01:08
202103,ES + Home,Books,Книги детям и родителям,0,Estimation,4180433956,427084247,16.01.2021 18:01:08
202103,ES + Home,Books,Нехудожественная литература,0,Estimation,71857682,1670807630,16.01.2021 18:01:08
202103,ES + Home,Books,Антикварное издание,0,Estimation,3565862257,4007334539,16.01.2021 18:01:08
202103,ES + Home,Digital,Програмное обеспечение Digital,0,Estimation,3938419018,3017705352,25.02.2021 22:27:30
202103,ES + Home,Digital,Програмное обеспечение Digital,0,Estimation,3864578098,3261163821,25.01.2021 22:27:30
202103,ES + Home,DIY,Сад и огород,0,Estimation,3415715850,2216422330,17.02.2021 18:25:32
202103,ES + Home,DIY,Ремонт и строительство,0,Estimation,67272838,2497244542,17.02.2021 18:25:32
202103,ES + Home,DIY,Фильтры для воды,1,Estimation,2374752542,87803442,18.02.2021 14:45:14
202103,ES + Home,DIY,Инструменты,0,Estimation,2561329706,3866060054,17.02.2021 18:25:32
202103,ES + Home,DIY,Освещение,0,Estimation,3264244031,2299738392,17.02.2021 18:25:32
202103,ES + Home,DIY,Фильтры для воды,0,Estimation,3661205059,234048008,18.02.2021 14:45:14
202103,ES + Home,DIY,Инструменты,0,Estimation,2018553747,667294663,18.02.2021 14:45:14
202103,ES + Home,DIY,Сантехника,0,Estimation,855166009,3594264214,17.02.2021 18:25:32
202103,ES + Home,DIY,Ремонт и строительство,0,Estimation,4005719380,897760072,18.02.2021 14:45:14
202103,ES + Home,DIY,Фильтры для воды,0,Estimation,961471015,3381101135,17.02.2021 18:25:32
202103,ES + Home,DIY,Инструменты,1,Estimation,891429701,1152565227,18.02.2021 14:45:14
202103,ES + Home,DIY,Освещение,0,Estimation,3669559956,71344009,18.02.2021 14:45:14
202103,ES + Home,DIY,Освещение,1,Estimation,466164865,4248650730,18.02.2021 14:45:14
202103,ES + Home,DIY,Сад и огород,0,Estimation,3450675251,456935200,18.02.2021 14:45:14
202103,ES + Home,DIY,Ремонт и строительство,1,Estimation,188401742,2297509882,18.02.2021 14:45:14
202103,ES + Home,DIY,Сантехника,0,Estimation,1269817729,3405493799,18.02.2021 14:45:14
202103,ES + Home,DIY,Сад и огород,1,Estimation,4212765470,3956493336,18.02.2021 14:45:14
202103,ES + Home,DIY,Освещение,0,Estimation,2089492018,1109713849,17.01.2021 18:25:32
202103,ES + Home,DIY,Ремонт и строительство,0,Estimation,3228218123,3968381005,17.01.2021 18:25:32
202103,ES + Home,DIY,Инструменты,0,Estimation,3857006373,2304172817,17.01.2021 18:25:32
202103,ES + Home,DIY,Фильтры для воды,1,Estimation,3592276158,3582073973,18.01.2021 14:45:14
202103,ES + Home,DIY,Сад и огород,0,Estimation,978642096,613272045,17.01.2021 18:25:32
202103,ES + Home,DIY,Фильтры для воды,0,Estimation,2156929685,3965452560,18.01.2021 14:45:14
202103,ES + Home,DIY,Ремонт и строительство,0,Estimation,1935175181,1539735086,18.01.2021 14:45:14
202103,ES + Home,DIY,Инструменты,0,Estimation,259059252,4216368688,18.01.2021 14:45:14
202103,ES + Home,DIY,Сантехника,0,Estimation,1155772659,2965970697,18.01.2021 14:45:14
202103,ES + Home,DIY,Освещение,0,Estimation,2366121846,3400735902,18.01.2021 14:45:14
202103,ES + Home,DIY,Сантехника,0,Estimation,2031074286,49705898,17.01.2021 18:25:32
202103,ES + Home,DIY,Инструменты,1,Estimation,4066960960,918209428,18.01.2021 14:45:14
202103,ES + Home,DIY,Сад и огород,0,Estimation,1238768074,2255184391,18.01.2021 14:45:14
202103,ES + Home,DIY,Фильтры для воды,0,Estimation,823003838,1894149029,17.01.2021 18:25:32
202103,ES + Home,DIY,Освещение,1,Estimation,1512379741,4217333970,18.01.2021 14:45:14
202103,ES + Home,DIY,Сад и огород,1,Estimation,3454489699,1961054413,18.01.2021 14:45:14
202103,ES + Home,DIY,Ремонт и строительство,1,Estimation,988146769,763515349,18.01.2021 14:45:14
202103,ES + Home,Furniture,Мебель для сна,0,Estimation,4254082276,1928550647,18.02.2021 14:15:16
202103,ES + Home,Furniture,Корпусная мебель и мебель для хранения,0,Estimation,420111563,4187800251,17.02.2021 18:25:32
202103,ES + Home,Furniture,Мебель для сада,0,Estimation,1360781504,2864442571,18.02.2021 14:15:16
202103,ES + Home,Furniture,Столы и стулья,0,Estimation,4193122827,2025403344,18.02.2021 14:15:16
202103,ES + Home,Furniture,Компьютерная и офисная мебель,0,Estimation,2639015367,2917456271,17.02.2021 18:25:32
202103,ES + Home,Furniture,Мягкая мебель,0,Estimation,2995695043,2639536278,17.02.2021 18:25:32
202103,ES + Home,Furniture,Прочая мебель,0,Estimation,4270829249,3895153519,18.02.2021 14:15:16
202103,ES + Home,Furniture,Столы и стулья,0,Estimation,3416071564,3640426668,17.02.2021 18:25:32
202103,ES + Home,Furniture,Мебель для сада,0,Estimation,3912025303,3000320869,17.02.2021 18:25:32
202103,ES + Home,Furniture,Прочая мебель,0,Estimation,3949665859,369505884,17.02.2021 18:25:32
202103,ES + Home,Furniture,Мягкая мебель,0,Estimation,2332001952,1081511048,18.02.2021 14:15:16
202103,ES + Home,Furniture,Корпусная мебель и мебель для хранения,0,Estimation,1488780467,867196234,18.02.2021 14:15:16
202103,ES + Home,Furniture,Компьютерная и офисная мебель,0,Estimation,1494462945,3255882703,18.02.2021 14:15:16
202103,ES + Home,Furniture,Мебель для сна,0,Estimation,2640239057,92161967,17.02.2021 18:25:32
202103,ES + Home,Furniture,Мягкая мебель,0,Estimation,2667470514,2890016956,17.01.2021 18:25:32
202103,ES + Home,Furniture,Мягкая мебель,0,Estimation,1534416824,3809524120,18.01.2021 14:15:16
202103,ES + Home,Furniture,Мебель для сада,0,Estimation,2251828688,2675349709,18.01.2021 14:15:16
202103,ES + Home,Furniture,Столы и стулья,0,Estimation,406000536,3911021495,18.01.2021 14:15:16
202103,ES + Home,Furniture,Компьютерная и офисная мебель,0,Estimation,4192696627,1255840074,17.01.2021 18:25:32
202103,ES + Home,Furniture,Мебель для сна,0,Estimation,1591790535,1048546884,17.01.2021 18:25:32
202103,ES + Home,Furniture,Компьютерная и офисная мебель,0,Estimation,1926609850,1183704172,18.01.2021 14:15:16
202103,ES + Home,Furniture,Прочая мебель,0,Estimation,4285249940,3324551996,18.01.2021 14:15:16
202103,ES + Home,Furniture,Прочая мебель,0,Estimation,294965212,1989202878,17.01.2021 18:25:32
202103,ES + Home,Furniture,Корпусная мебель и мебель для хранения,0,Estimation,1998361863,618517087,18.01.2021 14:15:16
202103,ES + Home,Furniture,Мебель для сна,0,Estimation,190291276,1642643274,18.01.2021 14:15:16
202103,ES + Home,Furniture,Мебель для сада,0,Estimation,2639063387,1163694098,17.01.2021 18:25:32
202103,ES + Home,Furniture,Столы и стулья,0,Estimation,646556615,2520246784,17.01.2021 18:25:32
202103,ES + Home,Furniture,Корпусная мебель и мебель для хранения,0,Estimation,1566088,1554068994,17.01.2021 18:25:32
202103,ES + Home,Household,Принадлежности для Нового года,0,Estimation,3411940700,2464573013,18.02.2021 14:45:14
202103,ES + Home,Household,Интерьер и декор,0,Estimation,2423851048,1590969840,18.02.2021 14:45:14
202103,ES + Home,Household,Кухня,0,Estimation,3166400985,4182626546,17.02.2021 18:25:32
202103,ES + Home,Household,Антиквариат Хоум Декор,0,Estimation,3565968370,323929411,17.02.2021 18:25:32
202103,ES + Home,Household,Хранение,0,Estimation,549875178,3058995195,17.02.2021 18:25:32
202103,ES + Home,Household,Домашний текстиль,0,Estimation,2817993422,158692818,17.02.2021 18:25:32
202103,ES + Home,Household,Аксессуары для уборки и стирки,0,Estimation,432532635,3656588569,18.02.2021 14:45:14
202103,ES + Home,Household,Интерьер и декор,0,Estimation,1300740578,2142567245,17.02.2021 18:25:32
202103,ES + Home,Household,Ванная комната,0,Estimation,296548110,1278796809,17.02.2021 18:25:32
202103,ES + Home,Household,Ритуальные изделия,0,Estimation,1797385027,3625628005,18.02.2021 14:45:14
202103,ES + Home,Household,Аксессуары для уборки и стирки,1,Estimation,453453669,1285714370,18.02.2021 14:45:14
202103,ES + Home,Household,Принадлежности для Нового года,1,Estimation,330330680,1435323332,18.02.2021 14:45:14
202103,ES + Home,Household,Хранение,0,Estimation,2008460124,4156159201,18.02.2021 14:45:14
202103,ES + Home,Household,Домашний текстиль,0,Estimation,2830288962,2218152707,18.02.2021 14:45:14
202103,ES + Home,Household,Аксессуары для уборки и стирки,0,Estimation,330948165,1347572483,17.02.2021 18:25:32
202103,ES + Home,Household,Кухня,1,Estimation,3492987401,2950485493,18.02.2021 14:45:14
202103,ES + Home,Household,Принадлежности для Нового года,1,Estimation,99872348,932594610,17.02.2021 18:25:32
202103,ES + Home,Household,Ванная комната,0,Estimation,454792356,1635665986,18.02.2021 14:45:14
202103,ES + Home,Household,Ритуальные изделия,0,Estimation,2400813943,4118602366,17.02.2021 18:25:32
202103,ES + Home,Household,Интерьер и декор,1,Estimation,975201515,2818767354,18.02.2021 14:45:14
202103,ES + Home,Household,Принадлежности для Нового года,0,Estimation,2794401700,8407631,17.02.2021 18:25:32
202103,ES + Home,Household,Домашний текстиль,1,Estimation,2311705580,4097896777,18.02.2021 14:45:14
202103,ES + Home,Household,Кухня,0,Estimation,1020090965,811207732,18.02.2021 14:45:14
202103,ES + Home,Household,Антиквариат Хоум Декор,0,Estimation,985482038,172692443,18.02.2021 14:45:14
202103,ES + Home,Household,Ванная комната,0,Estimation,2952312542,633951695,17.01.2021 18:25:32
202103,ES + Home,Household,Принадлежности для Нового года,0,Estimation,3176106303,3998484455,18.01.2021 14:45:14
202103,ES + Home,Household,Домашний текстиль,0,Estimation,191283110,696571260,17.01.2021 18:25:32
202103,ES + Home,Household,Хранение,0,Estimation,525343272,1607574797,17.01.2021 18:25:32
202103,ES + Home,Household,Антиквариат Хоум Декор,0,Estimation,1833551298,1515941931,17.01.2021 18:25:32
202103,ES + Home,Household,Кухня,0,Estimation,510595694,2338185336,17.01.2021 18:25:32
202103,ES + Home,Household,Аксессуары для уборки и стирки,0,Estimation,1699188796,1102985121,18.01.2021 14:45:14
202103,ES + Home,Household,Принадлежности для Нового года,1,Estimation,1688911236,495584261,18.01.2021 14:45:14
202103,ES + Home,Household,Интерьер и декор,0,Estimation,1305577550,3120850642,18.01.2021 14:45:14
202103,ES + Home,Household,Интерьер и декор,0,Estimation,855479297,1561604306,17.01.2021 18:25:32
202103,ES + Home,Household,Ритуальные изделия,0,Estimation,4074576667,2825529284,18.01.2021 14:45:14
202103,ES + Home,Household,Аксессуары для уборки и стирки,1,Estimation,585631207,965593789,18.01.2021 14:45:14
202103,ES + Home,Household,Домашний текстиль,0,Estimation,2080607043,2361365991,18.01.2021 14:45:14
202103,ES + Home,Household,Хранение,0,Estimation,2912617887,1511777267,18.01.2021 14:45:14
202103,ES + Home,Household,Интерьер и декор,1,Estimation,419645955,328758897,18.01.2021 14:45:14
202103,ES + Home,Household,Ванная комната,0,Estimation,1749432416,3711516606,18.01.2021 14:45:14
202103,ES + Home,Household,Кухня,1,Estimation,197387975,2620404772,18.01.2021 14:45:14
202103,ES + Home,Household,Принадлежности для Нового года,0,Estimation,3972826867,2830143077,17.01.2021 18:25:32
202103,ES + Home,Household,Принадлежности для Нового года,1,Estimation,3300807486,2409308682,17.01.2021 18:25:32
202103,ES + Home,Household,Ритуальные изделия,0,Estimation,555826107,2298271973,17.01.2021 18:25:32
202103,ES + Home,Household,Антиквариат Хоум Декор,0,Estimation,1318365364,3054829783,18.01.2021 14:45:14
202103,ES + Home,Household,Кухня,0,Estimation,3576330425,3818429549,18.01.2021 14:45:14
202103,ES + Home,Household,Аксессуары для уборки и стирки,0,Estimation,4200988546,3257234610,17.01.2021 18:25:32
202103,ES + Home,Household,Домашний текстиль,1,Estimation,530911904,3411084390,18.01.2021 14:45:14
202103,ES + Home,Laptops & Computers,Расходный материал для электроники Lap&Comp,0,Estimation,3252150005,767041146,17.02.2021 13:05:08
202103,ES + Home,Laptops & Computers,Компьютерная периферия Lap&Comp,1,Estimation,1639725630,3598767737,17.02.2021 13:05:08
202103,ES + Home,Laptops & Computers,Компьютерная офисная техника Lap&Comp,0,Estimation,1954360022,1508147790,17.02.2021 13:05:08
202103,ES + Home,Laptops & Computers,Расходный материал для электроники Lap&Comp,1,Estimation,3564479015,1635191404,17.02.2021 13:05:08
202103,ES + Home,Laptops & Computers,Домашняя Аудио и Видеотехника Lap&Comp,0,Estimation,3665590301,1340332089,17.02.2021 13:05:08
202103,ES + Home,Laptops & Computers,Компьютеры Lap&Comp,0,Estimation,2182311519,3240865533,17.02.2021 13:05:08
202103,ES + Home,Laptops & Computers,Компьютерная периферия Lap&Comp,0,Estimation,3303312584,4060116831,17.02.2021 13:05:08
202103,ES + Home,Laptops & Computers,Компьютеры Lap&Comp,1,Estimation,3827182692,2488637507,17.02.2021 13:05:08
202103,ES + Home,Laptops & Computers,Компьютерная периферия Lap&Comp,0,Estimation,243955418,4012412889,17.01.2021 13:05:08
202103,ES + Home,Laptops & Computers,Домашняя Аудио и Видеотехника Lap&Comp,0,Estimation,2029573479,948977110,17.01.2021 13:05:08
202103,ES + Home,Laptops & Computers,Компьютерная периферия Lap&Comp,1,Estimation,2763709011,2651650337,17.01.2021 13:05:08
202103,ES + Home,Laptops & Computers,Расходный материал для электроники Lap&Comp,0,Estimation,1403049422,1157791829,17.01.2021 13:05:08
202103,ES + Home,Laptops & Computers,Расходный материал для электроники Lap&Comp,1,Estimation,904604775,3248875411,17.01.2021 13:05:08
202103,ES + Home,Laptops & Computers,Компьютеры Lap&Comp,0,Estimation,135901484,1613935579,17.01.2021 13:05:08
202103,ES + Home,Laptops & Computers,Компьютерная офисная техника Lap&Comp,0,Estimation,3722921078,1451063091,17.01.2021 13:05:08
202103,ES + Home,Laptops & Computers,Компьютеры Lap&Comp,1,Estimation,3723520719,3802291355,17.01.2021 13:05:08
202103,ES + Home,Major Domestic Appliances,Крупная бытовая техника MDA,0,Estimation,1398276787,3151075968,16.02.2021 17:46:45
202103,ES + Home,Major Domestic Appliances,Крупная бытовая техника MDA,0,Estimation,3755781424,2731089143,16.01.2021 17:46:45
202103,ES + Home,Miscellaneous accessories,Электропитание Access,1,Estimation,1134226691,768352692,17.02.2021 18:25:32
202103,ES + Home,Miscellaneous accessories,Расходный материал для электроники Access,0,Estimation,3121559924,2290210166,17.02.2021 18:25:32
202103,ES + Home,Miscellaneous accessories,Автомобильная техника Access,0,Estimation,1111609878,4011122655,17.02.2021 18:25:32
202103,ES + Home,Miscellaneous accessories,Средства связи Access,1,Estimation,952153360,2415205185,17.02.2021 18:25:32
202103,ES + Home,Miscellaneous accessories,Электропитание Access,0,Estimation,378672196,78448922,17.02.2021 18:25:32
202103,ES + Home,Miscellaneous accessories,Фото и видео Access,1,Estimation,569908006,4255779181,17.02.2021 18:25:32
202103,ES + Home,Miscellaneous accessories,Домашняя Аудио и Видеотехника Access,1,Estimation,2976581954,664538518,17.02.2021 18:25:32
202103,ES + Home,Miscellaneous accessories,Расходный материал для электроники Access,1,Estimation,2111320534,3552503515,17.02.2021 18:25:32
202103,ES + Home,Miscellaneous accessories,Игровые приставки и аксессуары Access,0,Estimation,3695792019,1548852281,17.02.2021 18:25:32
202103,ES + Home,Miscellaneous accessories,Фото и видео Access,0,Estimation,4121437166,2492359687,17.02.2021 18:25:32
202103,ES + Home,Miscellaneous accessories,Оборудование Access,0,Estimation,2055636725,2926015718,17.02.2021 18:25:32
202103,ES + Home,Miscellaneous accessories,Средства связи Access,0,Estimation,2206893606,3185111486,17.02.2021 18:25:32
202103,ES + Home,Miscellaneous accessories,Игровые приставки и аксессуары Access,1,Estimation,2105553564,3119807757,17.02.2021 18:25:32
202103,ES + Home,Miscellaneous accessories,Компьютерная периферия Access,0,Estimation,200772116,2329868145,17.02.2021 18:25:32
202103,ES + Home,Miscellaneous accessories,Бытовая техника Access,0,Estimation,3148097496,2128619332,17.02.2021 18:25:32
202103,ES + Home,Miscellaneous accessories,Домашняя Аудио и Видеотехника Access,0,Estimation,1572362463,4001066739,17.02.2021 18:25:32
202103,ES + Home,Miscellaneous accessories,Компьютерная периферия Access,1,Estimation,3745272790,3671358675,17.02.2021 18:25:32
202103,ES + Home,Miscellaneous accessories,Компьютеры Access,1,Estimation,2270799245,2093023106,17.02.2021 18:25:32
202103,ES + Home,Miscellaneous accessories,Электронные товары хобби и отдых Access,0,Estimation,2959814286,2574270510,17.02.2021 18:25:32
202103,ES + Home,Miscellaneous accessories,Компьютеры Access,0,Estimation,545328391,3157027979,17.02.2021 18:25:32
202103,ES + Home,Miscellaneous accessories,Бытовая техника Access,1,Estimation,1389451530,2817820086,17.02.2021 18:25:32
202103,ES + Home,Miscellaneous accessories,Домашняя Аудио и Видеотехника Access,1,Estimation,3111057339,3848315681,17.01.2021 18:25:32
202103,ES + Home,Miscellaneous accessories,Игровые приставки и аксессуары Access,1,Estimation,1959317406,2406126905,17.01.2021 18:25:32
202103,ES + Home,Miscellaneous accessories,Средства связи Access,0,Estimation,880332765,3436981195,17.01.2021 18:25:32
202103,ES + Home,Miscellaneous accessories,Фото и видео Access,0,Estimation,1961131993,984241350,17.01.2021 18:25:32
202103,ES + Home,Miscellaneous accessories,Игровые приставки и аксессуары Access,0,Estimation,687812957,3629448356,17.01.2021 18:25:32
202103,ES + Home,Miscellaneous accessories,Электропитание Access,0,Estimation,2149042520,3765148976,17.01.2021 18:25:32
202103,ES + Home,Miscellaneous accessories,Средства связи Access,1,Estimation,1040441813,1466168121,17.01.2021 18:25:32
202103,ES + Home,Miscellaneous accessories,Автомобильная техника Access,0,Estimation,2481851202,3914088143,17.01.2021 18:25:32
202103,ES + Home,Miscellaneous accessories,Расходный материал для электроники Access,1,Estimation,2937649743,263507062,17.01.2021 18:25:32
202103,ES + Home,Miscellaneous accessories,Фото и видео Access,1,Estimation,4108632811,2375129665,17.01.2021 18:25:32
202103,ES + Home,Miscellaneous accessories,Расходный материал для электроники Access,0,Estimation,91816083,3502723947,17.01.2021 18:25:32
202103,ES + Home,Miscellaneous accessories,Электропитание Access,1,Estimation,3356962610,618722335,17.01.2021 18:25:32
202103,ES + Home,Miscellaneous accessories,Компьютеры Access,0,Estimation,933617783,4243730150,17.01.2021 18:25:32
202103,ES + Home,Miscellaneous accessories,Бытовая техника Access,1,Estimation,3032092779,101351061,17.01.2021 18:25:32
202103,ES + Home,Miscellaneous accessories,Электронные товары хобби и отдых Access,0,Estimation,1785790143,2556250359,17.01.2021 18:25:32
202103,ES + Home,Miscellaneous accessories,Компьютеры Access,1,Estimation,1638194611,2314539251,17.01.2021 18:25:32
202103,ES + Home,Miscellaneous accessories,Оборудование Access,0,Estimation,198140461,2788522328,17.01.2021 18:25:32
202103,ES + Home,Miscellaneous accessories,Компьютерная периферия Access,1,Estimation,2643043724,1734615253,17.01.2021 18:25:32
202103,ES + Home,Miscellaneous accessories,Бытовая техника Access,0,Estimation,3993031025,3281856497,17.01.2021 18:25:32
202103,ES + Home,Miscellaneous accessories,Компьютерная периферия Access,0,Estimation,3372414880,2043507284,17.01.2021 18:25:32
202103,ES + Home,Miscellaneous accessories,Домашняя Аудио и Видеотехника Access,0,Estimation,2737628814,593019942,17.01.2021 18:25:32
202103,ES + Home,Small Domestic Appliances,Мелкая бытовая техника SDA,0,Estimation,1711649599,4250928386,18.02.2021 14:45:14
202103,ES + Home,Small Domestic Appliances,Мелкая бытовая техника SDA,0,Estimation,2188905274,774568863,17.02.2021 18:25:32
202103,ES + Home,Small Domestic Appliances,Оборудование SDA,0,Estimation,789333038,3852276562,17.02.2021 18:25:32
202103,ES + Home,Small Domestic Appliances,Оборудование SDA,0,Estimation,983481118,962159420,18.02.2021 14:45:14
202103,ES + Home,Small Domestic Appliances,Мелкая бытовая техника SDA,1,Estimation,1469477804,2329809064,18.02.2021 14:45:14
202103,ES + Home,Small Domestic Appliances,Оборудование SDA,0,Estimation,4017922505,917783020,17.01.2021 18:25:32
202103,ES + Home,Small Domestic Appliances,Мелкая бытовая техника SDA,0,Estimation,2666278838,2063106890,18.01.2021 14:45:14
202103,ES + Home,Small Domestic Appliances,Мелкая бытовая техника SDA,0,Estimation,4083168792,1094906734,17.01.2021 18:25:32
202103,ES + Home,Small Domestic Appliances,Мелкая бытовая техника SDA,1,Estimation,3574680163,2532411072,18.01.2021 14:45:14
202103,ES + Home,Small Domestic Appliances,Оборудование SDA,0,Estimation,3585684287,2738493234,18.01.2021 14:45:14
202103,ES + Home,Smartphones & Tablets,Средства связи Smart&Tablets,0,Estimation,1064464324,1419966258,16.02.2021 18:10:45
202103,ES + Home,Smartphones & Tablets,Компьютеры Smart&Tablets,0,Estimation,1581211367,3735032599,16.02.2021 18:10:45
202103,ES + Home,Smartphones & Tablets,Компьютеры Smart&Tablets,1,Estimation,2455519726,2951708682,16.02.2021 18:29:35
202103,ES + Home,Smartphones & Tablets,Средства связи Smart&Tablets,1,Estimation,2640496854,4155642717,16.02.2021 18:29:35
202103,ES + Home,Smartphones & Tablets,Средства связи Smart&Tablets,0,Estimation,2812438440,4236821685,16.01.2021 18:10:45
202103,ES + Home,Smartphones & Tablets,Компьютеры Smart&Tablets,0,Estimation,780340305,403438045,16.01.2021 18:10:45
202103,ES + Home,Smartphones & Tablets,Компьютеры Smart&Tablets,1,Estimation,2130520745,25783197,16.01.2021 18:29:35
202103,ES + Home,Smartphones & Tablets,Средства связи Smart&Tablets,1,Estimation,4214548755,1563902300,16.01.2021 18:29:35
202103,ES + Home,Sport,Тренажеры и фитнес,1,Estimation,2272726090,2896227769,17.02.2021 18:25:32
202103,ES + Home,Sport,Туризм,1,Estimation,2230933600,14647009,17.02.2021 18:25:32
202103,ES + Home,Sport,Всесезонные виды спорта,1,Estimation,1041432132,4178641670,17.02.2021 18:25:32
202103,ES + Home,Sport,Туризм,0,Estimation,3733026227,1046113297,17.02.2021 18:25:32
202103,ES + Home,Sport,Всесезонные виды спорта,0,Estimation,107247346,1931645686,17.02.2021 18:25:32
202103,ES + Home,Sport,Товары для охоты,0,Estimation,2305927564,1745697610,17.02.2021 18:25:32
202103,ES + Home,Sport,Летние виды спорта,0,Estimation,2077941651,1401516133,17.02.2021 18:25:32
202103,ES + Home,Sport,Цирковое искусство,0,Estimation,3668786539,1804950029,17.02.2021 18:25:32
202103,ES + Home,Sport,Зимние виды спорта,0,Estimation,1658836196,541626344,17.02.2021 18:25:32
202103,ES + Home,Sport,Товары для рыбалки,0,Estimation,2526356753,2502246881,17.02.2021 18:25:32
202103,ES + Home,Sport,Спортивные аксессуары,1,Estimation,1639497563,3469159380,17.02.2021 18:25:32
202103,ES + Home,Sport,Единоборства,0,Estimation,2353463758,2973815714,17.02.2021 18:25:32
202103,ES + Home,Sport,Страйкбол и пневматика,0,Estimation,2157763201,3401729884,17.02.2021 18:25:32
202103,ES + Home,Sport,Спортивные аксессуары,0,Estimation,1964580301,996133964,17.02.2021 18:25:32
202103,ES + Home,Sport,Тренажеры и фитнес,0,Estimation,4021405002,1035013867,17.02.2021 18:25:32
202103,ES + Home,Sport,Товары для охоты,0,Estimation,3793935402,589160155,17.01.2021 18:25:32
202103,ES + Home,Sport,Тренажеры и фитнес,1,Estimation,1196746368,418735970,17.01.2021 18:25:32
202103,ES + Home,Sport,Туризм,0,Estimation,551868150,1755939111,17.01.2021 18:25:32
202103,ES + Home,Sport,Товары для рыбалки,0,Estimation,1882188977,1156310068,17.01.2021 18:25:32
202103,ES + Home,Sport,Зимние виды спорта,0,Estimation,2475961904,1803547411,17.01.2021 18:25:32
202103,ES + Home,Sport,Всесезонные виды спорта,0,Estimation,979526996,2722208716,17.01.2021 18:25:32
202103,ES + Home,Sport,Туризм,1,Estimation,2002423162,2883999310,17.01.2021 18:25:32
202103,ES + Home,Sport,Летние виды спорта,0,Estimation,2895733502,3504225977,17.01.2021 18:25:32
202103,ES + Home,Sport,Всесезонные виды спорта,1,Estimation,1437746018,2106226406,17.01.2021 18:25:32
202103,ES + Home,Sport,Спортивные аксессуары,0,Estimation,163489256,3948138825,17.01.2021 18:25:32
202103,ES + Home,Sport,Цирковое искусство,0,Estimation,3087102406,2773335447,17.01.2021 18:25:32
202103,ES + Home,Sport,Единоборства,0,Estimation,4107534007,2328624972,17.01.2021 18:25:32
202103,ES + Home,Sport,Спортивные аксессуары,1,Estimation,3591358742,1356925044,17.01.2021 18:25:32
202103,ES + Home,Sport,Тренажеры и фитнес,0,Estimation,2421543216,1780502150,17.01.2021 18:25:32
202103,ES + Home,Sport,Страйкбол и пневматика,0,Estimation,589013305,784608297,17.01.2021 18:25:32
202103,ES + Home,TV  audio  Hi-Fi & other electronics,Средства связи TV&Audio,0,Estimation,2353770886,842806373,17.02.2021 13:01:51
202103,ES + Home,TV  audio  Hi-Fi & other electronics,Фото и видео TV&Audio,0,Estimation,3158202068,1952690656,17.02.2021 13:01:51
202103,ES + Home,TV  audio  Hi-Fi & other electronics,Програмное обеспечение TV&Audio,0,Estimation,2865747741,152782602,17.02.2021 13:01:51
202103,ES + Home,TV  audio  Hi-Fi & other electronics,Автомобильная техника TV&Audio,1,Estimation,2064483748,4017607198,18.02.2021 14:45:14
202103,ES + Home,TV  audio  Hi-Fi & other electronics,Портативная аудиотехника TV&Audio,1,Estimation,553529952,3017032374,18.02.2021 14:45:14
202103,ES + Home,TV  audio  Hi-Fi & other electronics,Фото и видео TV&Audio,0,Estimation,581363672,2717969798,18.02.2021 14:45:14
202103,ES + Home,TV  audio  Hi-Fi & other electronics,Music,0,Estimation,3412734091,3337954749,18.02.2021 14:45:14
202103,ES + Home,TV  audio  Hi-Fi & other electronics,Портативная аудиотехника TV&Audio,0,Estimation,3982447942,75095065,18.02.2021 14:45:14
202103,ES + Home,TV  audio  Hi-Fi & other electronics,Movie,0,Estimation,2112210703,3972308604,18.02.2021 14:45:14
202103,ES + Home,TV  audio  Hi-Fi & other electronics,Movie,0,Estimation,3175106423,660340932,17.02.2021 13:01:51
202103,ES + Home,TV  audio  Hi-Fi & other electronics,Портативная аудиотехника TV&Audio,0,Estimation,959928002,2299123870,17.02.2021 13:01:51
202103,ES + Home,TV  audio  Hi-Fi & other electronics,Music,0,Estimation,615915553,1034546887,17.02.2021 13:01:51
202103,ES + Home,TV  audio  Hi-Fi & other electronics,Фото и видео TV&Audio,1,Estimation,1367110305,674394586,18.02.2021 14:45:14
202103,ES + Home,TV  audio  Hi-Fi & other electronics,Домашняя Аудио и Видеотехника TV&Audio,0,Estimation,1612055789,4099617698,18.02.2021 14:45:14
202103,ES + Home,TV  audio  Hi-Fi & other electronics,Средства связи TV&Audio,0,Estimation,3154624768,2568059873,18.02.2021 14:45:14
202103,ES + Home,TV  audio  Hi-Fi & other electronics,Электронные товары хобби и отдых TV&Audio,0,Estimation,3028124187,3216221199,18.02.2021 14:45:14
202103,ES + Home,TV  audio  Hi-Fi & other electronics,Компьютеры TV&Audio,1,Estimation,3217650492,1315857389,18.02.2021 14:45:14
202103,ES + Home,TV  audio  Hi-Fi & other electronics,Домашняя Аудио и Видеотехника TV&Audio,0,Estimation,3957431969,3083004690,17.02.2021 13:01:51
202103,ES + Home,TV  audio  Hi-Fi & other electronics,Програмное обеспечение TV&Audio,0,Estimation,1619694338,54540227,18.02.2021 14:45:14
202103,ES + Home,TV  audio  Hi-Fi & other electronics,Автомобильная техника TV&Audio,0,Estimation,4163850829,2417009026,18.02.2021 14:45:14
202103,ES + Home,TV  audio  Hi-Fi & other electronics,Электронные товары хобби и отдых TV&Audio,0,Estimation,359123121,3613713445,17.02.2021 13:01:51
202103,ES + Home,TV  audio  Hi-Fi & other electronics,Электронные товары хобби и отдых TV&Audio,1,Estimation,2335856036,3970784367,18.02.2021 14:45:14
202103,ES + Home,TV  audio  Hi-Fi & other electronics,Компьютеры TV&Audio,0,Estimation,355315007,1579187449,18.02.2021 14:45:14
202103,ES + Home,TV  audio  Hi-Fi & other electronics,Програмное обеспечение TV&Audio,1,Estimation,2539193557,1152413595,18.02.2021 14:45:14
202103,ES + Home,TV  audio  Hi-Fi & other electronics,Игровые приставки и аксессуары TV&Audio,0,Estimation,61507596,3163600339,17.02.2021 13:01:51
202103,ES + Home,TV  audio  Hi-Fi & other electronics,Средства связи TV&Audio,1,Estimation,3388401331,3202719651,18.02.2021 14:45:14
202103,ES + Home,TV  audio  Hi-Fi & other electronics,Карты оплаты  страховки TV&Audio,0,Estimation,1530768976,2474415712,18.02.2021 14:45:14
202103,ES + Home,TV  audio  Hi-Fi & other electronics,Домашняя Аудио и Видеотехника TV&Audio,1,Estimation,3400121517,1935669982,18.02.2021 14:45:14
202103,ES + Home,TV  audio  Hi-Fi & other electronics,Компьютеры TV&Audio,0,Estimation,1687024157,1337555649,17.02.2021 13:01:51
202103,ES + Home,TV  audio  Hi-Fi & other electronics,Компьютерная периферия TV&Audio,0,Estimation,717610687,490979656,17.02.2021 13:01:51
202103,ES + Home,TV  audio  Hi-Fi & other electronics,Фан атрибутика TV&Audio,0,Estimation,2136672404,2716593973,18.02.2021 14:45:14
202103,ES + Home,TV  audio  Hi-Fi & other electronics,Игровые приставки и аксессуары TV&Audio,1,Estimation,4106078576,3370202284,18.02.2021 14:45:14
202103,ES + Home,TV  audio  Hi-Fi & other electronics,Компьютерная периферия TV&Audio,0,Estimation,2954387537,2492700797,18.02.2021 14:45:14
202103,ES + Home,TV  audio  Hi-Fi & other electronics,Автомобильная техника TV&Audio,0,Estimation,3245851350,556086222,17.02.2021 13:01:51
202103,ES + Home,TV  audio  Hi-Fi & other electronics,Система безопасности TV&Audio,1,Estimation,2453521031,925620928,18.02.2021 14:45:14
202103,ES + Home,TV  audio  Hi-Fi & other electronics,Система безопасности TV&Audio,0,Estimation,679154936,3373343906,18.02.2021 14:45:14
202103,ES + Home,TV  audio  Hi-Fi & other electronics,Фан атрибутика TV&Audio,0,Estimation,2636302814,1961008941,17.02.2021 13:01:51
202103,ES + Home,TV  audio  Hi-Fi & other electronics,Игровые приставки и аксессуары TV&Audio,0,Estimation,1812426499,811430470,18.02.2021 14:45:14
202103,ES + Home,TV  audio  Hi-Fi & other electronics,Система безопасности TV&Audio,0,Estimation,2792368369,817656146,17.02.2021 13:01:51
202103,ES + Home,TV  audio  Hi-Fi & other electronics,Домашняя Аудио и Видеотехника TV&Audio,0,Estimation,2557579284,74784944,17.01.2021 13:01:51
202103,ES + Home,TV  audio  Hi-Fi & other electronics,Фан атрибутика TV&Audio,0,Estimation,456362325,653730896,18.01.2021 14:45:14
202103,ES + Home,TV  audio  Hi-Fi & other electronics,Портативная аудиотехника TV&Audio,1,Estimation,574880079,806625745,18.01.2021 14:45:14
202103,ES + Home,TV  audio  Hi-Fi & other electronics,Фото и видео TV&Audio,0,Estimation,980932328,824895194,18.01.2021 14:45:14
202103,ES + Home,TV  audio  Hi-Fi & other electronics,Фан атрибутика TV&Audio,0,Estimation,3053130744,3025074919,17.01.2021 13:01:51
202103,ES + Home,TV  audio  Hi-Fi & other electronics,Электронные товары хобби и отдых TV&Audio,0,Estimation,2071947624,1679546102,17.01.2021 13:01:51
202103,ES + Home,TV  audio  Hi-Fi & other electronics,Игровые приставки и аксессуары TV&Audio,0,Estimation,1533362817,2004942880,18.01.2021 14:45:14
202103,ES + Home,TV  audio  Hi-Fi & other electronics,Компьютеры TV&Audio,0,Estimation,2875673041,606298251,17.01.2021 13:01:51
202103,ES + Home,TV  audio  Hi-Fi & other electronics,Music,0,Estimation,2465293670,211057608,18.01.2021 14:45:14
202103,ES + Home,TV  audio  Hi-Fi & other electronics,Movie,0,Estimation,3220484653,2503411780,18.01.2021 14:45:14
202103,ES + Home,TV  audio  Hi-Fi & other electronics,Портативная аудиотехника TV&Audio,0,Estimation,1699644178,1345802150,18.01.2021 14:45:14
202103,ES + Home,TV  audio  Hi-Fi & other electronics,Игровые приставки и аксессуары TV&Audio,0,Estimation,3263423330,698791026,17.01.2021 13:01:51
202103,ES + Home,TV  audio  Hi-Fi & other electronics,Фото и видео TV&Audio,1,Estimation,174270395,2559710834,18.01.2021 14:45:14
202103,ES + Home,TV  audio  Hi-Fi & other electronics,Домашняя Аудио и Видеотехника TV&Audio,0,Estimation,648558059,3012652929,18.01.2021 14:45:14
202103,ES + Home,TV  audio  Hi-Fi & other electronics,Электронные товары хобби и отдых TV&Audio,0,Estimation,1923686127,2440768420,18.01.2021 14:45:14
202103,ES + Home,TV  audio  Hi-Fi & other electronics,Компьютеры TV&Audio,1,Estimation,3734764625,1023337086,18.01.2021 14:45:14
202103,ES + Home,TV  audio  Hi-Fi & other electronics,Фото и видео TV&Audio,0,Estimation,1752041176,426390831,17.01.2021 13:01:51
202103,ES + Home,TV  audio  Hi-Fi & other electronics,Movie,0,Estimation,368607747,2427155839,17.01.2021 13:01:51
202103,ES + Home,TV  audio  Hi-Fi & other electronics,Портативная аудиотехника TV&Audio,0,Estimation,3244630194,1145359384,17.01.2021 13:01:51
202103,ES + Home,TV  audio  Hi-Fi & other electronics,Music,0,Estimation,32312990,117227886,17.01.2021 13:01:51
202103,ES + Home,TV  audio  Hi-Fi & other electronics,Игровые приставки и аксессуары TV&Audio,1,Estimation,3436326407,2391640840,18.01.2021 14:45:14
202103,ES + Home,TV  audio  Hi-Fi & other electronics,Домашняя Аудио и Видеотехника TV&Audio,1,Estimation,2124437437,102503057,18.01.2021 14:45:14
202103,ES + Home,TV  audio  Hi-Fi & other electronics,Компьютерная периферия TV&Audio,0,Estimation,2653182262,3327015080,17.01.2021 13:01:51
202103,ES + Home,TV  audio  Hi-Fi & other electronics,Электронные товары хобби и отдых TV&Audio,1,Estimation,2934111365,1056375284,18.01.2021 14:45:14
202103,ES + Home,TV  audio  Hi-Fi & other electronics,Компьютеры TV&Audio,0,Estimation,558119550,380988977,18.01.2021 14:45:14
202103,ES + Home,TV  audio  Hi-Fi & other electronics,Компьютерная периферия TV&Audio,0,Estimation,951156192,1819810394,18.01.2021 14:45:14
202103,ES + Home,TV  audio  Hi-Fi & other electronics,Автомобильная техника TV&Audio,0,Estimation,923868860,1060880346,18.01.2021 14:45:14
202103,ES + Home,TV  audio  Hi-Fi & other electronics,Система безопасности TV&Audio,0,Estimation,3408575189,1923535410,17.01.2021 13:01:51
202103,ES + Home,TV  audio  Hi-Fi & other electronics,Автомобильная техника TV&Audio,1,Estimation,1210809573,3500553802,18.01.2021 14:45:14
202103,ES + Home,TV  audio  Hi-Fi & other electronics,Средства связи TV&Audio,1,Estimation,528684764,979379480,18.01.2021 14:45:14
202103,ES + Home,TV  audio  Hi-Fi & other electronics,Карты оплаты  страховки TV&Audio,0,Estimation,3896893045,165574541,18.01.2021 14:45:14
202103,ES + Home,TV  audio  Hi-Fi & other electronics,Система безопасности TV&Audio,1,Estimation,1089221860,3246884538,18.01.2021 14:45:14
202103,ES + Home,TV  audio  Hi-Fi & other electronics,Програмное обеспечение TV&Audio,1,Estimation,360440992,2950773873,18.01.2021 14:45:14
202103,ES + Home,TV  audio  Hi-Fi & other electronics,Програмное обеспечение TV&Audio,0,Estimation,2754170066,2065340871,17.01.2021 13:01:51
202103,ES + Home,TV  audio  Hi-Fi & other electronics,Автомобильная техника TV&Audio,0,Estimation,96352354,3367849238,17.01.2021 13:01:51
202103,ES + Home,TV  audio  Hi-Fi & other electronics,Програмное обеспечение TV&Audio,0,Estimation,3449307401,3956241493,18.01.2021 14:45:14
202103,ES + Home,TV  audio  Hi-Fi & other electronics,Средства связи TV&Audio,0,Estimation,2519068819,2730779009,18.01.2021 14:45:14
202103,ES + Home,TV  audio  Hi-Fi & other electronics,Средства связи TV&Audio,0,Estimation,2340720124,41606158,17.01.2021 13:01:51
202103,ES + Home,TV  audio  Hi-Fi & other electronics,Система безопасности TV&Audio,0,Estimation,670121242,145211951,18.01.2021 14:45:14
202103,FMCG,FMCG nonfood,Бытовая химия,0,Estimation,1052668937,2124370355,26.02.2021 01:05:34
202103,FMCG,FMCG nonfood,Кормление детское,0,Estimation,1962722971,3214454718,26.02.2021 01:35:54
202103,FMCG,FMCG nonfood,Электроника детская,0,Estimation,657759011,2458582145,26.02.2021 00:57:31
202103,FMCG,FMCG nonfood,Электроника детская,1,Estimation,1335463786,2935675433,26.02.2021 01:04:22
202103,FMCG,FMCG nonfood,Детская продукция,0,Estimation,2816174663,3922292859,26.02.2021 01:35:54
202103,FMCG,FMCG nonfood,Бритвы и лезвия,0,Estimation,4247028665,2630692281,26.02.2021 01:35:54
202103,FMCG,FMCG nonfood,Бритвы и лезвия,0,Estimation,1642629766,559712514,26.02.2021 01:05:34
202103,FMCG,FMCG nonfood,Бытовая химия,1,Estimation,4272297765,349825363,26.02.2021 01:04:22
202103,FMCG,FMCG nonfood,Кормление детское,0,Estimation,641209406,2152633409,26.02.2021 00:57:31
202103,FMCG,FMCG nonfood,Личная гигиена,0,Estimation,1177622312,444684751,26.02.2021 01:05:34
202103,FMCG,FMCG nonfood,Уход и гигиена,0,Estimation,1837172127,2421293676,26.02.2021 00:57:31
202103,FMCG,FMCG nonfood,Личная гигиена,0,Estimation,3617733343,1124858513,26.02.2021 01:35:54
202103,FMCG,FMCG nonfood,Детская продукция,0,Estimation,2786145926,2552584308,26.02.2021 00:57:31
202103,FMCG,FMCG nonfood,Уход и гигиена,1,Estimation,3971692211,3979100428,26.02.2021 01:04:22
202103,FMCG,FMCG nonfood,Бытовая химия,0,Estimation,3118874745,1773625049,26.02.2021 00:57:31
202103,FMCG,FMCG nonfood,Электроника детская,0,Estimation,4129010026,332565834,26.02.2021 01:05:34
202103,FMCG,FMCG nonfood,Электроника детская,0,Estimation,1259349661,785519101,26.02.2021 01:35:54
202103,FMCG,FMCG nonfood,Детская продукция,1,Estimation,3273230446,3649058052,26.02.2021 01:04:22
202103,FMCG,FMCG nonfood,Кормление детское,1,Estimation,337970352,3873771191,26.02.2021 01:04:22
202103,FMCG,FMCG nonfood,Личная гигиена,1,Estimation,301544521,2086653960,26.02.2021 01:04:22
202103,FMCG,FMCG nonfood,Бритвы и лезвия,0,Estimation,2463298925,3732721321,26.02.2021 00:57:31
202103,FMCG,FMCG nonfood,Бритвы и лезвия,1,Estimation,3872885878,1082254712,26.02.2021 01:04:22
202103,FMCG,FMCG nonfood,Кормление детское,0,Estimation,4225909775,66691007,26.02.2021 01:05:34
202103,FMCG,FMCG nonfood,Бытовая химия,0,Estimation,4077735247,1491602308,26.02.2021 01:35:54
202103,FMCG,FMCG nonfood,Личная гигиена,0,Estimation,614200187,2384023419,26.02.2021 00:57:31
202103,FMCG,FMCG nonfood,Уход и гигиена,0,Estimation,312560123,3218733567,26.02.2021 01:05:34
202103,FMCG,FMCG nonfood,Детская продукция,0,Estimation,808459406,1539059077,26.02.2021 01:05:34
202103,FMCG,FMCG nonfood,Уход и гигиена,0,Estimation,1011817718,3766446454,26.02.2021 01:35:54
202103,FMCG,FMCG nonfood,Уход и гигиена,0,Estimation,4038167725,1045190233,26.01.2021 00:57:31
202103,FMCG,FMCG nonfood,Уход и гигиена,0,Estimation,1607928769,4074175510,26.01.2021 01:35:54
202103,FMCG,FMCG nonfood,Электроника детская,0,Estimation,366111812,2748965456,26.01.2021 01:05:34
202103,FMCG,FMCG nonfood,Кормление детское,1,Estimation,3303704179,4074698052,26.01.2021 01:04:22
202103,FMCG,FMCG nonfood,Электроника детская,1,Estimation,3149498834,2570652141,26.01.2021 01:04:22
202103,FMCG,FMCG nonfood,Детская продукция,1,Estimation,1479383294,999402727,26.01.2021 01:04:22
202103,FMCG,FMCG nonfood,Бытовая химия,0,Estimation,1475324562,1094296769,26.01.2021 01:05:34
202103,FMCG,FMCG nonfood,Кормление детское,0,Estimation,2271821015,1640970094,26.01.2021 01:35:54
202103,FMCG,FMCG nonfood,Бытовая химия,0,Estimation,542793942,1534614698,26.01.2021 00:57:31
202103,FMCG,FMCG nonfood,Уход и гигиена,1,Estimation,1838810103,4113195956,26.01.2021 01:04:22
202103,FMCG,FMCG nonfood,Детская продукция,0,Estimation,4128541503,3675115093,26.01.2021 01:35:54
202103,FMCG,FMCG nonfood,Уход и гигиена,0,Estimation,2804812120,756292715,26.01.2021 01:05:34
202103,FMCG,FMCG nonfood,Электроника детская,0,Estimation,2036231550,1292956073,26.01.2021 01:35:54
202103,FMCG,FMCG nonfood,Электроника детская,0,Estimation,4236550168,3660027540,26.01.2021 00:57:31
202103,FMCG,FMCG nonfood,Личная гигиена,1,Estimation,4270799540,1704717081,26.01.2021 01:04:22
202103,FMCG,FMCG nonfood,Личная гигиена,0,Estimation,1469509630,111343693,26.01.2021 01:35:54
202103,FMCG,FMCG nonfood,Личная гигиена,0,Estimation,2936834055,1419529357,26.01.2021 00:57:31
202103,FMCG,FMCG nonfood,Кормление детское,0,Estimation,1583143290,3218128377,26.01.2021 00:57:31
202103,FMCG,FMCG nonfood,Бытовая химия,0,Estimation,1719263981,2832053478,26.01.2021 01:35:54
202103,FMCG,FMCG nonfood,Детская продукция,0,Estimation,4078746017,536187399,26.01.2021 00:57:31
202103,FMCG,FMCG nonfood,Бритвы и лезвия,0,Estimation,520089465,3069084263,26.01.2021 01:05:34
202103,FMCG,FMCG nonfood,Бытовая химия,1,Estimation,97636782,1797905506,26.01.2021 01:04:22
202103,FMCG,FMCG nonfood,Детская продукция,0,Estimation,229549914,377489931,26.01.2021 01:05:34
202103,FMCG,FMCG nonfood,Бритвы и лезвия,0,Estimation,4124149166,2683793357,26.01.2021 01:35:54
202103,FMCG,FMCG nonfood,Кормление детское,0,Estimation,1754935540,2062625284,26.01.2021 01:05:34
202103,FMCG,FMCG nonfood,Бритвы и лезвия,0,Estimation,539581778,3990703334,26.01.2021 00:57:31
202103,FMCG,FMCG nonfood,Бритвы и лезвия,1,Estimation,313960939,460512644,26.01.2021 01:04:22
202103,FMCG,FMCG nonfood,Личная гигиена,0,Estimation,951333776,538486139,26.01.2021 01:05:34
202103,FMCG,Food,Напитки,0,Estimation,1836698496,1763018232,26.02.2021 00:31:30
202103,FMCG,Food,Бакалея,0,Estimation,1923046478,2330126656,26.02.2021 01:35:54
202103,FMCG,Food,Молочная продукция стерилизованная,0,Estimation,1048008502,2063758746,26.02.2021 00:31:30
202103,FMCG,Food,Детское питание,0,Estimation,2019735708,4127920409,26.02.2021 01:35:54
202103,FMCG,Food,Молочная продукция стерилизованная,0,Estimation,4133689122,4051746657,26.02.2021 01:35:54
202103,FMCG,Food,Бакалея,0,Estimation,2422906675,691424384,26.02.2021 00:31:30
202103,FMCG,Food,Детское питание,0,Estimation,2633241394,3387590736,26.02.2021 00:31:30
202103,FMCG,Food,Молекулярная кухня,0,Estimation,2558704420,393230463,26.02.2021 00:23:17
202103,FMCG,Food,Напитки,0,Estimation,150946910,3948739341,26.02.2021 01:35:54
202103,FMCG,Food,Бакалея,0,Estimation,3739274496,1541431286,26.02.2021 00:23:17
202103,FMCG,Food,Детское питание,0,Estimation,1813526333,138418939,26.02.2021 00:23:17
202103,FMCG,Food,Напитки,1,Estimation,2357770063,1438486133,26.02.2021 00:30:07
202103,FMCG,Food,Детское питание,1,Estimation,1769606406,1791530300,26.02.2021 00:30:07
202103,FMCG,Food,Кондитерские изделия,0,Estimation,2351002299,1417325333,26.02.2021 00:31:30
202103,FMCG,Food,Напитки,0,Estimation,1450427085,1774039400,26.02.2021 00:23:17
202103,FMCG,Food,Молочная продукция стерилизованная,0,Estimation,3886555508,374100560,26.02.2021 00:23:17
202103,FMCG,Food,Кондитерские изделия,1,Estimation,2973766634,3772878580,26.02.2021 00:30:07
202103,FMCG,Food,Молекулярная кухня,0,Estimation,2216668769,3947965033,26.02.2021 01:35:54
202103,FMCG,Food,Бакалея,1,Estimation,440632206,3784444280,26.02.2021 00:30:07
202103,FMCG,Food,Кондитерские изделия,0,Estimation,1477279811,3332249775,26.02.2021 00:23:17
202103,FMCG,Food,Молочная продукция стерилизованная,1,Estimation,2518307897,4186856980,26.02.2021 00:30:07
202103,FMCG,Food,Кондитерские изделия,0,Estimation,364460511,1535119344,26.02.2021 01:35:54
202103,FMCG,Food,Молекулярная кухня,0,Estimation,2039274399,578956356,26.01.2021 00:23:17
202103,FMCG,Food,Молекулярная кухня,0,Estimation,2290512802,3084605115,26.01.2021 01:35:54
202103,FMCG,Food,Кондитерские изделия,0,Estimation,3642256153,852004501,26.01.2021 01:35:54
202103,FMCG,Food,Кондитерские изделия,0,Estimation,2662064418,1499520284,26.01.2021 00:23:17
202103,FMCG,Food,Бакалея,0,Estimation,272636817,2740271462,26.01.2021 00:31:30
202103,FMCG,Food,Бакалея,1,Estimation,3134165230,3292798885,26.01.2021 00:30:07
202103,FMCG,Food,Молочная продукция стерилизованная,1,Estimation,281607441,3003313977,26.01.2021 00:30:07
202103,FMCG,Food,Детское питание,0,Estimation,1902256684,4136502505,26.01.2021 00:31:30
202103,FMCG,Food,Кондитерские изделия,0,Estimation,2826326533,3544728785,26.01.2021 00:31:30
202103,FMCG,Food,Напитки,0,Estimation,173536987,2663880459,26.01.2021 00:23:17
202103,FMCG,Food,Молочная продукция стерилизованная,0,Estimation,2515367311,3555963434,26.01.2021 01:35:54
202103,FMCG,Food,Напитки,0,Estimation,2449507866,3474259955,26.01.2021 01:35:54
202103,FMCG,Food,Молочная продукция стерилизованная,0,Estimation,4241196044,993299202,26.01.2021 00:23:17
202103,FMCG,Food,Напитки,1,Estimation,2893296835,1045545939,26.01.2021 00:30:07
202103,FMCG,Food,Напитки,0,Estimation,3557446615,4145158659,26.01.2021 00:31:30
202103,FMCG,Food,Детское питание,1,Estimation,689398686,1250250214,26.01.2021 00:30:07
202103,FMCG,Food,Молочная продукция стерилизованная,0,Estimation,818334562,3408018910,26.01.2021 00:31:30
202103,FMCG,Food,Кондитерские изделия,1,Estimation,2258741878,953054288,26.01.2021 00:30:07
202103,FMCG,Food,Бакалея,0,Estimation,4226966166,2864500737,26.01.2021 00:23:17
202103,FMCG,Food,Детское питание,0,Estimation,3336545425,1947067738,26.01.2021 00:23:17
202103,FMCG,Food,Детское питание,0,Estimation,1912771662,3753912864,26.01.2021 01:35:54
202103,FMCG,Food,Бакалея,0,Estimation,2758774481,3773740024,26.01.2021 01:35:54
202103,FMCG,FreshFood,Молочная продукция и яйца Fresh,1,Estimation,1343308002,849198484,26.02.2021 00:30:36
202103,FMCG,FreshFood,Кулинария и полуфабрикаты Fresh,1,Estimation,13096668,1126727859,26.02.2021 00:30:36
202103,FMCG,FreshFood,Овощи  фрукты  зелень свежие,1,Estimation,1651166364,2046691145,26.02.2021 00:30:36
202103,FMCG,FreshFood,Рыба  морепродукты,1,Estimation,2162120483,338382369,26.02.2021 00:30:36
202103,FMCG,FreshFood,Мясная гастрономия,1,Estimation,516700065,1253962967,26.02.2021 00:30:36
202103,FMCG,FreshFood,Мясо  птица,1,Estimation,3588143614,389523908,26.02.2021 00:30:36
202103,FMCG,FreshFood,Напитки Fresh,1,Estimation,1895276555,3467706458,26.02.2021 00:30:36
202103,FMCG,FreshFood,Замороженные продукты,1,Estimation,2186736160,1590927872,26.02.2021 00:30:36
202103,FMCG,FreshFood,Растительные аналоги Fresh,1,Estimation,4205220187,2166314326,26.02.2021 00:30:36
202103,FMCG,FreshFood,Хлебобулочные изделия Fresh,1,Estimation,3272562806,3434108377,26.02.2021 00:30:36
202103,FMCG,FreshFood,Замороженные продукты,1,Estimation,3524010910,2143844771,26.01.2021 00:30:36
202103,FMCG,FreshFood,Рыба  морепродукты,1,Estimation,3787384897,338633859,26.01.2021 00:30:36
202103,FMCG,FreshFood,Мясная гастрономия,1,Estimation,509518256,835722698,26.01.2021 00:30:36
202103,FMCG,FreshFood,Молочная продукция и яйца Fresh,1,Estimation,569163768,2168827410,26.01.2021 00:30:36
202103,FMCG,FreshFood,Овощи  фрукты  зелень свежие,1,Estimation,1416947380,494451308,26.01.2021 00:30:36
202103,FMCG,FreshFood,Кулинария и полуфабрикаты Fresh,1,Estimation,4014765489,2622441731,26.01.2021 00:30:36
202103,FMCG,FreshFood,Хлебобулочные изделия Fresh,1,Estimation,3582693301,1415912322,26.01.2021 00:30:36
202103,FMCG,FreshFood,Мясо  птица,1,Estimation,4087810518,743031757,26.01.2021 00:30:36
202103,FMCG,FreshFood,Напитки Fresh,1,Estimation,4226554458,1997546895,26.01.2021 00:30:36
202103,FMCG,FreshFood,Растительные аналоги Fresh,1,Estimation,1801585941,1175650341,26.01.2021 00:30:36
202103,FMCG,Moms&Kids,Товары для школы  канцелярия  оборудование,1,Estimation,2225554617,2020167598,25.02.2021 13:53:11
202103,FMCG,Moms&Kids,КГТ и спорт для детей,0,Estimation,2900687347,444720345,26.02.2021 01:35:54
202103,FMCG,Moms&Kids,Игрушки,0,Estimation,2606750007,1586714249,25.02.2021 13:53:11
202103,FMCG,Moms&Kids,Игрушки,1,Estimation,4151750987,3941299440,25.02.2021 13:53:11
202103,FMCG,Moms&Kids,Творчество  хобби и игры,0,Estimation,761172520,3630213614,25.02.2021 13:53:11
202103,FMCG,Moms&Kids,КГТ и спорт для детей,0,Estimation,3680996339,1601732409,25.02.2021 14:13:39
202103,FMCG,Moms&Kids,Творчество  хобби и игры,1,Estimation,565487851,439808011,25.02.2021 13:53:11
202103,FMCG,Moms&Kids,Товары для школы  канцелярия  оборудование,0,Estimation,2520216381,1090433692,25.02.2021 13:53:11
202103,FMCG,Moms&Kids,Творчество  хобби и игры,0,Estimation,4043374854,4106104892,26.02.2021 01:35:54
202103,FMCG,Moms&Kids,Игрушки,0,Estimation,2617951693,3014244472,26.02.2021 01:35:54
202103,FMCG,Moms&Kids,Творчество  хобби и игры,0,Estimation,2972209408,2132940298,25.02.2021 14:13:39
202103,FMCG,Moms&Kids,Товары для школы  канцелярия  оборудование,0,Estimation,1539235148,2579574289,25.02.2021 14:13:39
202103,FMCG,Moms&Kids,КГТ и спорт для детей,0,Estimation,2911101379,977727481,25.02.2021 13:53:11
202103,FMCG,Moms&Kids,КГТ и спорт для детей,1,Estimation,982260201,4188945094,25.02.2021 13:53:11
202103,FMCG,Moms&Kids,Товары для школы  канцелярия  оборудование,0,Estimation,208453477,1191853216,26.02.2021 01:35:54
202103,FMCG,Moms&Kids,Игрушки,0,Estimation,1446252277,2561224905,25.02.2021 14:13:39
202103,FMCG,Moms&Kids,Игрушки,0,Estimation,9357344,637824804,25.01.2021 13:53:11
202103,FMCG,Moms&Kids,Товары для школы  канцелярия  оборудование,1,Estimation,4127983326,2265550584,25.01.2021 13:53:11
202103,FMCG,Moms&Kids,Игрушки,0,Estimation,246889166,1211801089,25.01.2021 14:13:39
202103,FMCG,Moms&Kids,Творчество  хобби и игры,0,Estimation,874449052,764617189,26.01.2021 01:35:54
202103,FMCG,Moms&Kids,Товары для школы  канцелярия  оборудование,0,Estimation,1224752059,3999356101,26.01.2021 01:35:54
202103,FMCG,Moms&Kids,Товары для школы  канцелярия  оборудование,0,Estimation,1692544607,519255060,25.01.2021 13:53:11
202103,FMCG,Moms&Kids,Игрушки,0,Estimation,3792835810,3633129052,26.01.2021 01:35:54
202103,FMCG,Moms&Kids,Игрушки,1,Estimation,4139720371,3447890660,25.01.2021 13:53:11
202103,FMCG,Moms&Kids,Товары для школы  канцелярия  оборудование,0,Estimation,2808782493,143594535,25.01.2021 14:13:39
202103,FMCG,Moms&Kids,КГТ и спорт для детей,0,Estimation,1025335516,697514295,25.01.2021 13:53:11
202103,FMCG,Moms&Kids,КГТ и спорт для детей,0,Estimation,2953185969,952123109,25.01.2021 14:13:39
202103,FMCG,Moms&Kids,Творчество  хобби и игры,0,Estimation,829122714,1094198549,25.01.2021 13:53:11
202103,FMCG,Moms&Kids,Творчество  хобби и игры,0,Estimation,2059686161,3485660014,25.01.2021 14:13:39
202103,FMCG,Moms&Kids,КГТ и спорт для детей,1,Estimation,4030051409,454848571,25.01.2021 13:53:11
202103,FMCG,Moms&Kids,Творчество  хобби и игры,1,Estimation,1142619230,4207928316,25.01.2021 13:53:11
202103,FMCG,Moms&Kids,КГТ и спорт для детей,0,Estimation,1785615325,2233553548,26.01.2021 01:35:54
202103,FMCG,Zoo,Фермерское хозяйство - Корма и кормовые добавки для птицеводства и животноводства,0,Estimation,4026030183,2462931367,26.02.2021 00:56:14
202103,FMCG,Zoo,Фермерское хозяйство - Товары для пчеловодства,0,Estimation,2767110530,1391092578,26.02.2021 00:56:14
202103,FMCG,Zoo,Гигиена и уход животных,0,Estimation,3787544976,1059593866,26.02.2021 01:02:02
202103,FMCG,Zoo,Товары для прогулки и дрессировки животных,0,Estimation,2079093603,3205180009,26.02.2021 01:02:02
202103,FMCG,Zoo,Зоокорм  витамины,1,Estimation,2360184620,1039881379,26.02.2021 01:00:04
202103,FMCG,Zoo,Фермерское хозяйство - Оборудование для птицеводства и животноводства,0,Estimation,892505844,2476105466,26.02.2021 00:56:14
202103,FMCG,Zoo,Фермерское хозяйство - Содержание  уход птицы и сельскохозяйственных животных,0,Estimation,1553735579,2828826135,26.02.2021 00:56:14
202103,FMCG,Zoo,Фермерское хозяйство - Оборудование для птицеводства и животноводства,0,Estimation,343418819,3018962960,26.02.2021 01:35:54
202103,FMCG,Zoo,Спальное место животного,1,Estimation,3607559232,2028355986,26.02.2021 01:00:04
202103,FMCG,Zoo,Зоокорм  витамины,0,Estimation,1033340625,760016965,26.02.2021 00:56:14
202103,FMCG,Zoo,Гигиена и уход животных,0,Estimation,3781238044,2644123763,26.02.2021 01:35:54
202103,FMCG,Zoo,Товары для прогулки и дрессировки животных,0,Estimation,3202461741,3051120977,26.02.2021 01:35:54
202103,FMCG,Zoo,Зоокорм  витамины,0,Estimation,2818125343,2855937596,26.02.2021 01:02:02
202103,FMCG,Zoo,Спальное место животного,0,Estimation,1766993179,1746632080,26.02.2021 00:56:14
202103,FMCG,Zoo,Спальное место животного,0,Estimation,275740560,1351403524,26.02.2021 01:35:54
202103,FMCG,Zoo,Гигиена и уход животных,1,Estimation,3179241243,1750240458,26.02.2021 01:00:04
202103,FMCG,Zoo,Гигиена и уход животных,0,Estimation,3807803709,2132464154,26.02.2021 00:56:14
202103,FMCG,Zoo,Товары для прогулки и дрессировки животных,0,Estimation,3600348164,1903579574,26.02.2021 00:56:14
202103,FMCG,Zoo,Зоокорм  витамины,0,Estimation,2572441318,3448692493,26.02.2021 01:35:54
202103,FMCG,Zoo,Спальное место животного,0,Estimation,1027937029,2494680293,26.02.2021 01:02:02
202103,FMCG,Zoo,Фермерское хозяйство - Содержание  уход птицы и сельскохозяйственных животных,0,Estimation,1845252730,2741853811,26.02.2021 01:35:54
202103,FMCG,Zoo,Товары для прогулки и дрессировки животных,1,Estimation,2480317860,601698989,26.02.2021 01:00:04
202103,FMCG,Zoo,Фермерское хозяйство - Корма и кормовые добавки для птицеводства и животноводства,0,Estimation,304841388,1255381906,26.02.2021 01:35:54
202103,FMCG,Zoo,Фермерское хозяйство - Товары для пчеловодства,0,Estimation,3022497628,972682223,26.02.2021 01:35:54
202103,FMCG,Zoo,Зоокорм  витамины,0,Estimation,3468082527,2394437647,26.01.2021 01:35:54
202103,FMCG,Zoo,Товары для прогулки и дрессировки животных,1,Estimation,1788036187,3755595517,26.01.2021 01:00:04
202103,FMCG,Zoo,Фермерское хозяйство - Корма и кормовые добавки для птицеводства и животноводства,0,Estimation,3658944638,1093754729,26.01.2021 01:35:54
202103,FMCG,Zoo,Фермерское хозяйство - Товары для пчеловодства,0,Estimation,448018600,4017654315,26.01.2021 01:35:54
202103,FMCG,Zoo,Зоокорм  витамины,0,Estimation,2765395642,1265487964,26.01.2021 01:02:02
202103,FMCG,Zoo,Товары для прогулки и дрессировки животных,0,Estimation,3901299151,3555655170,26.01.2021 01:02:02
202103,FMCG,Zoo,Гигиена и уход животных,0,Estimation,1598521481,3609635874,26.01.2021 01:02:02
202103,FMCG,Zoo,Фермерское хозяйство - Оборудование для птицеводства и животноводства,0,Estimation,3429860600,196276197,26.01.2021 00:56:14
202103,FMCG,Zoo,Гигиена и уход животных,1,Estimation,671122218,1528814518,26.01.2021 01:00:04
202103,FMCG,Zoo,Спальное место животного,0,Estimation,2341180469,2023295024,26.01.2021 01:35:54
202103,FMCG,Zoo,Товары для прогулки и дрессировки животных,0,Estimation,3212620755,1201826021,26.01.2021 00:56:14
202103,FMCG,Zoo,Гигиена и уход животных,0,Estimation,377669995,543610911,26.01.2021 00:56:14
202103,FMCG,Zoo,Фермерское хозяйство - Содержание  уход птицы и сельскохозяйственных животных,0,Estimation,1164306742,1764254968,26.01.2021 01:35:54
202103,FMCG,Zoo,Фермерское хозяйство - Оборудование для птицеводства и животноводства,0,Estimation,2203232368,631114400,26.01.2021 01:35:54
202103,FMCG,Zoo,Спальное место животного,1,Estimation,988671537,942615860,26.01.2021 01:00:04
202103,FMCG,Zoo,Гигиена и уход животных,0,Estimation,2591828678,3758568032,26.01.2021 01:35:54
202103,FMCG,Zoo,Товары для прогулки и дрессировки животных,0,Estimation,2725781776,1893171385,26.01.2021 01:35:54
202103,FMCG,Zoo,Зоокорм  витамины,0,Estimation,838306689,1220322071,26.01.2021 00:56:14
202103,FMCG,Zoo,Спальное место животного,0,Estimation,3428855662,3343935309,26.01.2021 00:56:14
202103,FMCG,Zoo,Фермерское хозяйство - Товары для пчеловодства,0,Estimation,234461711,4176022503,26.01.2021 00:56:14
202103,FMCG,Zoo,Фермерское хозяйство - Корма и кормовые добавки для птицеводства и животноводства,0,Estimation,975915633,2764739148,26.01.2021 00:56:14
202103,FMCG,Zoo,Фермерское хозяйство - Содержание  уход птицы и сельскохозяйственных животных,0,Estimation,1102090108,738827144,26.01.2021 00:56:14
202103,FMCG,Zoo,Спальное место животного,0,Estimation,1394752754,3986185216,26.01.2021 01:02:02
202103,FMCG,Zoo,Зоокорм  витамины,1,Estimation,2029647232,451614306,26.01.2021 01:00:04
202104,Beauty,Apparel,Аксессуары для взрослых и детей,0,Estimation,3834161294,497851602,25.02.2021 10:39:58
202104,Beauty,Apparel,Взрослая обувь,0,Estimation,1878372119,3732060030,25.02.2021 10:39:58
202104,Beauty,Apparel,Аксессуары для взрослых и детей,0,Estimation,3324505609,2764461696,25.02.2021 10:58:00
202104,Beauty,Apparel,Взрослая обувь,0,Estimation,3499487710,2561956670,25.02.2021 10:58:00
202104,Beauty,Apparel,Детская одежда,0,Estimation,732093653,1081995355,25.02.2021 10:58:00
202104,Beauty,Apparel,Детская одежда,0,Estimation,1737623276,589913657,25.02.2021 10:39:58
202104,Beauty,Apparel,Взрослая одежда,0,Estimation,2538107774,973089839,25.02.2021 10:58:00
202104,Beauty,Apparel,Детская обувь,0,Estimation,1568392275,3720129061,25.02.2021 10:39:58
202104,Beauty,Apparel,Взрослая одежда,1,Estimation,1615574689,1267588556,24.02.2021 16:27:18
202104,Beauty,Apparel,Взрослая одежда,0,Estimation,2210537365,3305086600,25.02.2021 10:39:58
202104,Beauty,Apparel,Детская обувь,0,Estimation,1457805163,1556817476,25.02.2021 10:58:00
202104,Beauty,Apparel,Бижутерия и часы бижутерные,0,Estimation,2611531189,1752738420,25.02.2021 10:39:58
202104,Beauty,Apparel,Бижутерия и часы бижутерные,0,Estimation,3973447168,1047387348,25.02.2021 10:58:00
202104,Beauty,Apparel,Аксессуары для взрослых и детей,1,Estimation,1156443682,2153884670,24.02.2021 16:27:18
202104,Beauty,Apparel,Взрослая одежда,0,Estimation,3124019888,3003362533,25.01.2021 10:39:58
202104,Beauty,Apparel,Аксессуары для взрослых и детей,1,Estimation,3936457499,3962427706,24.01.2021 16:27:18
202104,Beauty,Apparel,Аксессуары для взрослых и детей,0,Estimation,2398675018,844968921,25.01.2021 10:39:58
202104,Beauty,Apparel,Взрослая обувь,0,Estimation,2368026229,2378234457,25.01.2021 10:58:00
202104,Beauty,Apparel,Бижутерия и часы бижутерные,0,Estimation,3446709459,947223114,25.01.2021 10:39:58
202104,Beauty,Apparel,Взрослая одежда,0,Estimation,2846582376,1593453482,25.01.2021 10:58:00
202104,Beauty,Apparel,Взрослая одежда,1,Estimation,3780353266,2394591397,24.01.2021 16:27:18
202104,Beauty,Apparel,Детская одежда,0,Estimation,3719012461,3941852536,25.01.2021 10:58:00
202104,Beauty,Apparel,Детская одежда,0,Estimation,4253596569,835359726,25.01.2021 10:39:58
202104,Beauty,Apparel,Аксессуары для взрослых и детей,0,Estimation,3200182830,139854055,25.01.2021 10:58:00
202104,Beauty,Apparel,Детская обувь,0,Estimation,2863942063,59700831,25.01.2021 10:39:58
202104,Beauty,Apparel,Бижутерия и часы бижутерные,0,Estimation,800189248,2197913418,25.01.2021 10:58:00
202104,Beauty,Apparel,Взрослая обувь,0,Estimation,1420654956,3939690274,25.01.2021 10:39:58
202104,Beauty,Apparel,Детская обувь,0,Estimation,3489627205,3361588532,25.01.2021 10:58:00
202104,Beauty,Health&Beauty,Косметические средства для детей и беременных,0,Estimation,183623433,2020012812,25.02.2021 20:57:25
202104,Beauty,Health&Beauty,Уход и гигиена,0,Estimation,425739990,1741380634,25.02.2021 20:57:25
202104,Beauty,Health&Beauty,Косметические средства для детей и беременных,1,Estimation,2336706557,2519385302,24.02.2021 17:44:13
202104,Beauty,Health&Beauty,Косметика для ухода за волосами,0,Estimation,907021628,927766908,25.02.2021 20:57:25
202104,Beauty,Health&Beauty,Декоративная косметика,0,Estimation,3682954959,3833265365,25.02.2021 20:57:25
202104,Beauty,Health&Beauty,Косметические аксессуары,0,Estimation,3207285874,4146718603,25.02.2021 20:57:25
202104,Beauty,Health&Beauty,Парфюмерия  ароматерапия,1,Estimation,3525909194,3805075688,24.02.2021 17:44:13
202104,Beauty,Health&Beauty,Косметическая техника,0,Estimation,4032711563,311830206,25.02.2021 20:57:25
202104,Beauty,Health&Beauty,Декоративная косметика,1,Estimation,471715875,467061866,24.02.2021 17:44:13
202104,Beauty,Health&Beauty,Косметическая техника,1,Estimation,949146621,1806683183,24.02.2021 17:44:13
202104,Beauty,Health&Beauty,Уход и гигиена,1,Estimation,787166460,748823644,24.02.2021 17:44:13
202104,Beauty,Health&Beauty,Уход и гигиена,0,Estimation,3161093780,963439310,24.02.2021 11:02:28
202104,Beauty,Health&Beauty,Косметика для ухода за волосами,0,Estimation,1298378879,2424012283,24.02.2021 11:02:28
202104,Beauty,Health&Beauty,Косметика для ухода за кожей,0,Estimation,1964092664,1217818888,25.02.2021 20:57:25
202104,Beauty,Health&Beauty,Косметика для ухода за волосами,1,Estimation,3429418203,3106317366,24.02.2021 17:44:13
202104,Beauty,Health&Beauty,Парфюмерия  ароматерапия,0,Estimation,48882541,1978159269,25.02.2021 20:57:25
202104,Beauty,Health&Beauty,Косметические аксессуары,0,Estimation,2883436341,3029030716,24.02.2021 11:02:28
202104,Beauty,Health&Beauty,Декоративная косметика,0,Estimation,2712430429,1787369583,24.02.2021 11:02:28
202104,Beauty,Health&Beauty,Парфюмерия  ароматерапия,0,Estimation,2677298415,3696385333,24.02.2021 11:02:28
202104,Beauty,Health&Beauty,Косметические аксессуары,1,Estimation,3659051815,3316014927,24.02.2021 17:44:13
202104,Beauty,Health&Beauty,Косметика для ухода за кожей,1,Estimation,867951685,2274419476,24.02.2021 17:44:13
202104,Beauty,Health&Beauty,Косметические средства для детей и беременных,0,Estimation,3229557356,2151089679,24.02.2021 11:02:28
202104,Beauty,Health&Beauty,Косметическая техника,0,Estimation,1769605290,1615240235,24.02.2021 11:02:28
202104,Beauty,Health&Beauty,Косметика для ухода за кожей,0,Estimation,4007432055,4060122408,24.02.2021 11:02:28
202104,Beauty,Health&Beauty,Косметика для ухода за кожей,0,Estimation,4290145273,2577781868,24.01.2021 11:02:28
202104,Beauty,Health&Beauty,Косметическая техника,0,Estimation,2092799937,3902564068,24.01.2021 11:02:28
202104,Beauty,Health&Beauty,Косметика для ухода за волосами,1,Estimation,1486396955,1321163138,24.01.2021 17:44:13
202104,Beauty,Health&Beauty,Уход и гигиена,1,Estimation,1309458881,3836791022,24.01.2021 17:44:13
202104,Beauty,Health&Beauty,Косметика для ухода за кожей,1,Estimation,1440055997,1175483841,24.01.2021 17:44:13
202104,Beauty,Health&Beauty,Косметические средства для детей и беременных,0,Estimation,3810422637,962961839,25.01.2021 20:57:25
202104,Beauty,Health&Beauty,Косметическая техника,1,Estimation,2445294450,4140894420,24.01.2021 17:44:13
202104,Beauty,Health&Beauty,Декоративная косметика,1,Estimation,3778288821,4251853128,24.01.2021 17:44:13
202104,Beauty,Health&Beauty,Декоративная косметика,0,Estimation,3423240999,224104613,24.01.2021 11:02:28
202104,Beauty,Health&Beauty,Косметические аксессуары,0,Estimation,2251924043,1498537238,24.01.2021 11:02:28
202104,Beauty,Health&Beauty,Косметические средства для детей и беременных,0,Estimation,1802697364,4019390478,24.01.2021 11:02:28
202104,Beauty,Health&Beauty,Косметика для ухода за волосами,0,Estimation,3120741378,991430934,24.01.2021 11:02:28
202104,Beauty,Health&Beauty,Уход и гигиена,0,Estimation,110778162,4037332776,24.01.2021 11:02:28
202104,Beauty,Health&Beauty,Косметические аксессуары,1,Estimation,3626741613,4051407666,24.01.2021 17:44:13
202104,Beauty,Health&Beauty,Парфюмерия  ароматерапия,1,Estimation,2245779720,2047305233,24.01.2021 17:44:13
202104,Beauty,Health&Beauty,Косметические аксессуары,0,Estimation,2686454931,2843434909,25.01.2021 20:57:25
202104,Beauty,Health&Beauty,Декоративная косметика,0,Estimation,3640714839,911527208,25.01.2021 20:57:25
202104,Beauty,Health&Beauty,Косметические средства для детей и беременных,1,Estimation,3550675226,4262902888,24.01.2021 17:44:13
202104,Beauty,Health&Beauty,Парфюмерия  ароматерапия,0,Estimation,1928901771,943800521,24.01.2021 11:02:28
202104,Beauty,Health&Beauty,Парфюмерия  ароматерапия,0,Estimation,3360999496,3273090774,25.01.2021 20:57:25
202104,Beauty,Health&Beauty,Косметика для ухода за кожей,0,Estimation,2659686819,1275644572,25.01.2021 20:57:25
202104,Beauty,Health&Beauty,Косметическая техника,0,Estimation,790581589,2831247226,25.01.2021 20:57:25
202104,Beauty,Health&Beauty,Уход и гигиена,0,Estimation,1328456475,3193271817,25.01.2021 20:57:25
202104,Beauty,Health&Beauty,Косметика для ухода за волосами,0,Estimation,271996259,3403292177,25.01.2021 20:57:25
202104,Beauty,Jewelry,Ювелирные изделия,0,Estimation,4238319737,3156800848,25.02.2021 15:11:04
202104,Beauty,Jewelry,Ювелирные изделия,0,Estimation,2339159723,557970746,25.01.2021 15:11:04
202104,Beauty,Pharmacy,Медицинские изделия,0,Estimation,3873139184,642048266,20.02.2021 18:23:40
202104,Beauty,Pharmacy,Профессиональный уход за полостью рта,1,Estimation,923304918,787870010,24.02.2021 23:38:51
202104,Beauty,Pharmacy,Электронные сигареты  парители  кальяны,0,Estimation,4252056478,3448703902,20.02.2021 18:23:40
202104,Beauty,Pharmacy,Профессиональный уход за полостью рта,0,Estimation,3412770408,4012950171,20.02.2021 18:23:40
202104,Beauty,Pharmacy,Медицинские изделия,1,Estimation,1554501196,4174920756,24.02.2021 23:38:51
202104,Beauty,Pharmacy,Тату,0,Estimation,1171638242,164454649,20.02.2021 18:23:40
202104,Beauty,Pharmacy,Витамины и БАДы,0,Estimation,345671440,609401690,20.02.2021 18:23:40
202104,Beauty,Pharmacy,Оптика,0,Estimation,2624535928,2665274768,20.02.2021 18:23:40
202104,Beauty,Pharmacy,Оптика,1,Estimation,454423085,270232458,24.02.2021 23:38:51
202104,Beauty,Pharmacy,Витамины и БАДы,1,Estimation,2626147691,1020850149,24.02.2021 23:38:51
202104,Beauty,Pharmacy,Электронные сигареты  парители  кальяны,1,Estimation,1945104410,2650061887,24.02.2021 23:38:51
202104,Beauty,Pharmacy,Средства реабилитации,0,Estimation,3366459135,2317019619,20.02.2021 18:23:40
202104,Beauty,Pharmacy,Лекарственные средства для животных,0,Estimation,1216709980,248109284,20.02.2021 18:23:40
202104,Beauty,Pharmacy,Лекарственные средства,0,Estimation,948869219,2425940321,20.02.2021 18:23:40
202104,Beauty,Pharmacy,Антибактериальные  дезинфицирующие средства,0,Estimation,120543816,183644780,20.02.2021 18:23:40
202104,Beauty,Pharmacy,Спортивное питание,1,Estimation,864765106,1738918760,24.02.2021 23:38:51
202104,Beauty,Pharmacy,Ортопедия и компрессионный трикотаж,0,Estimation,3089637076,581679456,20.02.2021 18:23:40
202104,Beauty,Pharmacy,Товары для взрослых,1,Estimation,3044075856,523767336,24.02.2021 23:38:51
202104,Beauty,Pharmacy,Лекарственные средства,1,Estimation,2054848311,782896456,24.02.2021 23:38:51
202104,Beauty,Pharmacy,Уход и гигиена,1,Estimation,2506190961,2331468203,24.02.2021 23:38:51
202104,Beauty,Pharmacy,Парафармацевтика,1,Estimation,2126726279,1552635505,24.02.2021 23:38:51
202104,Beauty,Pharmacy,Уход и гигиена,0,Estimation,1270827428,1106744223,20.02.2021 18:23:40
202104,Beauty,Pharmacy,Медицинская техника,0,Estimation,697088707,1548291770,20.02.2021 18:23:40
202104,Beauty,Pharmacy,Товары для взрослых,0,Estimation,1525074087,195761658,20.02.2021 18:23:40
202104,Beauty,Pharmacy,Медицинская техника,1,Estimation,3141664397,949045261,24.02.2021 23:38:51
202104,Beauty,Pharmacy,Ортопедия и компрессионный трикотаж,1,Estimation,2009281717,462574205,24.02.2021 23:38:51
202104,Beauty,Pharmacy,Средства реабилитации,1,Estimation,1011814260,3296724127,24.02.2021 23:38:51
202104,Beauty,Pharmacy,Антибактериальные  дезинфицирующие средства,1,Estimation,1143840709,2833612379,24.02.2021 23:38:51
202104,Beauty,Pharmacy,Спортивное питание,0,Estimation,3337727359,2329952252,20.02.2021 18:23:40
202104,Beauty,Pharmacy,Парафармацевтика,0,Estimation,412543109,2395647848,20.02.2021 18:23:40
202104,Beauty,Pharmacy,Электронные сигареты  парители  кальяны,0,Estimation,3470469330,3608588137,20.01.2021 18:23:40
202104,Beauty,Pharmacy,Спортивное питание,0,Estimation,4166970260,2376281665,20.01.2021 18:23:40
202104,Beauty,Pharmacy,Лекарственные средства,1,Estimation,947475798,721719656,24.01.2021 23:38:51
202104,Beauty,Pharmacy,Витамины и БАДы,1,Estimation,1813481408,12320752,24.01.2021 23:38:51
202104,Beauty,Pharmacy,Оптика,1,Estimation,2493646675,1215819203,24.01.2021 23:38:51
202104,Beauty,Pharmacy,Антибактериальные  дезинфицирующие средства,1,Estimation,287461904,2335185858,24.01.2021 23:38:51
202104,Beauty,Pharmacy,Ортопедия и компрессионный трикотаж,1,Estimation,2804893699,2971366153,24.01.2021 23:38:51
202104,Beauty,Pharmacy,Средства реабилитации,1,Estimation,1433461681,3553613687,24.01.2021 23:38:51
202104,Beauty,Pharmacy,Ортопедия и компрессионный трикотаж,0,Estimation,4131412988,4109842176,20.01.2021 18:23:40
202104,Beauty,Pharmacy,Медицинские изделия,1,Estimation,1921058513,2655247398,24.01.2021 23:38:51
202104,Beauty,Pharmacy,Профессиональный уход за полостью рта,0,Estimation,1378716645,1022491546,20.01.2021 18:23:40
202104,Beauty,Pharmacy,Медицинские изделия,0,Estimation,174748396,3323467891,20.01.2021 18:23:40
202104,Beauty,Pharmacy,Антибактериальные  дезинфицирующие средства,0,Estimation,88748832,2275715285,20.01.2021 18:23:40
202104,Beauty,Pharmacy,Тату,0,Estimation,1833869423,3320186598,20.01.2021 18:23:40
202104,Beauty,Pharmacy,Лекарственные средства,0,Estimation,1733332700,2361363370,20.01.2021 18:23:40
202104,Beauty,Pharmacy,Витамины и БАДы,0,Estimation,2590416855,1863294586,20.01.2021 18:23:40
202104,Beauty,Pharmacy,Оптика,0,Estimation,3131943618,3470219753,20.01.2021 18:23:40
202104,Beauty,Pharmacy,Профессиональный уход за полостью рта,1,Estimation,1904990244,283717472,24.01.2021 23:38:51
202104,Beauty,Pharmacy,Лекарственные средства для животных,0,Estimation,2538113043,3588810729,20.01.2021 18:23:40
202104,Beauty,Pharmacy,Спортивное питание,1,Estimation,1479890462,1408001183,24.01.2021 23:38:51
202104,Beauty,Pharmacy,Медицинская техника,0,Estimation,2278133461,2979088062,20.01.2021 18:23:40
202104,Beauty,Pharmacy,Товары для взрослых,0,Estimation,620596042,1087084893,20.01.2021 18:23:40
202104,Beauty,Pharmacy,Медицинская техника,1,Estimation,538924651,1506001815,24.01.2021 23:38:51
202104,Beauty,Pharmacy,Средства реабилитации,0,Estimation,1619469157,1292965366,20.01.2021 18:23:40
202104,Beauty,Pharmacy,Парафармацевтика,0,Estimation,1005224371,3192120477,20.01.2021 18:23:40
202104,Beauty,Pharmacy,Электронные сигареты  парители  кальяны,1,Estimation,2260642378,1886620631,24.01.2021 23:38:51
202104,Beauty,Pharmacy,Парафармацевтика,1,Estimation,93112261,3882586709,24.01.2021 23:38:51
202104,Beauty,Pharmacy,Товары для взрослых,1,Estimation,867019188,2208864918,24.01.2021 23:38:51
202104,Beauty,Pharmacy,Уход и гигиена,0,Estimation,2653876783,2300210988,20.01.2021 18:23:40
202104,Beauty,Pharmacy,Уход и гигиена,1,Estimation,2078452211,873123362,24.01.2021 23:38:51
202104,ES + Home,Auto&Moto,Универсальные авто и мото аксессуары,0,Estimation,3093626800,3458798306,18.02.2021 14:15:16
202104,ES + Home,Auto&Moto,Масла и автохимия,0,Estimation,3995590813,1615387668,18.02.2021 14:15:16
202104,ES + Home,Auto&Moto,Шины и диски,0,Estimation,1205650028,2880735692,17.02.2021 18:25:32
202104,ES + Home,Auto&Moto,Масла и автохимия,1,Estimation,340344131,4271124768,18.02.2021 14:15:16
202104,ES + Home,Auto&Moto,Автоинструменты и гаражное оборудование,0,Estimation,725356947,3712109135,18.02.2021 14:15:16
202104,ES + Home,Auto&Moto,Автомобили и мототехника,0,Estimation,1746779265,3898227553,18.02.2021 14:15:16
202104,ES + Home,Auto&Moto,Автоинструменты и гаражное оборудование,1,Estimation,552679704,4124462490,18.02.2021 14:15:16
202104,ES + Home,Auto&Moto,Авто и мото запчасти,0,Estimation,1994321332,3995454736,17.02.2021 18:25:32
202104,ES + Home,Auto&Moto,Дополнительное оборудование для авто и мото техники,0,Estimation,5937616,2116587680,18.02.2021 14:15:16
202104,ES + Home,Auto&Moto,Универсальные авто и мото аксессуары,1,Estimation,3278239726,3100477417,18.02.2021 14:15:16
202104,ES + Home,Auto&Moto,Авто и мото запчасти,0,Estimation,1239843878,3315074952,18.02.2021 14:15:16
202104,ES + Home,Auto&Moto,Автоинструменты и гаражное оборудование,0,Estimation,3979118318,1575140443,17.02.2021 18:25:32
202104,ES + Home,Auto&Moto,Дополнительное оборудование для авто и мото техники,0,Estimation,1808096527,1968483828,17.02.2021 18:25:32
202104,ES + Home,Auto&Moto,Шины и диски,0,Estimation,83938467,2833235510,18.02.2021 14:15:16
202104,ES + Home,Auto&Moto,Масла и автохимия,0,Estimation,1474412006,2638908686,17.02.2021 18:25:32
202104,ES + Home,Auto&Moto,Авто и мото запчасти,1,Estimation,2122140110,813562141,18.02.2021 14:15:16
202104,ES + Home,Auto&Moto,Универсальные авто и мото аксессуары,0,Estimation,3850411800,401515931,17.02.2021 18:25:32
202104,ES + Home,Auto&Moto,Автомобили и мототехника,0,Estimation,2609560650,2246002348,17.02.2021 18:25:32
202104,ES + Home,Auto&Moto,Шины и диски,0,Estimation,1078564359,2467370161,17.01.2021 18:25:32
202104,ES + Home,Auto&Moto,Шины и диски,0,Estimation,2660741479,2177973051,18.01.2021 14:15:16
202104,ES + Home,Auto&Moto,Авто и мото запчасти,0,Estimation,3103865673,2641812862,17.01.2021 18:25:32
202104,ES + Home,Auto&Moto,Авто и мото запчасти,0,Estimation,3370103855,1649471852,18.01.2021 14:15:16
202104,ES + Home,Auto&Moto,Авто и мото запчасти,1,Estimation,3499105123,1244977094,18.01.2021 14:15:16
202104,ES + Home,Auto&Moto,Автоинструменты и гаражное оборудование,0,Estimation,2298976002,1945149188,18.01.2021 14:15:16
202104,ES + Home,Auto&Moto,Масла и автохимия,0,Estimation,1781951472,3254093365,17.01.2021 18:25:32
202104,ES + Home,Auto&Moto,Автоинструменты и гаражное оборудование,1,Estimation,3495205036,368368928,18.01.2021 14:15:16
202104,ES + Home,Auto&Moto,Универсальные авто и мото аксессуары,0,Estimation,3109235310,1360258433,17.01.2021 18:25:32
202104,ES + Home,Auto&Moto,Дополнительное оборудование для авто и мото техники,0,Estimation,3653990660,3031973394,18.01.2021 14:15:16
202104,ES + Home,Auto&Moto,Универсальные авто и мото аксессуары,1,Estimation,2549968926,1902989558,18.01.2021 14:15:16
202104,ES + Home,Auto&Moto,Автомобили и мототехника,0,Estimation,2211882508,1373224686,17.01.2021 18:25:32
202104,ES + Home,Auto&Moto,Универсальные авто и мото аксессуары,0,Estimation,2421588815,3558843791,18.01.2021 14:15:16
202104,ES + Home,Auto&Moto,Дополнительное оборудование для авто и мото техники,0,Estimation,138464331,2011090609,17.01.2021 18:25:32
202104,ES + Home,Auto&Moto,Автомобили и мототехника,0,Estimation,706314028,1157704650,18.01.2021 14:15:16
202104,ES + Home,Auto&Moto,Масла и автохимия,0,Estimation,1042960921,3236285698,18.01.2021 14:15:16
202104,ES + Home,Auto&Moto,Масла и автохимия,1,Estimation,932425117,212086322,18.01.2021 14:15:16
202104,ES + Home,Auto&Moto,Автоинструменты и гаражное оборудование,0,Estimation,3874481607,3551188777,17.01.2021 18:25:32
202104,ES + Home,Books,Нехудожественная литература,1,Estimation,827385302,349825314,16.02.2021 18:29:37
202104,ES + Home,Books,Комиксы,0,Estimation,1845521186,2075327104,16.02.2021 18:01:08
202104,ES + Home,Books,Книга по требованию,0,Estimation,1613306725,541417318,16.02.2021 18:01:08
202104,ES + Home,Books,Литература на иностранном языке,0,Estimation,978747572,4109601095,16.02.2021 18:01:08
202104,ES + Home,Books,Комиксы,1,Estimation,1353421623,4044661607,16.02.2021 18:29:37
202104,ES + Home,Books,Нехудожественная литература,0,Estimation,270730662,530842591,16.02.2021 18:01:08
202104,ES + Home,Books,Букинистическое издание,0,Estimation,1104673726,4239724024,16.02.2021 18:01:08
202104,ES + Home,Books,Манга,0,Estimation,3215188589,608746483,16.02.2021 18:01:08
202104,ES + Home,Books,Учебная литература,0,Estimation,834797865,2188071502,16.02.2021 18:01:08
202104,ES + Home,Books,Художественная литература,1,Estimation,266470250,584915033,16.02.2021 18:29:37
202104,ES + Home,Books,Аудиокнига,0,Estimation,168715070,2622646983,16.02.2021 18:01:08
202104,ES + Home,Books,Антикварное издание,0,Estimation,285930011,3095018613,16.02.2021 18:01:08
202104,ES + Home,Books,Современные листовые издания,0,Estimation,3178081136,1635514295,16.02.2021 18:01:08
202104,ES + Home,Books,Современные картографические издания,0,Estimation,1543987696,411518393,16.02.2021 18:01:08
202104,ES + Home,Books,Манга,1,Estimation,315252461,2799597488,16.02.2021 18:29:37
202104,ES + Home,Books,Художественная литература,0,Estimation,490750656,2324603487,16.02.2021 18:01:08
202104,ES + Home,Books,Иностранное издание,0,Estimation,1750224558,2817753990,16.02.2021 18:01:08
202104,ES + Home,Books,Блокноты с ISBN,1,Estimation,3699140529,580872245,16.02.2021 18:29:37
202104,ES + Home,Books,ПО на физических носителях,0,Estimation,4050773387,3382304171,16.02.2021 18:01:08
202104,ES + Home,Books,Бизнес-литература,0,Estimation,2003009053,784543648,16.02.2021 18:01:08
202104,ES + Home,Books,Современная печатная книга,0,Estimation,1494696928,3205943606,16.02.2021 18:01:08
202104,ES + Home,Books,Книги детям и родителям,1,Estimation,2990404569,4044002794,16.02.2021 18:29:37
202104,ES + Home,Books,Блокноты с ISBN,0,Estimation,3248035788,3075715037,16.02.2021 18:01:08
202104,ES + Home,Books,Second-hand книга,1,Estimation,4038664432,44048031,16.02.2021 18:29:37
202104,ES + Home,Books,Second-hand книга,0,Estimation,3763441327,594313849,16.02.2021 18:01:08
202104,ES + Home,Books,Цифровая книга,0,Estimation,3788379007,1130187664,16.02.2021 18:01:08
202104,ES + Home,Books,Современная печатная книга,1,Estimation,3669702718,1493570391,16.02.2021 18:29:37
202104,ES + Home,Books,Цифровая аудиокнига,0,Estimation,2746028357,3959636287,16.02.2021 18:01:08
202104,ES + Home,Books,Календари,0,Estimation,1186297129,1636172141,16.02.2021 18:01:08
202104,ES + Home,Books,Бизнес-литература,1,Estimation,327918117,3616454618,16.02.2021 18:29:37
202104,ES + Home,Books,Книги детям и родителям,0,Estimation,822689729,3814663957,16.02.2021 18:01:08
202104,ES + Home,Books,Цифровая аудиокнига,0,Estimation,1778459804,2801871998,16.01.2021 18:01:08
202104,ES + Home,Books,Художественная литература,0,Estimation,3543629943,3394252199,16.01.2021 18:01:08
202104,ES + Home,Books,Художественная литература,1,Estimation,3048627989,793307098,16.01.2021 18:29:37
202104,ES + Home,Books,Современная печатная книга,0,Estimation,1554479596,3748901401,16.01.2021 18:01:08
202104,ES + Home,Books,Манга,1,Estimation,3065736833,3966294731,16.01.2021 18:29:37
202104,ES + Home,Books,Second-hand книга,0,Estimation,4077427733,543921556,16.01.2021 18:01:08
202104,ES + Home,Books,Книги детям и родителям,1,Estimation,3921794900,3799304750,16.01.2021 18:29:37
202104,ES + Home,Books,Комиксы,1,Estimation,2483321677,1584497079,16.01.2021 18:29:37
202104,ES + Home,Books,Литература на иностранном языке,0,Estimation,3790550832,3990962186,16.01.2021 18:01:08
202104,ES + Home,Books,Блокноты с ISBN,0,Estimation,3805271832,945434582,16.01.2021 18:01:08
202104,ES + Home,Books,Нехудожественная литература,1,Estimation,274433690,3353324922,16.01.2021 18:29:37
202104,ES + Home,Books,Учебная литература,0,Estimation,1783217776,771628069,16.01.2021 18:01:08
202104,ES + Home,Books,Календари,0,Estimation,40018559,2251741023,16.01.2021 18:01:08
202104,ES + Home,Books,Second-hand книга,1,Estimation,1939338935,303704386,16.01.2021 18:29:37
202104,ES + Home,Books,Иностранное издание,0,Estimation,3666739081,35609235,16.01.2021 18:01:08
202104,ES + Home,Books,Цифровая книга,0,Estimation,4011282842,1500036866,16.01.2021 18:01:08
202104,ES + Home,Books,Манга,0,Estimation,81700582,3841507375,16.01.2021 18:01:08
202104,ES + Home,Books,Аудиокнига,0,Estimation,1134102756,2245183512,16.01.2021 18:01:08
202104,ES + Home,Books,Современная печатная книга,1,Estimation,3307914190,192165992,16.01.2021 18:29:37
202104,ES + Home,Books,Антикварное издание,0,Estimation,1904161028,2351807486,16.01.2021 18:01:08
202104,ES + Home,Books,Современные картографические издания,0,Estimation,2969862504,3147090079,16.01.2021 18:01:08
202104,ES + Home,Books,Современные листовые издания,0,Estimation,4189126863,3282134169,16.01.2021 18:01:08
202104,ES + Home,Books,Книги детям и родителям,0,Estimation,545943019,3460835439,16.01.2021 18:01:08
202104,ES + Home,Books,Блокноты с ISBN,1,Estimation,3918542583,1199562087,16.01.2021 18:29:37
202104,ES + Home,Books,Букинистическое издание,0,Estimation,2468637617,1547274521,16.01.2021 18:01:08
202104,ES + Home,Books,Нехудожественная литература,0,Estimation,586119245,1190718376,16.01.2021 18:01:08
202104,ES + Home,Books,Бизнес-литература,0,Estimation,3740948801,1051617055,16.01.2021 18:01:08
202104,ES + Home,Books,Бизнес-литература,1,Estimation,647516532,3121478518,16.01.2021 18:29:37
202104,ES + Home,Books,ПО на физических носителях,0,Estimation,583608112,445927561,16.01.2021 18:01:08
202104,ES + Home,Books,Книга по требованию,0,Estimation,2999409095,1785973445,16.01.2021 18:01:08
202104,ES + Home,Books,Комиксы,0,Estimation,2674940120,1476758089,16.01.2021 18:01:08
202104,ES + Home,Digital,Програмное обеспечение Digital,0,Estimation,2481152282,2332456124,25.02.2021 22:27:30
202104,ES + Home,Digital,Програмное обеспечение Digital,0,Estimation,3717300287,2281336600,25.01.2021 22:27:30
202104,ES + Home,DIY,Сантехника,0,Estimation,1150439898,774441418,18.02.2021 14:45:14
202104,ES + Home,DIY,Ремонт и строительство,0,Estimation,2000261179,4229529519,17.02.2021 18:25:32
202104,ES + Home,DIY,Освещение,0,Estimation,1571506242,3735237351,17.02.2021 18:25:32
202104,ES + Home,DIY,Сад и огород,1,Estimation,2366961704,2525651080,18.02.2021 14:45:14
202104,ES + Home,DIY,Фильтры для воды,0,Estimation,3404913582,4151053797,17.02.2021 18:25:32
202104,ES + Home,DIY,Сад и огород,0,Estimation,1030038599,3830967310,18.02.2021 14:45:14
202104,ES + Home,DIY,Инструменты,1,Estimation,1535033034,878771376,18.02.2021 14:45:14
202104,ES + Home,DIY,Инструменты,0,Estimation,966297556,2164587573,18.02.2021 14:45:14
202104,ES + Home,DIY,Сантехника,0,Estimation,4144347447,3557449942,17.02.2021 18:25:32
202104,ES + Home,DIY,Освещение,1,Estimation,1963038305,1720486401,18.02.2021 14:45:14
202104,ES + Home,DIY,Ремонт и строительство,1,Estimation,3679553431,519162051,18.02.2021 14:45:14
202104,ES + Home,DIY,Инструменты,0,Estimation,3154352870,459896635,17.02.2021 18:25:32
202104,ES + Home,DIY,Ремонт и строительство,0,Estimation,2168847462,916491106,18.02.2021 14:45:14
202104,ES + Home,DIY,Фильтры для воды,1,Estimation,190290430,351318438,18.02.2021 14:45:14
202104,ES + Home,DIY,Освещение,0,Estimation,1480775623,4133591349,18.02.2021 14:45:14
202104,ES + Home,DIY,Сад и огород,0,Estimation,2456574722,405034424,17.02.2021 18:25:32
202104,ES + Home,DIY,Фильтры для воды,0,Estimation,886772164,918636980,18.02.2021 14:45:14
202104,ES + Home,DIY,Сад и огород,1,Estimation,1031045345,662832965,18.01.2021 14:45:14
202104,ES + Home,DIY,Сад и огород,0,Estimation,7773293,3002699756,18.01.2021 14:45:14
202104,ES + Home,DIY,Сантехника,0,Estimation,4253875218,3732930151,17.01.2021 18:25:32
202104,ES + Home,DIY,Фильтры для воды,0,Estimation,3188211801,1169212121,17.01.2021 18:25:32
202104,ES + Home,DIY,Сантехника,0,Estimation,2897047627,2281797488,18.01.2021 14:45:14
202104,ES + Home,DIY,Инструменты,1,Estimation,985117994,1457152433,18.01.2021 14:45:14
202104,ES + Home,DIY,Освещение,0,Estimation,3139135901,468969669,17.01.2021 18:25:32
202104,ES + Home,DIY,Ремонт и строительство,0,Estimation,11954879,708418463,17.01.2021 18:25:32
202104,ES + Home,DIY,Инструменты,0,Estimation,1707201483,1548318909,18.01.2021 14:45:14
202104,ES + Home,DIY,Сад и огород,0,Estimation,3630409537,2069367332,17.01.2021 18:25:32
202104,ES + Home,DIY,Освещение,1,Estimation,4223783752,3861954061,18.01.2021 14:45:14
202104,ES + Home,DIY,Ремонт и строительство,1,Estimation,2146910681,2721988705,18.01.2021 14:45:14
202104,ES + Home,DIY,Ремонт и строительство,0,Estimation,3643947580,1057052919,18.01.2021 14:45:14
202104,ES + Home,DIY,Фильтры для воды,1,Estimation,1575357969,2559881404,18.01.2021 14:45:14
202104,ES + Home,DIY,Освещение,0,Estimation,2769796474,2394539675,18.01.2021 14:45:14
202104,ES + Home,DIY,Инструменты,0,Estimation,1978446065,4283129790,17.01.2021 18:25:32
202104,ES + Home,DIY,Фильтры для воды,0,Estimation,3570067190,2539732428,18.01.2021 14:45:14
202104,ES + Home,Furniture,Мебель для сада,0,Estimation,3560380424,3043600581,17.02.2021 18:25:32
202104,ES + Home,Furniture,Столы и стулья,0,Estimation,3907985071,1343987484,17.02.2021 18:25:32
202104,ES + Home,Furniture,Корпусная мебель и мебель для хранения,0,Estimation,1187375149,149418223,18.02.2021 14:15:16
202104,ES + Home,Furniture,Прочая мебель,0,Estimation,1241455952,3795326734,17.02.2021 18:25:32
202104,ES + Home,Furniture,Мягкая мебель,0,Estimation,3006860774,3976396473,18.02.2021 14:15:16
202104,ES + Home,Furniture,Компьютерная и офисная мебель,0,Estimation,2767551001,3016754940,18.02.2021 14:15:16
202104,ES + Home,Furniture,Мебель для сна,0,Estimation,441415988,4102365136,17.02.2021 18:25:32
202104,ES + Home,Furniture,Мебель для сна,0,Estimation,1655267457,2332242441,18.02.2021 14:15:16
202104,ES + Home,Furniture,Корпусная мебель и мебель для хранения,0,Estimation,4010471675,1219584882,17.02.2021 18:25:32
202104,ES + Home,Furniture,Столы и стулья,0,Estimation,2791118779,3437682567,18.02.2021 14:15:16
202104,ES + Home,Furniture,Мебель для сада,0,Estimation,2314245289,1296327678,18.02.2021 14:15:16
202104,ES + Home,Furniture,Компьютерная и офисная мебель,0,Estimation,2212349053,1251446709,17.02.2021 18:25:32
202104,ES + Home,Furniture,Мягкая мебель,0,Estimation,509161235,576519864,17.02.2021 18:25:32
202104,ES + Home,Furniture,Прочая мебель,0,Estimation,267721834,1561959058,18.02.2021 14:15:16
202104,ES + Home,Furniture,Компьютерная и офисная мебель,0,Estimation,2931542081,2387100322,17.01.2021 18:25:32
202104,ES + Home,Furniture,Столы и стулья,0,Estimation,677998983,1641596745,18.01.2021 14:15:16
202104,ES + Home,Furniture,Мебель для сада,0,Estimation,1707678108,2004792421,18.01.2021 14:15:16
202104,ES + Home,Furniture,Мебель для сна,0,Estimation,2490475302,3476224029,17.01.2021 18:25:32
202104,ES + Home,Furniture,Компьютерная и офисная мебель,0,Estimation,268355313,1513324570,18.01.2021 14:15:16
202104,ES + Home,Furniture,Прочая мебель,0,Estimation,2236677258,2625638972,18.01.2021 14:15:16
202104,ES + Home,Furniture,Корпусная мебель и мебель для хранения,0,Estimation,3346882906,482146480,18.01.2021 14:15:16
202104,ES + Home,Furniture,Прочая мебель,0,Estimation,712024064,3072504684,17.01.2021 18:25:32
202104,ES + Home,Furniture,Корпусная мебель и мебель для хранения,0,Estimation,783863707,871619273,17.01.2021 18:25:32
202104,ES + Home,Furniture,Мебель для сна,0,Estimation,1200711848,1093875976,18.01.2021 14:15:16
202104,ES + Home,Furniture,Столы и стулья,0,Estimation,1721574237,1823752141,17.01.2021 18:25:32
202104,ES + Home,Furniture,Мебель для сада,0,Estimation,1988166022,2943247202,17.01.2021 18:25:32
202104,ES + Home,Furniture,Мягкая мебель,0,Estimation,153973257,1325366994,17.01.2021 18:25:32
202104,ES + Home,Furniture,Мягкая мебель,0,Estimation,3260449614,2983678580,18.01.2021 14:15:16
202104,ES + Home,Household,Домашний текстиль,0,Estimation,3247222508,1264369877,17.02.2021 18:25:32
202104,ES + Home,Household,Интерьер и декор,0,Estimation,3382686655,257140687,17.02.2021 18:25:32
202104,ES + Home,Household,Аксессуары для уборки и стирки,0,Estimation,3696443084,1724430655,17.02.2021 18:25:32
202104,ES + Home,Household,Принадлежности для Нового года,1,Estimation,648133887,2914094095,17.02.2021 18:25:32
202104,ES + Home,Household,Ритуальные изделия,0,Estimation,825188041,3134320398,18.02.2021 14:45:14
202104,ES + Home,Household,Ванная комната,0,Estimation,2527880876,4211062621,18.02.2021 14:45:14
202104,ES + Home,Household,Кухня,0,Estimation,3032173282,2144310826,17.02.2021 18:25:32
202104,ES + Home,Household,Принадлежности для Нового года,0,Estimation,1149503100,577373028,17.02.2021 18:25:32
202104,ES + Home,Household,Интерьер и декор,0,Estimation,2282794621,3376887559,18.02.2021 14:45:14
202104,ES + Home,Household,Антиквариат Хоум Декор,0,Estimation,676428866,725950268,17.02.2021 18:25:32
202104,ES + Home,Household,Хранение,0,Estimation,3452282422,2395850750,18.02.2021 14:45:14
202104,ES + Home,Household,Принадлежности для Нового года,0,Estimation,2743792850,3315472893,18.02.2021 14:45:14
202104,ES + Home,Household,Кухня,0,Estimation,2200529273,1785937707,18.02.2021 14:45:14
202104,ES + Home,Household,Интерьер и декор,1,Estimation,2870669798,110356795,18.02.2021 14:45:14
202104,ES + Home,Household,Антиквариат Хоум Декор,0,Estimation,1520258181,1940282105,18.02.2021 14:45:14
202104,ES + Home,Household,Домашний текстиль,1,Estimation,1646115463,3849717366,18.02.2021 14:45:14
202104,ES + Home,Household,Хранение,0,Estimation,3582962684,2251234841,17.02.2021 18:25:32
202104,ES + Home,Household,Кухня,1,Estimation,409478184,146423875,18.02.2021 14:45:14
202104,ES + Home,Household,Аксессуары для уборки и стирки,0,Estimation,3583243242,2100604365,18.02.2021 14:45:14
202104,ES + Home,Household,Домашний текстиль,0,Estimation,1278854518,2778410775,18.02.2021 14:45:14
202104,ES + Home,Household,Ванная комната,0,Estimation,3747811614,301470105,17.02.2021 18:25:32
202104,ES + Home,Household,Аксессуары для уборки и стирки,1,Estimation,1614269752,1094390582,18.02.2021 14:45:14
202104,ES + Home,Household,Принадлежности для Нового года,1,Estimation,4203613147,1771194712,18.02.2021 14:45:14
202104,ES + Home,Household,Ритуальные изделия,0,Estimation,3303536560,1144428236,17.02.2021 18:25:32
202104,ES + Home,Household,Антиквариат Хоум Декор,0,Estimation,3926502549,1734794969,17.01.2021 18:25:32
202104,ES + Home,Household,Интерьер и декор,0,Estimation,2787398944,2422525619,18.01.2021 14:45:14
202104,ES + Home,Household,Ванная комната,0,Estimation,2364907189,446935784,18.01.2021 14:45:14
202104,ES + Home,Household,Интерьер и декор,0,Estimation,2838556979,2169360519,17.01.2021 18:25:32
202104,ES + Home,Household,Кухня,0,Estimation,81687522,833550280,17.01.2021 18:25:32
202104,ES + Home,Household,Принадлежности для Нового года,0,Estimation,958424157,1413701374,17.01.2021 18:25:32
202104,ES + Home,Household,Ритуальные изделия,0,Estimation,3123042108,2978202973,18.01.2021 14:45:14
202104,ES + Home,Household,Принадлежности для Нового года,1,Estimation,4019511774,3577523683,17.01.2021 18:25:32
202104,ES + Home,Household,Домашний текстиль,0,Estimation,3711615486,4246230822,17.01.2021 18:25:32
202104,ES + Home,Household,Хранение,0,Estimation,2214569394,2495338112,18.01.2021 14:45:14
202104,ES + Home,Household,Аксессуары для уборки и стирки,0,Estimation,3820701358,565397365,17.01.2021 18:25:32
202104,ES + Home,Household,Кухня,0,Estimation,1801264386,2965609282,18.01.2021 14:45:14
202104,ES + Home,Household,Ванная комната,0,Estimation,1031019731,2783014427,17.01.2021 18:25:32
202104,ES + Home,Household,Ритуальные изделия,0,Estimation,4264695578,75395567,17.01.2021 18:25:32
202104,ES + Home,Household,Принадлежности для Нового года,0,Estimation,2767796088,2989283665,18.01.2021 14:45:14
202104,ES + Home,Household,Антиквариат Хоум Декор,0,Estimation,29782986,322140678,18.01.2021 14:45:14
202104,ES + Home,Household,Домашний текстиль,1,Estimation,3082555491,2479333246,18.01.2021 14:45:14
202104,ES + Home,Household,Хранение,0,Estimation,317381798,3388943150,17.01.2021 18:25:32
202104,ES + Home,Household,Домашний текстиль,0,Estimation,2898640511,819095690,18.01.2021 14:45:14
202104,ES + Home,Household,Кухня,1,Estimation,669053733,37755668,18.01.2021 14:45:14
202104,ES + Home,Household,Аксессуары для уборки и стирки,0,Estimation,3156769465,1688751556,18.01.2021 14:45:14
202104,ES + Home,Household,Интерьер и декор,1,Estimation,313233132,2165681685,18.01.2021 14:45:14
202104,ES + Home,Household,Принадлежности для Нового года,1,Estimation,24971066,443954182,18.01.2021 14:45:14
202104,ES + Home,Household,Аксессуары для уборки и стирки,1,Estimation,2245552140,4121268939,18.01.2021 14:45:14
202104,ES + Home,Laptops & Computers,Домашняя Аудио и Видеотехника Lap&Comp,0,Estimation,1192240492,2025905318,17.02.2021 13:05:08
202104,ES + Home,Laptops & Computers,Компьютерная периферия Lap&Comp,0,Estimation,1286351845,1638945898,17.02.2021 13:05:08
202104,ES + Home,Laptops & Computers,Компьютеры Lap&Comp,0,Estimation,2423882404,1802496976,17.02.2021 13:05:08
202104,ES + Home,Laptops & Computers,Компьютерная периферия Lap&Comp,1,Estimation,3925107481,39444193,17.02.2021 13:05:08
202104,ES + Home,Laptops & Computers,Компьютеры Lap&Comp,1,Estimation,2924885530,1043465186,17.02.2021 13:05:08
202104,ES + Home,Laptops & Computers,Расходный материал для электроники Lap&Comp,1,Estimation,4294489250,3901990665,17.02.2021 13:05:08
202104,ES + Home,Laptops & Computers,Расходный материал для электроники Lap&Comp,0,Estimation,3083417045,3962004713,17.02.2021 13:05:08
202104,ES + Home,Laptops & Computers,Компьютерная офисная техника Lap&Comp,0,Estimation,2912673844,47618363,17.02.2021 13:05:08
202104,ES + Home,Laptops & Computers,Расходный материал для электроники Lap&Comp,1,Estimation,268056533,348576218,17.01.2021 13:05:08
202104,ES + Home,Laptops & Computers,Компьютерная периферия Lap&Comp,1,Estimation,2271602675,1771296779,17.01.2021 13:05:08
202104,ES + Home,Laptops & Computers,Компьютерная офисная техника Lap&Comp,0,Estimation,995628578,240068836,17.01.2021 13:05:08
202104,ES + Home,Laptops & Computers,Расходный материал для электроники Lap&Comp,0,Estimation,4188655835,1528611535,17.01.2021 13:05:08
202104,ES + Home,Laptops & Computers,Компьютеры Lap&Comp,0,Estimation,2768518337,3821546027,17.01.2021 13:05:08
202104,ES + Home,Laptops & Computers,Компьютеры Lap&Comp,1,Estimation,2794951012,3194946919,17.01.2021 13:05:08
202104,ES + Home,Laptops & Computers,Компьютерная периферия Lap&Comp,0,Estimation,3184787362,1642513014,17.01.2021 13:05:08
202104,ES + Home,Laptops & Computers,Домашняя Аудио и Видеотехника Lap&Comp,0,Estimation,4248817307,3938665229,17.01.2021 13:05:08
202104,ES + Home,Major Domestic Appliances,Крупная бытовая техника MDA,0,Estimation,2622173837,33196759,16.02.2021 17:46:45
202104,ES + Home,Major Domestic Appliances,Крупная бытовая техника MDA,0,Estimation,1140763603,309078620,16.01.2021 17:46:45
202104,ES + Home,Miscellaneous accessories,Домашняя Аудио и Видеотехника Access,0,Estimation,3836116248,106291589,17.02.2021 18:25:32
202104,ES + Home,Miscellaneous accessories,Средства связи Access,1,Estimation,2137328558,862460111,17.02.2021 18:25:32
202104,ES + Home,Miscellaneous accessories,Электропитание Access,0,Estimation,1161738727,1836734421,17.02.2021 18:25:32
202104,ES + Home,Miscellaneous accessories,Фото и видео Access,1,Estimation,1213930083,454189207,17.02.2021 18:25:32
202104,ES + Home,Miscellaneous accessories,Электронные товары хобби и отдых Access,0,Estimation,3919049952,523353471,17.02.2021 18:25:32
202104,ES + Home,Miscellaneous accessories,Электропитание Access,1,Estimation,3063091128,4132444591,17.02.2021 18:25:32
202104,ES + Home,Miscellaneous accessories,Компьютерная периферия Access,0,Estimation,1717572238,1207014141,17.02.2021 18:25:32
202104,ES + Home,Miscellaneous accessories,Оборудование Access,0,Estimation,821391941,1408603698,17.02.2021 18:25:32
202104,ES + Home,Miscellaneous accessories,Фото и видео Access,0,Estimation,3703757017,3530879444,17.02.2021 18:25:32
202104,ES + Home,Miscellaneous accessories,Средства связи Access,0,Estimation,233081548,2375774811,17.02.2021 18:25:32
202104,ES + Home,Miscellaneous accessories,Расходный материал для электроники Access,0,Estimation,1259205201,2546570224,17.02.2021 18:25:32
202104,ES + Home,Miscellaneous accessories,Компьютерная периферия Access,1,Estimation,3419773701,763762867,17.02.2021 18:25:32
202104,ES + Home,Miscellaneous accessories,Расходный материал для электроники Access,1,Estimation,2593435490,565178965,17.02.2021 18:25:32
202104,ES + Home,Miscellaneous accessories,Компьютеры Access,1,Estimation,227026852,1665987205,17.02.2021 18:25:32
202104,ES + Home,Miscellaneous accessories,Автомобильная техника Access,0,Estimation,3457451796,56769981,17.02.2021 18:25:32
202104,ES + Home,Miscellaneous accessories,Игровые приставки и аксессуары Access,0,Estimation,1721421680,2914789769,17.02.2021 18:25:32
202104,ES + Home,Miscellaneous accessories,Бытовая техника Access,0,Estimation,1557784209,3433153129,17.02.2021 18:25:32
202104,ES + Home,Miscellaneous accessories,Игровые приставки и аксессуары Access,1,Estimation,3440366120,2950882090,17.02.2021 18:25:32
202104,ES + Home,Miscellaneous accessories,Компьютеры Access,0,Estimation,3519241592,3314347051,17.02.2021 18:25:32
202104,ES + Home,Miscellaneous accessories,Бытовая техника Access,1,Estimation,3253368358,3337603875,17.02.2021 18:25:32
202104,ES + Home,Miscellaneous accessories,Домашняя Аудио и Видеотехника Access,1,Estimation,150314858,1993471720,17.02.2021 18:25:32
202104,ES + Home,Miscellaneous accessories,Фото и видео Access,0,Estimation,257427312,1782123280,17.01.2021 18:25:32
202104,ES + Home,Miscellaneous accessories,Компьютерная периферия Access,1,Estimation,2621656678,88813241,17.01.2021 18:25:32
202104,ES + Home,Miscellaneous accessories,Расходный материал для электроники Access,1,Estimation,1164722941,304738959,17.01.2021 18:25:32
202104,ES + Home,Miscellaneous accessories,Домашняя Аудио и Видеотехника Access,0,Estimation,3807687988,3509843700,17.01.2021 18:25:32
202104,ES + Home,Miscellaneous accessories,Расходный материал для электроники Access,0,Estimation,3759450289,2092693741,17.01.2021 18:25:32
202104,ES + Home,Miscellaneous accessories,Средства связи Access,0,Estimation,1925133670,4019783128,17.01.2021 18:25:32
202104,ES + Home,Miscellaneous accessories,Фото и видео Access,1,Estimation,2129792810,118310701,17.01.2021 18:25:32
202104,ES + Home,Miscellaneous accessories,Компьютерная периферия Access,0,Estimation,188137315,1613178441,17.01.2021 18:25:32
202104,ES + Home,Miscellaneous accessories,Электропитание Access,1,Estimation,1080785475,2144998085,17.01.2021 18:25:32
202104,ES + Home,Miscellaneous accessories,Электропитание Access,0,Estimation,821802127,2377548353,17.01.2021 18:25:32
202104,ES + Home,Miscellaneous accessories,Средства связи Access,1,Estimation,2293048409,4283008975,17.01.2021 18:25:32
202104,ES + Home,Miscellaneous accessories,Электронные товары хобби и отдых Access,0,Estimation,1219705997,808139060,17.01.2021 18:25:32
202104,ES + Home,Miscellaneous accessories,Оборудование Access,0,Estimation,824057821,1878253484,17.01.2021 18:25:32
202104,ES + Home,Miscellaneous accessories,Бытовая техника Access,1,Estimation,716052475,3836775681,17.01.2021 18:25:32
202104,ES + Home,Miscellaneous accessories,Бытовая техника Access,0,Estimation,98483603,3817795375,17.01.2021 18:25:32
202104,ES + Home,Miscellaneous accessories,Домашняя Аудио и Видеотехника Access,1,Estimation,4178382122,2192867505,17.01.2021 18:25:32
202104,ES + Home,Miscellaneous accessories,Компьютеры Access,0,Estimation,860090017,3672380533,17.01.2021 18:25:32
202104,ES + Home,Miscellaneous accessories,Игровые приставки и аксессуары Access,1,Estimation,3275121407,3425407454,17.01.2021 18:25:32
202104,ES + Home,Miscellaneous accessories,Компьютеры Access,1,Estimation,4151900359,902467319,17.01.2021 18:25:32
202104,ES + Home,Miscellaneous accessories,Игровые приставки и аксессуары Access,0,Estimation,292051373,4178148050,17.01.2021 18:25:32
202104,ES + Home,Miscellaneous accessories,Автомобильная техника Access,0,Estimation,283808738,1557270307,17.01.2021 18:25:32
202104,ES + Home,Small Domestic Appliances,Оборудование SDA,0,Estimation,1066767328,4196320657,17.02.2021 18:25:32
202104,ES + Home,Small Domestic Appliances,Мелкая бытовая техника SDA,1,Estimation,2631099810,2925669760,18.02.2021 14:45:14
202104,ES + Home,Small Domestic Appliances,Мелкая бытовая техника SDA,0,Estimation,391125675,1307378864,18.02.2021 14:45:14
202104,ES + Home,Small Domestic Appliances,Оборудование SDA,0,Estimation,3454159876,492231025,18.02.2021 14:45:14
202104,ES + Home,Small Domestic Appliances,Мелкая бытовая техника SDA,0,Estimation,487243086,3201012817,17.02.2021 18:25:32
202104,ES + Home,Small Domestic Appliances,Мелкая бытовая техника SDA,1,Estimation,582280028,1041850075,18.01.2021 14:45:14
202104,ES + Home,Small Domestic Appliances,Оборудование SDA,0,Estimation,3130657553,410706940,17.01.2021 18:25:32
202104,ES + Home,Small Domestic Appliances,Мелкая бытовая техника SDA,0,Estimation,251639911,224874706,18.01.2021 14:45:14
202104,ES + Home,Small Domestic Appliances,Мелкая бытовая техника SDA,0,Estimation,4131705095,3689559905,17.01.2021 18:25:32
202104,ES + Home,Small Domestic Appliances,Оборудование SDA,0,Estimation,1514912909,2739963718,18.01.2021 14:45:14
202104,ES + Home,Smartphones & Tablets,Компьютеры Smart&Tablets,0,Estimation,1432546525,1755516809,16.02.2021 18:10:45
202104,ES + Home,Smartphones & Tablets,Средства связи Smart&Tablets,1,Estimation,1275511796,1182824553,16.02.2021 18:29:35
202104,ES + Home,Smartphones & Tablets,Компьютеры Smart&Tablets,1,Estimation,1101362453,600412338,16.02.2021 18:29:35
202104,ES + Home,Smartphones & Tablets,Средства связи Smart&Tablets,0,Estimation,649298349,2546734182,16.02.2021 18:10:45
202104,ES + Home,Smartphones & Tablets,Средства связи Smart&Tablets,0,Estimation,40820426,4263066416,16.01.2021 18:10:45
202104,ES + Home,Smartphones & Tablets,Средства связи Smart&Tablets,1,Estimation,3391155350,1500778889,16.01.2021 18:29:35
202104,ES + Home,Smartphones & Tablets,Компьютеры Smart&Tablets,1,Estimation,4036742102,2489261744,16.01.2021 18:29:35
202104,ES + Home,Smartphones & Tablets,Компьютеры Smart&Tablets,0,Estimation,2665581285,1807008772,16.01.2021 18:10:45
202104,ES + Home,Sport,Цирковое искусство,0,Estimation,93386434,1240203294,17.02.2021 18:25:32
202104,ES + Home,Sport,Летние виды спорта,0,Estimation,2586054108,430633858,17.02.2021 18:25:32
202104,ES + Home,Sport,Единоборства,0,Estimation,4215231218,418269289,17.02.2021 18:25:32
202104,ES + Home,Sport,Зимние виды спорта,0,Estimation,2598588347,602427553,17.02.2021 18:25:32
202104,ES + Home,Sport,Товары для рыбалки,0,Estimation,1599715136,3941644262,17.02.2021 18:25:32
202104,ES + Home,Sport,Туризм,0,Estimation,1172519264,2545163002,17.02.2021 18:25:32
202104,ES + Home,Sport,Тренажеры и фитнес,1,Estimation,3382047293,2392875627,17.02.2021 18:25:32
202104,ES + Home,Sport,Всесезонные виды спорта,1,Estimation,3323056699,2335526214,17.02.2021 18:25:32
202104,ES + Home,Sport,Туризм,1,Estimation,333287407,3470708623,17.02.2021 18:25:32
202104,ES + Home,Sport,Всесезонные виды спорта,0,Estimation,1631457291,1942273628,17.02.2021 18:25:32
202104,ES + Home,Sport,Страйкбол и пневматика,0,Estimation,2938757614,2063730943,17.02.2021 18:25:32
202104,ES + Home,Sport,Спортивные аксессуары,0,Estimation,2048305405,1776657908,17.02.2021 18:25:32
202104,ES + Home,Sport,Тренажеры и фитнес,0,Estimation,2641846940,2222356456,17.02.2021 18:25:32
202104,ES + Home,Sport,Товары для охоты,0,Estimation,822043988,1190656303,17.02.2021 18:25:32
202104,ES + Home,Sport,Спортивные аксессуары,1,Estimation,1239875241,3754975888,17.02.2021 18:25:32
202104,ES + Home,Sport,Всесезонные виды спорта,0,Estimation,2958677871,1333057064,17.01.2021 18:25:32
202104,ES + Home,Sport,Товары для рыбалки,0,Estimation,3024396295,3600690185,17.01.2021 18:25:32
202104,ES + Home,Sport,Туризм,1,Estimation,2601666073,411474545,17.01.2021 18:25:32
202104,ES + Home,Sport,Зимние виды спорта,0,Estimation,1887068939,3376706019,17.01.2021 18:25:32
202104,ES + Home,Sport,Всесезонные виды спорта,1,Estimation,1198884784,1090821122,17.01.2021 18:25:32
202104,ES + Home,Sport,Летние виды спорта,0,Estimation,3175251063,1471506286,17.01.2021 18:25:32
202104,ES + Home,Sport,Туризм,0,Estimation,1200400667,468671135,17.01.2021 18:25:32
202104,ES + Home,Sport,Единоборства,0,Estimation,760757799,957174691,17.01.2021 18:25:32
202104,ES + Home,Sport,Тренажеры и фитнес,1,Estimation,2967606029,119849591,17.01.2021 18:25:32
202104,ES + Home,Sport,Тренажеры и фитнес,0,Estimation,289910388,435262046,17.01.2021 18:25:32
202104,ES + Home,Sport,Спортивные аксессуары,1,Estimation,3042832000,3078179425,17.01.2021 18:25:32
202104,ES + Home,Sport,Товары для охоты,0,Estimation,1022636316,2530199957,17.01.2021 18:25:32
202104,ES + Home,Sport,Страйкбол и пневматика,0,Estimation,1512291316,3353772063,17.01.2021 18:25:32
202104,ES + Home,Sport,Цирковое искусство,0,Estimation,2338890736,4178339168,17.01.2021 18:25:32
202104,ES + Home,Sport,Спортивные аксессуары,0,Estimation,1833175500,1630154156,17.01.2021 18:25:32
202104,ES + Home,TV  audio  Hi-Fi & other electronics,Фан атрибутика TV&Audio,0,Estimation,3242884050,3499823488,18.02.2021 14:45:14
202104,ES + Home,TV  audio  Hi-Fi & other electronics,Домашняя Аудио и Видеотехника TV&Audio,0,Estimation,2992978541,882401284,18.02.2021 14:45:14
202104,ES + Home,TV  audio  Hi-Fi & other electronics,Автомобильная техника TV&Audio,0,Estimation,2250394816,4229071314,17.02.2021 13:01:51
202104,ES + Home,TV  audio  Hi-Fi & other electronics,Компьютерная периферия TV&Audio,0,Estimation,806182414,1521579855,18.02.2021 14:45:14
202104,ES + Home,TV  audio  Hi-Fi & other electronics,Домашняя Аудио и Видеотехника TV&Audio,0,Estimation,999113032,2543936121,17.02.2021 13:01:51
202104,ES + Home,TV  audio  Hi-Fi & other electronics,Домашняя Аудио и Видеотехника TV&Audio,1,Estimation,3220370148,1192323945,18.02.2021 14:45:14
202104,ES + Home,TV  audio  Hi-Fi & other electronics,Компьютерная периферия TV&Audio,0,Estimation,4192562849,1176855521,17.02.2021 13:01:51
202104,ES + Home,TV  audio  Hi-Fi & other electronics,Электронные товары хобби и отдых TV&Audio,0,Estimation,867941652,2059575157,17.02.2021 13:01:51
202104,ES + Home,TV  audio  Hi-Fi & other electronics,Фан атрибутика TV&Audio,0,Estimation,1909028618,1580908668,17.02.2021 13:01:51
202104,ES + Home,TV  audio  Hi-Fi & other electronics,Система безопасности TV&Audio,1,Estimation,2764851048,2422601496,18.02.2021 14:45:14
202104,ES + Home,TV  audio  Hi-Fi & other electronics,Электронные товары хобби и отдых TV&Audio,0,Estimation,517269397,792435852,18.02.2021 14:45:14
202104,ES + Home,TV  audio  Hi-Fi & other electronics,Система безопасности TV&Audio,0,Estimation,2795613457,2718849547,17.02.2021 13:01:51
202104,ES + Home,TV  audio  Hi-Fi & other electronics,Music,0,Estimation,2364665679,3009813246,18.02.2021 14:45:14
202104,ES + Home,TV  audio  Hi-Fi & other electronics,Movie,0,Estimation,2923393468,3045242660,18.02.2021 14:45:14
202104,ES + Home,TV  audio  Hi-Fi & other electronics,Система безопасности TV&Audio,0,Estimation,1856634632,1740579014,18.02.2021 14:45:14
202104,ES + Home,TV  audio  Hi-Fi & other electronics,Movie,0,Estimation,1177524277,2787237599,17.02.2021 13:01:51
202104,ES + Home,TV  audio  Hi-Fi & other electronics,Игровые приставки и аксессуары TV&Audio,0,Estimation,924733367,2892929413,17.02.2021 13:01:51
202104,ES + Home,TV  audio  Hi-Fi & other electronics,Music,0,Estimation,2604233597,300694736,17.02.2021 13:01:51
202104,ES + Home,TV  audio  Hi-Fi & other electronics,Электронные товары хобби и отдых TV&Audio,1,Estimation,1423283293,1617075800,18.02.2021 14:45:14
202104,ES + Home,TV  audio  Hi-Fi & other electronics,Фото и видео TV&Audio,0,Estimation,2266221855,2330796868,17.02.2021 13:01:51
202104,ES + Home,TV  audio  Hi-Fi & other electronics,Фото и видео TV&Audio,0,Estimation,2485538452,1435439153,18.02.2021 14:45:14
202104,ES + Home,TV  audio  Hi-Fi & other electronics,Програмное обеспечение TV&Audio,0,Estimation,2430502731,4064870235,18.02.2021 14:45:14
202104,ES + Home,TV  audio  Hi-Fi & other electronics,Автомобильная техника TV&Audio,0,Estimation,4123159895,3759130955,18.02.2021 14:45:14
202104,ES + Home,TV  audio  Hi-Fi & other electronics,Игровые приставки и аксессуары TV&Audio,1,Estimation,3176638707,673661680,18.02.2021 14:45:14
202104,ES + Home,TV  audio  Hi-Fi & other electronics,Програмное обеспечение TV&Audio,1,Estimation,1118510105,3609705114,18.02.2021 14:45:14
202104,ES + Home,TV  audio  Hi-Fi & other electronics,Карты оплаты  страховки TV&Audio,0,Estimation,4289211094,3181211936,18.02.2021 14:45:14
202104,ES + Home,TV  audio  Hi-Fi & other electronics,Средства связи TV&Audio,0,Estimation,2215746060,960500521,17.02.2021 13:01:51
202104,ES + Home,TV  audio  Hi-Fi & other electronics,Средства связи TV&Audio,1,Estimation,1014848602,409029484,18.02.2021 14:45:14
202104,ES + Home,TV  audio  Hi-Fi & other electronics,Фото и видео TV&Audio,1,Estimation,1506621600,1360506929,18.02.2021 14:45:14
202104,ES + Home,TV  audio  Hi-Fi & other electronics,Компьютеры TV&Audio,1,Estimation,3327161002,1432467895,18.02.2021 14:45:14
202104,ES + Home,TV  audio  Hi-Fi & other electronics,Програмное обеспечение TV&Audio,0,Estimation,4213968777,1000751538,17.02.2021 13:01:51
202104,ES + Home,TV  audio  Hi-Fi & other electronics,Автомобильная техника TV&Audio,1,Estimation,1646131208,3316658138,18.02.2021 14:45:14
202104,ES + Home,TV  audio  Hi-Fi & other electronics,Портативная аудиотехника TV&Audio,1,Estimation,3598312079,1103766952,18.02.2021 14:45:14
202104,ES + Home,TV  audio  Hi-Fi & other electronics,Портативная аудиотехника TV&Audio,0,Estimation,1022223281,1349192365,18.02.2021 14:45:14
202104,ES + Home,TV  audio  Hi-Fi & other electronics,Игровые приставки и аксессуары TV&Audio,0,Estimation,1527683688,1928109843,18.02.2021 14:45:14
202104,ES + Home,TV  audio  Hi-Fi & other electronics,Компьютеры TV&Audio,0,Estimation,1579437066,2920571645,18.02.2021 14:45:14
202104,ES + Home,TV  audio  Hi-Fi & other electronics,Портативная аудиотехника TV&Audio,0,Estimation,1005085414,1755490620,17.02.2021 13:01:51
202104,ES + Home,TV  audio  Hi-Fi & other electronics,Средства связи TV&Audio,0,Estimation,3001172616,744115936,18.02.2021 14:45:14
202104,ES + Home,TV  audio  Hi-Fi & other electronics,Компьютеры TV&Audio,0,Estimation,835899645,3651883601,17.02.2021 13:01:51
202104,ES + Home,TV  audio  Hi-Fi & other electronics,Автомобильная техника TV&Audio,1,Estimation,891836069,350463222,18.01.2021 14:45:14
202104,ES + Home,TV  audio  Hi-Fi & other electronics,Карты оплаты  страховки TV&Audio,0,Estimation,911507660,1420873709,18.01.2021 14:45:14
202104,ES + Home,TV  audio  Hi-Fi & other electronics,Програмное обеспечение TV&Audio,1,Estimation,3557814391,814885795,18.01.2021 14:45:14
202104,ES + Home,TV  audio  Hi-Fi & other electronics,Электронные товары хобби и отдых TV&Audio,0,Estimation,1597931689,1534155407,17.01.2021 13:01:51
202104,ES + Home,TV  audio  Hi-Fi & other electronics,Домашняя Аудио и Видеотехника TV&Audio,0,Estimation,2341268353,2149526170,18.01.2021 14:45:14
202104,ES + Home,TV  audio  Hi-Fi & other electronics,Програмное обеспечение TV&Audio,0,Estimation,2029650550,826741945,17.01.2021 13:01:51
202104,ES + Home,TV  audio  Hi-Fi & other electronics,Домашняя Аудио и Видеотехника TV&Audio,1,Estimation,3923444065,400646673,18.01.2021 14:45:14
202104,ES + Home,TV  audio  Hi-Fi & other electronics,Автомобильная техника TV&Audio,0,Estimation,3359965737,304760984,17.01.2021 13:01:51
202104,ES + Home,TV  audio  Hi-Fi & other electronics,Movie,0,Estimation,632329374,3868575927,17.01.2021 13:01:51
202104,ES + Home,TV  audio  Hi-Fi & other electronics,Програмное обеспечение TV&Audio,0,Estimation,3705274684,4233658066,18.01.2021 14:45:14
202104,ES + Home,TV  audio  Hi-Fi & other electronics,Music,0,Estimation,1607915656,1058511060,17.01.2021 13:01:51
202104,ES + Home,TV  audio  Hi-Fi & other electronics,Игровые приставки и аксессуары TV&Audio,0,Estimation,1807449407,4010883247,18.01.2021 14:45:14
202104,ES + Home,TV  audio  Hi-Fi & other electronics,Система безопасности TV&Audio,0,Estimation,3923483885,475721385,17.01.2021 13:01:51
202104,ES + Home,TV  audio  Hi-Fi & other electronics,Средства связи TV&Audio,0,Estimation,994837087,103054910,18.01.2021 14:45:14
202104,ES + Home,TV  audio  Hi-Fi & other electronics,Автомобильная техника TV&Audio,0,Estimation,2047425879,2401814159,18.01.2021 14:45:14
202104,ES + Home,TV  audio  Hi-Fi & other electronics,Средства связи TV&Audio,0,Estimation,1782820387,3302043675,17.01.2021 13:01:51
202104,ES + Home,TV  audio  Hi-Fi & other electronics,Домашняя Аудио и Видеотехника TV&Audio,0,Estimation,2417646830,1121939986,17.01.2021 13:01:51
202104,ES + Home,TV  audio  Hi-Fi & other electronics,Электронные товары хобби и отдых TV&Audio,0,Estimation,1933969077,235973438,18.01.2021 14:45:14
202104,ES + Home,TV  audio  Hi-Fi & other electronics,Игровые приставки и аксессуары TV&Audio,0,Estimation,1222141511,2916086664,17.01.2021 13:01:51
202104,ES + Home,TV  audio  Hi-Fi & other electronics,Система безопасности TV&Audio,1,Estimation,3596057484,1331300456,18.01.2021 14:45:14
202104,ES + Home,TV  audio  Hi-Fi & other electronics,Система безопасности TV&Audio,0,Estimation,2232769322,342029520,18.01.2021 14:45:14
202104,ES + Home,TV  audio  Hi-Fi & other electronics,Электронные товары хобби и отдых TV&Audio,1,Estimation,2985259909,3465420002,18.01.2021 14:45:14
202104,ES + Home,TV  audio  Hi-Fi & other electronics,Игровые приставки и аксессуары TV&Audio,1,Estimation,1407477953,1591690670,18.01.2021 14:45:14
202104,ES + Home,TV  audio  Hi-Fi & other electronics,Средства связи TV&Audio,1,Estimation,1943366698,2734973887,18.01.2021 14:45:14
202104,ES + Home,TV  audio  Hi-Fi & other electronics,Music,0,Estimation,755601070,1463069612,18.01.2021 14:45:14
202104,ES + Home,TV  audio  Hi-Fi & other electronics,Movie,0,Estimation,1886216737,307487847,18.01.2021 14:45:14
202104,ES + Home,TV  audio  Hi-Fi & other electronics,Фото и видео TV&Audio,0,Estimation,183486712,1138507693,18.01.2021 14:45:14
202104,ES + Home,TV  audio  Hi-Fi & other electronics,Портативная аудиотехника TV&Audio,0,Estimation,72973536,3788049617,17.01.2021 13:01:51
202104,ES + Home,TV  audio  Hi-Fi & other electronics,Компьютеры TV&Audio,0,Estimation,1568965871,2085818048,17.01.2021 13:01:51
202104,ES + Home,TV  audio  Hi-Fi & other electronics,Компьютерная периферия TV&Audio,0,Estimation,3008671059,1217537895,17.01.2021 13:01:51
202104,ES + Home,TV  audio  Hi-Fi & other electronics,Фан атрибутика TV&Audio,0,Estimation,4169756653,4105129959,18.01.2021 14:45:14
202104,ES + Home,TV  audio  Hi-Fi & other electronics,Компьютерная периферия TV&Audio,0,Estimation,1438220902,2326043115,18.01.2021 14:45:14
202104,ES + Home,TV  audio  Hi-Fi & other electronics,Фан атрибутика TV&Audio,0,Estimation,1848353322,1202004581,17.01.2021 13:01:51
202104,ES + Home,TV  audio  Hi-Fi & other electronics,Портативная аудиотехника TV&Audio,1,Estimation,4006318719,2081047686,18.01.2021 14:45:14
202104,ES + Home,TV  audio  Hi-Fi & other electronics,Фото и видео TV&Audio,1,Estimation,325825909,815431208,18.01.2021 14:45:14
202104,ES + Home,TV  audio  Hi-Fi & other electronics,Фото и видео TV&Audio,0,Estimation,1407155108,1584977692,17.01.2021 13:01:51
202104,ES + Home,TV  audio  Hi-Fi & other electronics,Компьютеры TV&Audio,1,Estimation,4022393304,2753513752,18.01.2021 14:45:14
202104,ES + Home,TV  audio  Hi-Fi & other electronics,Портативная аудиотехника TV&Audio,0,Estimation,3718975725,170072542,18.01.2021 14:45:14
202104,ES + Home,TV  audio  Hi-Fi & other electronics,Компьютеры TV&Audio,0,Estimation,1782919869,670339976,18.01.2021 14:45:14
202104,FMCG,FMCG nonfood,Бытовая химия,0,Estimation,3601425870,1040938673,26.02.2021 00:57:31
202104,FMCG,FMCG nonfood,Кормление детское,0,Estimation,3214649036,2428771127,26.02.2021 00:57:31
202104,FMCG,FMCG nonfood,Личная гигиена,1,Estimation,3399994405,1544681031,26.02.2021 01:04:22
202104,FMCG,FMCG nonfood,Детская продукция,0,Estimation,2113348225,632727390,26.02.2021 00:57:31
202104,FMCG,FMCG nonfood,Бритвы и лезвия,0,Estimation,803861781,3955706175,26.02.2021 00:57:31
202104,FMCG,FMCG nonfood,Кормление детское,0,Estimation,2957475233,1664291872,26.02.2021 01:35:54
202104,FMCG,FMCG nonfood,Детская продукция,0,Estimation,247945631,2218379432,26.02.2021 01:35:54
202104,FMCG,FMCG nonfood,Электроника детская,1,Estimation,1349561497,262615952,26.02.2021 01:04:22
202104,FMCG,FMCG nonfood,Электроника детская,0,Estimation,970824911,166504888,26.02.2021 00:57:31
202104,FMCG,FMCG nonfood,Бритвы и лезвия,1,Estimation,4128197357,2446117102,26.02.2021 01:04:22
202104,FMCG,FMCG nonfood,Бытовая химия,0,Estimation,4266113509,988721746,26.02.2021 01:35:54
202104,FMCG,FMCG nonfood,Уход и гигиена,0,Estimation,3924759483,2353593117,26.02.2021 01:05:34
202104,FMCG,FMCG nonfood,Личная гигиена,0,Estimation,3570665088,2408507589,26.02.2021 00:57:31
202104,FMCG,FMCG nonfood,Уход и гигиена,0,Estimation,257897661,2032564321,26.02.2021 01:35:54
202104,FMCG,FMCG nonfood,Бытовая химия,0,Estimation,2567204287,3597700070,26.02.2021 01:05:34
202104,FMCG,FMCG nonfood,Бритвы и лезвия,0,Estimation,326489044,2303907337,26.02.2021 01:35:54
202104,FMCG,FMCG nonfood,Бритвы и лезвия,0,Estimation,110173660,4126789837,26.02.2021 01:05:34
202104,FMCG,FMCG nonfood,Кормление детское,0,Estimation,1321928045,365585992,26.02.2021 01:05:34
202104,FMCG,FMCG nonfood,Детская продукция,0,Estimation,3378762300,3397998594,26.02.2021 01:05:34
202104,FMCG,FMCG nonfood,Электроника детская,0,Estimation,2557188901,2164235847,26.02.2021 01:35:54
202104,FMCG,FMCG nonfood,Электроника детская,0,Estimation,4211509738,1402669815,26.02.2021 01:05:34
202104,FMCG,FMCG nonfood,Бытовая химия,1,Estimation,1888275941,4079590394,26.02.2021 01:04:22
202104,FMCG,FMCG nonfood,Уход и гигиена,0,Estimation,2412451434,3584011938,26.02.2021 00:57:31
202104,FMCG,FMCG nonfood,Личная гигиена,0,Estimation,1135334685,4238734815,26.02.2021 01:05:34
202104,FMCG,FMCG nonfood,Детская продукция,1,Estimation,2632714014,2309276718,26.02.2021 01:04:22
202104,FMCG,FMCG nonfood,Личная гигиена,0,Estimation,2500563200,2522566362,26.02.2021 01:35:54
202104,FMCG,FMCG nonfood,Кормление детское,1,Estimation,842416665,4116683364,26.02.2021 01:04:22
202104,FMCG,FMCG nonfood,Уход и гигиена,1,Estimation,1522144979,3186036639,26.02.2021 01:04:22
202104,FMCG,FMCG nonfood,Личная гигиена,0,Estimation,2631870639,89803140,26.01.2021 01:35:54
202104,FMCG,FMCG nonfood,Личная гигиена,1,Estimation,3225134756,2555804872,26.01.2021 01:04:22
202104,FMCG,FMCG nonfood,Кормление детское,0,Estimation,3618490337,2930877210,26.01.2021 01:35:54
202104,FMCG,FMCG nonfood,Личная гигиена,0,Estimation,2333545058,2975219846,26.01.2021 00:57:31
202104,FMCG,FMCG nonfood,Детская продукция,0,Estimation,2660242114,4211813468,26.01.2021 01:35:54
202104,FMCG,FMCG nonfood,Бытовая химия,0,Estimation,4214192258,2859981868,26.01.2021 01:35:54
202104,FMCG,FMCG nonfood,Электроника детская,0,Estimation,2899007734,674905221,26.01.2021 01:35:54
202104,FMCG,FMCG nonfood,Электроника детская,0,Estimation,1051238671,748045995,26.01.2021 00:57:31
202104,FMCG,FMCG nonfood,Бритвы и лезвия,0,Estimation,605715760,2751706071,26.01.2021 01:05:34
202104,FMCG,FMCG nonfood,Бытовая химия,1,Estimation,3554772275,3151879808,26.01.2021 01:04:22
202104,FMCG,FMCG nonfood,Бритвы и лезвия,0,Estimation,4260699523,2109225865,26.01.2021 01:35:54
202104,FMCG,FMCG nonfood,Бритвы и лезвия,0,Estimation,2426587056,2834648130,26.01.2021 00:57:31
202104,FMCG,FMCG nonfood,Электроника детская,0,Estimation,179920973,1696124140,26.01.2021 01:05:34
202104,FMCG,FMCG nonfood,Кормление детское,1,Estimation,4169085091,673334678,26.01.2021 01:04:22
202104,FMCG,FMCG nonfood,Бритвы и лезвия,1,Estimation,3138526236,524346923,26.01.2021 01:04:22
202104,FMCG,FMCG nonfood,Электроника детская,1,Estimation,361433955,889625105,26.01.2021 01:04:22
202104,FMCG,FMCG nonfood,Личная гигиена,0,Estimation,1088128905,2385210738,26.01.2021 01:05:34
202104,FMCG,FMCG nonfood,Детская продукция,1,Estimation,250522463,1915244667,26.01.2021 01:04:22
202104,FMCG,FMCG nonfood,Уход и гигиена,0,Estimation,2081982111,3501366534,26.01.2021 00:57:31
202104,FMCG,FMCG nonfood,Детская продукция,0,Estimation,1121566214,3916564278,26.01.2021 01:05:34
202104,FMCG,FMCG nonfood,Уход и гигиена,0,Estimation,4209008796,105630136,26.01.2021 01:35:54
202104,FMCG,FMCG nonfood,Кормление детское,0,Estimation,1258028486,2599685870,26.01.2021 01:05:34
202104,FMCG,FMCG nonfood,Бытовая химия,0,Estimation,2338927457,1070214293,26.01.2021 01:05:34
202104,FMCG,FMCG nonfood,Бытовая химия,0,Estimation,802646293,2721191965,26.01.2021 00:57:31
202104,FMCG,FMCG nonfood,Уход и гигиена,1,Estimation,3871602625,4197307340,26.01.2021 01:04:22
202104,FMCG,FMCG nonfood,Уход и гигиена,0,Estimation,2733393623,3188371772,26.01.2021 01:05:34
202104,FMCG,FMCG nonfood,Кормление детское,0,Estimation,3168656894,1593458136,26.01.2021 00:57:31
202104,FMCG,FMCG nonfood,Детская продукция,0,Estimation,4258204992,2566541150,26.01.2021 00:57:31
202104,FMCG,Food,Напитки,0,Estimation,3190040204,2802769356,26.02.2021 00:31:30
202104,FMCG,Food,Бакалея,0,Estimation,4067156401,2775266485,26.02.2021 01:35:54
202104,FMCG,Food,Детское питание,1,Estimation,3520820037,1629840218,26.02.2021 00:30:07
202104,FMCG,Food,Молочная продукция стерилизованная,0,Estimation,631068809,1495457991,26.02.2021 00:23:17
202104,FMCG,Food,Молекулярная кухня,0,Estimation,140572965,4095428888,26.02.2021 01:35:54
202104,FMCG,Food,Молочная продукция стерилизованная,1,Estimation,748875373,3794271134,26.02.2021 00:30:07
202104,FMCG,Food,Бакалея,0,Estimation,3940861959,1715928757,26.02.2021 00:31:30
202104,FMCG,Food,Детское питание,0,Estimation,3284445297,1785874679,26.02.2021 00:23:17
202104,FMCG,Food,Напитки,0,Estimation,4271182893,1275445628,26.02.2021 01:35:54
202104,FMCG,Food,Напитки,1,Estimation,1998789478,2643595593,26.02.2021 00:30:07
202104,FMCG,Food,Кондитерские изделия,0,Estimation,4185012429,2839429820,26.02.2021 00:31:30
202104,FMCG,Food,Молочная продукция стерилизованная,0,Estimation,565846758,3506091627,26.02.2021 00:31:30
202104,FMCG,Food,Кондитерские изделия,1,Estimation,2181159850,3798750029,26.02.2021 00:30:07
202104,FMCG,Food,Кондитерские изделия,0,Estimation,2590887295,4277370964,26.02.2021 00:23:17
202104,FMCG,Food,Бакалея,0,Estimation,3279331743,1504295004,26.02.2021 00:23:17
202104,FMCG,Food,Детское питание,0,Estimation,695536027,646256073,26.02.2021 00:31:30
202104,FMCG,Food,Кондитерские изделия,0,Estimation,2543457287,317546783,26.02.2021 01:35:54
202104,FMCG,Food,Молочная продукция стерилизованная,0,Estimation,3188316772,3295514110,26.02.2021 01:35:54
202104,FMCG,Food,Молекулярная кухня,0,Estimation,2714606264,942157024,26.02.2021 00:23:17
202104,FMCG,Food,Бакалея,1,Estimation,1170108904,2918896058,26.02.2021 00:30:07
202104,FMCG,Food,Напитки,0,Estimation,1227927120,166043670,26.02.2021 00:23:17
202104,FMCG,Food,Детское питание,0,Estimation,1797473866,1736653411,26.02.2021 01:35:54
202104,FMCG,Food,Кондитерские изделия,0,Estimation,2577065756,795625724,26.01.2021 01:35:54
202104,FMCG,Food,Молочная продукция стерилизованная,1,Estimation,566615451,1618948353,26.01.2021 00:30:07
202104,FMCG,Food,Детское питание,0,Estimation,1350408626,1760278785,26.01.2021 00:23:17
202104,FMCG,Food,Детское питание,0,Estimation,1147857928,923996880,26.01.2021 01:35:54
202104,FMCG,Food,Детское питание,1,Estimation,2884455533,2621281525,26.01.2021 00:30:07
202104,FMCG,Food,Молочная продукция стерилизованная,0,Estimation,2765074996,2930666587,26.01.2021 01:35:54
202104,FMCG,Food,Молочная продукция стерилизованная,0,Estimation,1732829826,417791941,26.01.2021 00:23:17
202104,FMCG,Food,Кондитерские изделия,0,Estimation,897480923,2897556377,26.01.2021 00:23:17
202104,FMCG,Food,Молочная продукция стерилизованная,0,Estimation,3150045402,1065644013,26.01.2021 00:31:30
202104,FMCG,Food,Детское питание,0,Estimation,3134744513,367140789,26.01.2021 00:31:30
202104,FMCG,Food,Напитки,0,Estimation,567649946,3102351535,26.01.2021 00:23:17
202104,FMCG,Food,Напитки,0,Estimation,2646598679,3174228856,26.01.2021 01:35:54
202104,FMCG,Food,Бакалея,1,Estimation,389298067,2388151472,26.01.2021 00:30:07
202104,FMCG,Food,Кондитерские изделия,1,Estimation,283483045,2645082009,26.01.2021 00:30:07
202104,FMCG,Food,Молекулярная кухня,0,Estimation,3061394118,2894685876,26.01.2021 00:23:17
202104,FMCG,Food,Бакалея,0,Estimation,4018157255,3135292144,26.01.2021 00:31:30
202104,FMCG,Food,Молекулярная кухня,0,Estimation,304189528,2098067533,26.01.2021 01:35:54
202104,FMCG,Food,Бакалея,0,Estimation,295400046,2625575367,26.01.2021 00:23:17
202104,FMCG,Food,Кондитерские изделия,0,Estimation,1892154262,694540362,26.01.2021 00:31:30
202104,FMCG,Food,Бакалея,0,Estimation,3497761832,4225510592,26.01.2021 01:35:54
202104,FMCG,Food,Напитки,0,Estimation,1323902724,2069580901,26.01.2021 00:31:30
202104,FMCG,Food,Напитки,1,Estimation,3147504003,3098195524,26.01.2021 00:30:07
202104,FMCG,FreshFood,Мясная гастрономия,1,Estimation,4160235127,3358516164,26.02.2021 00:30:36
202104,FMCG,FreshFood,Замороженные продукты,1,Estimation,1993937980,337926995,26.02.2021 00:30:36
202104,FMCG,FreshFood,Молочная продукция и яйца Fresh,1,Estimation,3269151815,1121899871,26.02.2021 00:30:36
202104,FMCG,FreshFood,Кулинария и полуфабрикаты Fresh,1,Estimation,3648035739,1240408676,26.02.2021 00:30:36
202104,FMCG,FreshFood,Овощи  фрукты  зелень свежие,1,Estimation,3778736867,2762384514,26.02.2021 00:30:36
202104,FMCG,FreshFood,Рыба  морепродукты,1,Estimation,1377869106,3728561655,26.02.2021 00:30:36
202104,FMCG,FreshFood,Напитки Fresh,1,Estimation,3675227385,1730309902,26.02.2021 00:30:36
202104,FMCG,FreshFood,Растительные аналоги Fresh,1,Estimation,3403197513,425288589,26.02.2021 00:30:36
202104,FMCG,FreshFood,Хлебобулочные изделия Fresh,1,Estimation,3482439432,3104538673,26.02.2021 00:30:36
202104,FMCG,FreshFood,Мясо  птица,1,Estimation,3415541903,958942715,26.02.2021 00:30:36
202104,FMCG,FreshFood,Замороженные продукты,1,Estimation,722734540,3540278008,26.01.2021 00:30:36
202104,FMCG,FreshFood,Напитки Fresh,1,Estimation,2264323078,914867194,26.01.2021 00:30:36
202104,FMCG,FreshFood,Молочная продукция и яйца Fresh,1,Estimation,403755498,2148087917,26.01.2021 00:30:36
202104,FMCG,FreshFood,Овощи  фрукты  зелень свежие,1,Estimation,209120031,3277055902,26.01.2021 00:30:36
202104,FMCG,FreshFood,Кулинария и полуфабрикаты Fresh,1,Estimation,461213740,2662099760,26.01.2021 00:30:36
202104,FMCG,FreshFood,Рыба  морепродукты,1,Estimation,1263919399,2567245455,26.01.2021 00:30:36
202104,FMCG,FreshFood,Мясная гастрономия,1,Estimation,3278828221,3278546647,26.01.2021 00:30:36
202104,FMCG,FreshFood,Мясо  птица,1,Estimation,1291227924,976887377,26.01.2021 00:30:36
202104,FMCG,FreshFood,Хлебобулочные изделия Fresh,1,Estimation,2908032478,1571168771,26.01.2021 00:30:36
202104,FMCG,FreshFood,Растительные аналоги Fresh,1,Estimation,4214741361,3611096072,26.01.2021 00:30:36
202104,FMCG,Moms&Kids,Творчество  хобби и игры,0,Estimation,4201072520,4265299651,25.02.2021 13:53:11
202104,FMCG,Moms&Kids,Игрушки,1,Estimation,2812132395,3260626639,25.02.2021 13:53:11
202104,FMCG,Moms&Kids,КГТ и спорт для детей,0,Estimation,3032229956,2002917446,25.02.2021 14:13:39
202104,FMCG,Moms&Kids,Творчество  хобби и игры,0,Estimation,2621018057,2333332563,26.02.2021 01:35:54
202104,FMCG,Moms&Kids,Творчество  хобби и игры,1,Estimation,422933341,3693140328,25.02.2021 13:53:11
202104,FMCG,Moms&Kids,Товары для школы  канцелярия  оборудование,0,Estimation,254352145,1748749520,25.02.2021 14:13:39
202104,FMCG,Moms&Kids,Товары для школы  канцелярия  оборудование,0,Estimation,2724473013,663243025,26.02.2021 01:35:54
202104,FMCG,Moms&Kids,Игрушки,0,Estimation,3519590960,3391343518,25.02.2021 13:53:11
202104,FMCG,Moms&Kids,КГТ и спорт для детей,0,Estimation,3400262376,3737298266,26.02.2021 01:35:54
202104,FMCG,Moms&Kids,Товары для школы  канцелярия  оборудование,1,Estimation,2222462715,3563207935,25.02.2021 13:53:11
202104,FMCG,Moms&Kids,КГТ и спорт для детей,1,Estimation,540233527,1998939682,25.02.2021 13:53:11
202104,FMCG,Moms&Kids,Игрушки,0,Estimation,1690752213,1602067687,25.02.2021 14:13:39
202104,FMCG,Moms&Kids,КГТ и спорт для детей,0,Estimation,4187627296,434530901,25.02.2021 13:53:11
202104,FMCG,Moms&Kids,Игрушки,0,Estimation,2877607747,2345640052,26.02.2021 01:35:54
202104,FMCG,Moms&Kids,Товары для школы  канцелярия  оборудование,0,Estimation,1428863204,419026516,25.02.2021 13:53:11
202104,FMCG,Moms&Kids,Творчество  хобби и игры,0,Estimation,2676500787,1948880087,25.02.2021 14:13:39
202104,FMCG,Moms&Kids,Игрушки,0,Estimation,89921737,3444673580,26.01.2021 01:35:54
202104,FMCG,Moms&Kids,Игрушки,1,Estimation,2032946860,2611043292,25.01.2021 13:53:11
202104,FMCG,Moms&Kids,Игрушки,0,Estimation,4165145041,3424976934,25.01.2021 14:13:39
202104,FMCG,Moms&Kids,Игрушки,0,Estimation,870611192,3255559246,25.01.2021 13:53:11
202104,FMCG,Moms&Kids,Творчество  хобби и игры,0,Estimation,574149613,650474510,26.01.2021 01:35:54
202104,FMCG,Moms&Kids,Творчество  хобби и игры,0,Estimation,3402906530,3292937567,25.01.2021 14:13:39
202104,FMCG,Moms&Kids,Творчество  хобби и игры,0,Estimation,2605769860,1539602124,25.01.2021 13:53:11
202104,FMCG,Moms&Kids,Творчество  хобби и игры,1,Estimation,2965377602,3884452213,25.01.2021 13:53:11
202104,FMCG,Moms&Kids,Товары для школы  канцелярия  оборудование,0,Estimation,166196426,3855566483,26.01.2021 01:35:54
202104,FMCG,Moms&Kids,КГТ и спорт для детей,1,Estimation,635257459,2987367403,25.01.2021 13:53:11
202104,FMCG,Moms&Kids,КГТ и спорт для детей,0,Estimation,744898502,2913035732,26.01.2021 01:35:54
202104,FMCG,Moms&Kids,Товары для школы  канцелярия  оборудование,1,Estimation,3401305913,1957442017,25.01.2021 13:53:11
202104,FMCG,Moms&Kids,Товары для школы  канцелярия  оборудование,0,Estimation,723016233,1295353144,25.01.2021 13:53:11
202104,FMCG,Moms&Kids,КГТ и спорт для детей,0,Estimation,996629487,697684190,25.01.2021 13:53:11
202104,FMCG,Moms&Kids,Товары для школы  канцелярия  оборудование,0,Estimation,2139144502,2058688746,25.01.2021 14:13:39
202104,FMCG,Moms&Kids,КГТ и спорт для детей,0,Estimation,31327788,1416637925,25.01.2021 14:13:39
202104,FMCG,Zoo,Спальное место животного,1,Estimation,1190605622,680927348,26.02.2021 01:00:04
202104,FMCG,Zoo,Гигиена и уход животных,0,Estimation,427355568,1224538638,26.02.2021 01:35:54
202104,FMCG,Zoo,Фермерское хозяйство - Содержание  уход птицы и сельскохозяйственных животных,0,Estimation,622355223,4254399192,26.02.2021 01:35:54
202104,FMCG,Zoo,Товары для прогулки и дрессировки животных,0,Estimation,2147729026,2422603026,26.02.2021 00:56:14
202104,FMCG,Zoo,Зоокорм  витамины,0,Estimation,2486541566,1316442659,26.02.2021 01:35:54
202104,FMCG,Zoo,Фермерское хозяйство - Корма и кормовые добавки для птицеводства и животноводства,0,Estimation,912746623,1411472340,26.02.2021 01:35:54
202104,FMCG,Zoo,Спальное место животного,0,Estimation,3811036254,1374853644,26.02.2021 00:56:14
202104,FMCG,Zoo,Гигиена и уход животных,0,Estimation,1154027529,2586464095,26.02.2021 01:02:02
202104,FMCG,Zoo,Фермерское хозяйство - Товары для пчеловодства,0,Estimation,3496858178,3918222284,26.02.2021 01:35:54
202104,FMCG,Zoo,Товары для прогулки и дрессировки животных,1,Estimation,214281875,1410108661,26.02.2021 01:00:04
202104,FMCG,Zoo,Спальное место животного,0,Estimation,777134428,2419955932,26.02.2021 01:02:02
202104,FMCG,Zoo,Фермерское хозяйство - Оборудование для птицеводства и животноводства,0,Estimation,4063734794,1889858302,26.02.2021 00:56:14
202104,FMCG,Zoo,Фермерское хозяйство - Товары для пчеловодства,0,Estimation,1463599826,3841990077,26.02.2021 00:56:14
202104,FMCG,Zoo,Фермерское хозяйство - Оборудование для птицеводства и животноводства,0,Estimation,151681719,454214843,26.02.2021 01:35:54
202104,FMCG,Zoo,Зоокорм  витамины,1,Estimation,1927198730,669506595,26.02.2021 01:00:04
202104,FMCG,Zoo,Товары для прогулки и дрессировки животных,0,Estimation,3286904297,320285819,26.02.2021 01:02:02
202104,FMCG,Zoo,Спальное место животного,0,Estimation,916536015,2581504950,26.02.2021 01:35:54
202104,FMCG,Zoo,Гигиена и уход животных,1,Estimation,948256917,2293515141,26.02.2021 01:00:04
202104,FMCG,Zoo,Зоокорм  витамины,0,Estimation,1088582739,2533158634,26.02.2021 00:56:14
202104,FMCG,Zoo,Фермерское хозяйство - Корма и кормовые добавки для птицеводства и животноводства,0,Estimation,4191452655,224600946,26.02.2021 00:56:14
202104,FMCG,Zoo,Гигиена и уход животных,0,Estimation,93890694,1162511150,26.02.2021 00:56:14
202104,FMCG,Zoo,Зоокорм  витамины,0,Estimation,2897242535,4136150368,26.02.2021 01:02:02
202104,FMCG,Zoo,Товары для прогулки и дрессировки животных,0,Estimation,1348086224,4091942636,26.02.2021 01:35:54
202104,FMCG,Zoo,Фермерское хозяйство - Содержание  уход птицы и сельскохозяйственных животных,0,Estimation,1389879966,2330165289,26.02.2021 00:56:14
202104,FMCG,Zoo,Товары для прогулки и дрессировки животных,0,Estimation,4230183187,1556291078,26.01.2021 01:35:54
202104,FMCG,Zoo,Гигиена и уход животных,1,Estimation,1839483840,2547852115,26.01.2021 01:00:04
202104,FMCG,Zoo,Фермерское хозяйство - Содержание  уход птицы и сельскохозяйственных животных,0,Estimation,846312080,917591537,26.01.2021 00:56:14
202104,FMCG,Zoo,Фермерское хозяйство - Корма и кормовые добавки для птицеводства и животноводства,0,Estimation,1273281414,3093957872,26.01.2021 00:56:14
202104,FMCG,Zoo,Гигиена и уход животных,0,Estimation,3350775549,1249922252,26.01.2021 00:56:14
202104,FMCG,Zoo,Спальное место животного,0,Estimation,4000011644,1050295533,26.01.2021 01:35:54
202104,FMCG,Zoo,Зоокорм  витамины,0,Estimation,916928089,2321496836,26.01.2021 00:56:14
202104,FMCG,Zoo,Фермерское хозяйство - Товары для пчеловодства,0,Estimation,2359428826,616339900,26.01.2021 00:56:14
202104,FMCG,Zoo,Зоокорм  витамины,1,Estimation,3076051137,2263663742,26.01.2021 01:00:04
202104,FMCG,Zoo,Гигиена и уход животных,0,Estimation,3276713346,264503635,26.01.2021 01:02:02
202104,FMCG,Zoo,Товары для прогулки и дрессировки животных,0,Estimation,3264188781,602782850,26.01.2021 01:02:02
202104,FMCG,Zoo,Фермерское хозяйство - Товары для пчеловодства,0,Estimation,2184918126,4095251429,26.01.2021 01:35:54
202104,FMCG,Zoo,Зоокорм  витамины,0,Estimation,2019013328,3346623587,26.01.2021 01:35:54
202104,FMCG,Zoo,Товары для прогулки и дрессировки животных,1,Estimation,14960697,3794104403,26.01.2021 01:00:04
202104,FMCG,Zoo,Фермерское хозяйство - Содержание  уход птицы и сельскохозяйственных животных,0,Estimation,2530000725,1511658559,26.01.2021 01:35:54
202104,FMCG,Zoo,Зоокорм  витамины,0,Estimation,1006342865,20751096,26.01.2021 01:02:02
202104,FMCG,Zoo,Спальное место животного,0,Estimation,1567274261,292283179,26.01.2021 01:02:02
202104,FMCG,Zoo,Фермерское хозяйство - Корма и кормовые добавки для птицеводства и животноводства,0,Estimation,1364577483,2848732061,26.01.2021 01:35:54
202104,FMCG,Zoo,Спальное место животного,1,Estimation,961988035,554496105,26.01.2021 01:00:04
202104,FMCG,Zoo,Фермерское хозяйство - Оборудование для птицеводства и животноводства,0,Estimation,2087189358,3852010291,26.01.2021 01:35:54
202104,FMCG,Zoo,Товары для прогулки и дрессировки животных,0,Estimation,3830862942,2454934504,26.01.2021 00:56:14
202104,FMCG,Zoo,Фермерское хозяйство - Оборудование для птицеводства и животноводства,0,Estimation,2890764187,2766778209,26.01.2021 00:56:14
202104,FMCG,Zoo,Спальное место животного,0,Estimation,684058148,1241083052,26.01.2021 00:56:14
202104,FMCG,Zoo,Гигиена и уход животных,0,Estimation,2531319233,2638360169,26.01.2021 01:35:54
202105,Beauty,Apparel,Детская обувь,0,Estimation,36547278,3758396283,25.02.2021 10:39:58
202105,Beauty,Apparel,Детская одежда,0,Estimation,931000783,1291320095,25.02.2021 10:39:58
202105,Beauty,Apparel,Детская одежда,0,Estimation,142476831,3587112807,25.02.2021 10:58:00
202105,Beauty,Apparel,Бижутерия и часы бижутерные,0,Estimation,2938231270,2085643459,25.02.2021 10:58:00
202105,Beauty,Apparel,Бижутерия и часы бижутерные,0,Estimation,2886076018,3403627492,25.02.2021 10:39:58
202105,Beauty,Apparel,Взрослая обувь,0,Estimation,3661964352,3435875429,25.02.2021 10:58:00
202105,Beauty,Apparel,Взрослая обувь,0,Estimation,2969946104,3616442267,25.02.2021 10:39:58
202105,Beauty,Apparel,Аксессуары для взрослых и детей,0,Estimation,959062241,273875148,25.02.2021 10:58:00
202105,Beauty,Apparel,Взрослая одежда,0,Estimation,3421751872,3405591668,25.02.2021 10:58:00
202105,Beauty,Apparel,Аксессуары для взрослых и детей,0,Estimation,207345616,780793618,25.02.2021 10:39:58
202105,Beauty,Apparel,Аксессуары для взрослых и детей,1,Estimation,911229622,1142148946,24.02.2021 16:27:18
202105,Beauty,Apparel,Детская обувь,0,Estimation,3017048866,2591801682,25.02.2021 10:58:00
202105,Beauty,Apparel,Взрослая одежда,1,Estimation,1817546068,2957202466,24.02.2021 16:27:18
202105,Beauty,Apparel,Взрослая одежда,0,Estimation,2715505307,452887146,25.02.2021 10:39:58
202105,Beauty,Apparel,Взрослая одежда,0,Estimation,1216068697,3034641418,25.01.2021 10:39:58
202105,Beauty,Apparel,Аксессуары для взрослых и детей,0,Estimation,3900650709,4249731894,25.01.2021 10:39:58
202105,Beauty,Apparel,Детская одежда,0,Estimation,2349248721,4284918898,25.01.2021 10:58:00
202105,Beauty,Apparel,Взрослая одежда,0,Estimation,3491705437,933822529,25.01.2021 10:58:00
202105,Beauty,Apparel,Взрослая одежда,1,Estimation,2106397255,1199112017,24.01.2021 16:27:18
202105,Beauty,Apparel,Бижутерия и часы бижутерные,0,Estimation,3415196087,2906159487,25.01.2021 10:58:00
202105,Beauty,Apparel,Аксессуары для взрослых и детей,1,Estimation,830949524,2059745012,24.01.2021 16:27:18
202105,Beauty,Apparel,Взрослая обувь,0,Estimation,2758594650,1413749238,25.01.2021 10:58:00
202105,Beauty,Apparel,Взрослая обувь,0,Estimation,3222013790,409303310,25.01.2021 10:39:58
202105,Beauty,Apparel,Бижутерия и часы бижутерные,0,Estimation,3151973720,3408907102,25.01.2021 10:39:58
202105,Beauty,Apparel,Детская обувь,0,Estimation,3119811168,1445204088,25.01.2021 10:58:00
202105,Beauty,Apparel,Детская одежда,0,Estimation,2062998445,2665778121,25.01.2021 10:39:58
202105,Beauty,Apparel,Детская обувь,0,Estimation,2329969661,1689048964,25.01.2021 10:39:58
202105,Beauty,Apparel,Аксессуары для взрослых и детей,0,Estimation,3532607433,3763652270,25.01.2021 10:58:00
202105,Beauty,Health&Beauty,Парфюмерия  ароматерапия,0,Estimation,777644736,822628781,24.02.2021 11:02:28
202105,Beauty,Health&Beauty,Косметические аксессуары,0,Estimation,3358838505,40138341,24.02.2021 11:02:28
202105,Beauty,Health&Beauty,Парфюмерия  ароматерапия,0,Estimation,2451548713,2833804089,25.02.2021 20:57:25
202105,Beauty,Health&Beauty,Уход и гигиена,0,Estimation,443535206,1085157024,25.02.2021 20:57:25
202105,Beauty,Health&Beauty,Косметическая техника,0,Estimation,3086951289,3559332755,25.02.2021 20:57:25
202105,Beauty,Health&Beauty,Косметические аксессуары,1,Estimation,2912330657,510009544,24.02.2021 17:44:13
202105,Beauty,Health&Beauty,Декоративная косметика,0,Estimation,4204801113,1268319911,25.02.2021 20:57:25
202105,Beauty,Health&Beauty,Косметические средства для детей и беременных,0,Estimation,318990411,3220926844,24.02.2021 11:02:28
202105,Beauty,Health&Beauty,Косметика для ухода за волосами,0,Estimation,577568535,2850309186,25.02.2021 20:57:25
202105,Beauty,Health&Beauty,Косметические аксессуары,0,Estimation,1182556442,2609976089,25.02.2021 20:57:25
202105,Beauty,Health&Beauty,Уход и гигиена,0,Estimation,786335902,2659427179,24.02.2021 11:02:28
202105,Beauty,Health&Beauty,Косметика для ухода за кожей,0,Estimation,3722569750,1901037078,24.02.2021 11:02:28
202105,Beauty,Health&Beauty,Уход и гигиена,1,Estimation,1181181078,196194213,24.02.2021 17:44:13
202105,Beauty,Health&Beauty,Косметическая техника,0,Estimation,203828157,1823199338,24.02.2021 11:02:28
202105,Beauty,Health&Beauty,Декоративная косметика,0,Estimation,3348018961,3857254364,24.02.2021 11:02:28
202105,Beauty,Health&Beauty,Парфюмерия  ароматерапия,1,Estimation,429985595,1991615744,24.02.2021 17:44:13
202105,Beauty,Health&Beauty,Косметика для ухода за кожей,1,Estimation,3568722997,3831588243,24.02.2021 17:44:13
202105,Beauty,Health&Beauty,Косметические средства для детей и беременных,1,Estimation,2894601345,3556343946,24.02.2021 17:44:13
202105,Beauty,Health&Beauty,Косметика для ухода за волосами,1,Estimation,644882557,3172616756,24.02.2021 17:44:13
202105,Beauty,Health&Beauty,Косметика для ухода за кожей,0,Estimation,1872995583,2351310933,25.02.2021 20:57:25
202105,Beauty,Health&Beauty,Косметика для ухода за волосами,0,Estimation,1833725517,257087727,24.02.2021 11:02:28
202105,Beauty,Health&Beauty,Декоративная косметика,1,Estimation,3887499937,3468739430,24.02.2021 17:44:13
202105,Beauty,Health&Beauty,Косметические средства для детей и беременных,0,Estimation,2993340968,1367699862,25.02.2021 20:57:25
202105,Beauty,Health&Beauty,Косметическая техника,1,Estimation,2432589239,448625539,24.02.2021 17:44:13
202105,Beauty,Health&Beauty,Косметика для ухода за волосами,0,Estimation,3311077607,2040453926,24.01.2021 11:02:28
202105,Beauty,Health&Beauty,Уход и гигиена,1,Estimation,2786166954,3837106210,24.01.2021 17:44:13
202105,Beauty,Health&Beauty,Косметическая техника,1,Estimation,2818077544,3409348117,24.01.2021 17:44:13
202105,Beauty,Health&Beauty,Косметические аксессуары,0,Estimation,1054504129,2870626746,25.01.2021 20:57:25
202105,Beauty,Health&Beauty,Декоративная косметика,1,Estimation,2492454818,4199234880,24.01.2021 17:44:13
202105,Beauty,Health&Beauty,Косметика для ухода за кожей,1,Estimation,3303301650,341786464,24.01.2021 17:44:13
202105,Beauty,Health&Beauty,Парфюмерия  ароматерапия,0,Estimation,1134559704,3660289482,24.01.2021 11:02:28
202105,Beauty,Health&Beauty,Декоративная косметика,0,Estimation,955255753,3750798310,24.01.2021 11:02:28
202105,Beauty,Health&Beauty,Косметические средства для детей и беременных,1,Estimation,1727898850,660013548,24.01.2021 17:44:13
202105,Beauty,Health&Beauty,Парфюмерия  ароматерапия,0,Estimation,2945951937,545028985,25.01.2021 20:57:25
202105,Beauty,Health&Beauty,Косметическая техника,0,Estimation,2640595184,4111619168,24.01.2021 11:02:28
202105,Beauty,Health&Beauty,Косметика для ухода за волосами,1,Estimation,1917828950,1788932837,24.01.2021 17:44:13
202105,Beauty,Health&Beauty,Косметика для ухода за кожей,0,Estimation,2294734991,3151786527,24.01.2021 11:02:28
202105,Beauty,Health&Beauty,Уход и гигиена,0,Estimation,3872505455,92305143,24.01.2021 11:02:28
202105,Beauty,Health&Beauty,Косметика для ухода за волосами,0,Estimation,3104234185,331337562,25.01.2021 20:57:25
202105,Beauty,Health&Beauty,Косметические аксессуары,1,Estimation,3831976062,1969264973,24.01.2021 17:44:13
202105,Beauty,Health&Beauty,Косметические средства для детей и беременных,0,Estimation,2729439387,200164089,24.01.2021 11:02:28
202105,Beauty,Health&Beauty,Парфюмерия  ароматерапия,1,Estimation,2855119491,2379426607,24.01.2021 17:44:13
202105,Beauty,Health&Beauty,Уход и гигиена,0,Estimation,3356262584,2539402391,25.01.2021 20:57:25
202105,Beauty,Health&Beauty,Косметика для ухода за кожей,0,Estimation,2993083890,1671523751,25.01.2021 20:57:25
202105,Beauty,Health&Beauty,Косметические средства для детей и беременных,0,Estimation,3380815492,3389779195,25.01.2021 20:57:25
202105,Beauty,Health&Beauty,Косметическая техника,0,Estimation,2832234820,2781695339,25.01.2021 20:57:25
202105,Beauty,Health&Beauty,Декоративная косметика,0,Estimation,1044949766,2540903890,25.01.2021 20:57:25
202105,Beauty,Health&Beauty,Косметические аксессуары,0,Estimation,1766754800,2716337028,24.01.2021 11:02:28
202105,Beauty,Jewelry,Ювелирные изделия,0,Estimation,2728353484,635434916,25.02.2021 15:11:04
202105,Beauty,Jewelry,Ювелирные изделия,0,Estimation,3737810415,1383813051,25.01.2021 15:11:04
202105,Beauty,Pharmacy,Лекарственные средства для животных,0,Estimation,1087178144,2313265729,20.02.2021 18:23:40
202105,Beauty,Pharmacy,Медицинские изделия,0,Estimation,3590369238,3765474095,20.02.2021 18:23:40
202105,Beauty,Pharmacy,Электронные сигареты  парители  кальяны,0,Estimation,465012389,57252202,20.02.2021 18:23:40
202105,Beauty,Pharmacy,Витамины и БАДы,0,Estimation,2826236524,42482485,20.02.2021 18:23:40
202105,Beauty,Pharmacy,Антибактериальные  дезинфицирующие средства,1,Estimation,775826502,4167119219,24.02.2021 23:38:51
202105,Beauty,Pharmacy,Ортопедия и компрессионный трикотаж,0,Estimation,2980806152,4038664172,20.02.2021 18:23:40
202105,Beauty,Pharmacy,Тату,0,Estimation,1684769071,2926582234,20.02.2021 18:23:40
202105,Beauty,Pharmacy,Медицинские изделия,1,Estimation,3763181490,3041841398,24.02.2021 23:38:51
202105,Beauty,Pharmacy,Электронные сигареты  парители  кальяны,1,Estimation,1958928256,1648610434,24.02.2021 23:38:51
202105,Beauty,Pharmacy,Ортопедия и компрессионный трикотаж,1,Estimation,2472895758,2120458104,24.02.2021 23:38:51
202105,Beauty,Pharmacy,Антибактериальные  дезинфицирующие средства,0,Estimation,462686873,2638285875,20.02.2021 18:23:40
202105,Beauty,Pharmacy,Витамины и БАДы,1,Estimation,3808348491,2195439089,24.02.2021 23:38:51
202105,Beauty,Pharmacy,Средства реабилитации,1,Estimation,3688814111,597002248,24.02.2021 23:38:51
202105,Beauty,Pharmacy,Профессиональный уход за полостью рта,1,Estimation,175721067,833010571,24.02.2021 23:38:51
202105,Beauty,Pharmacy,Профессиональный уход за полостью рта,0,Estimation,2708027010,4001327879,20.02.2021 18:23:40
202105,Beauty,Pharmacy,Оптика,1,Estimation,2548578878,3115794250,24.02.2021 23:38:51
202105,Beauty,Pharmacy,Спортивное питание,1,Estimation,329354192,174052829,24.02.2021 23:38:51
202105,Beauty,Pharmacy,Лекарственные средства,1,Estimation,3754901226,892133303,24.02.2021 23:38:51
202105,Beauty,Pharmacy,Товары для взрослых,1,Estimation,2892975015,3241344967,24.02.2021 23:38:51
202105,Beauty,Pharmacy,Парафармацевтика,0,Estimation,1465653429,134441705,20.02.2021 18:23:40
202105,Beauty,Pharmacy,Товары для взрослых,0,Estimation,1476017679,2897321585,20.02.2021 18:23:40
202105,Beauty,Pharmacy,Медицинская техника,0,Estimation,1411401874,2606715516,20.02.2021 18:23:40
202105,Beauty,Pharmacy,Уход и гигиена,1,Estimation,1988052907,3173318604,24.02.2021 23:38:51
202105,Beauty,Pharmacy,Парафармацевтика,1,Estimation,2577494093,2957189810,24.02.2021 23:38:51
202105,Beauty,Pharmacy,Уход и гигиена,0,Estimation,2896720003,957216129,20.02.2021 18:23:40
202105,Beauty,Pharmacy,Средства реабилитации,0,Estimation,1297018676,234075099,20.02.2021 18:23:40
202105,Beauty,Pharmacy,Медицинская техника,1,Estimation,2856800578,2797288747,24.02.2021 23:38:51
202105,Beauty,Pharmacy,Спортивное питание,0,Estimation,2104777860,3409947756,20.02.2021 18:23:40
202105,Beauty,Pharmacy,Лекарственные средства,0,Estimation,3332791958,4192946257,20.02.2021 18:23:40
202105,Beauty,Pharmacy,Оптика,0,Estimation,3853551652,179768628,20.02.2021 18:23:40
202105,Beauty,Pharmacy,Спортивное питание,0,Estimation,2316456520,2573960779,20.01.2021 18:23:40
202105,Beauty,Pharmacy,Витамины и БАДы,1,Estimation,3037426221,4211560613,24.01.2021 23:38:51
202105,Beauty,Pharmacy,Лекарственные средства,0,Estimation,4217377001,1778079395,20.01.2021 18:23:40
202105,Beauty,Pharmacy,Электронные сигареты  парители  кальяны,0,Estimation,1527760355,1461481439,20.01.2021 18:23:40
202105,Beauty,Pharmacy,Витамины и БАДы,0,Estimation,2218319939,4081205550,20.01.2021 18:23:40
202105,Beauty,Pharmacy,Медицинские изделия,1,Estimation,346761222,124700104,24.01.2021 23:38:51
202105,Beauty,Pharmacy,Средства реабилитации,1,Estimation,2116283997,732065607,24.01.2021 23:38:51
202105,Beauty,Pharmacy,Медицинские изделия,0,Estimation,4090294250,31131678,20.01.2021 18:23:40
202105,Beauty,Pharmacy,Тату,0,Estimation,3794328593,4063427649,20.01.2021 18:23:40
202105,Beauty,Pharmacy,Спортивное питание,1,Estimation,545941202,1529890930,24.01.2021 23:38:51
202105,Beauty,Pharmacy,Лекарственные средства,1,Estimation,1708756530,230829438,24.01.2021 23:38:51
202105,Beauty,Pharmacy,Парафармацевтика,0,Estimation,3165130734,4235792842,20.01.2021 18:23:40
202105,Beauty,Pharmacy,Антибактериальные  дезинфицирующие средства,0,Estimation,1788239697,3633493256,20.01.2021 18:23:40
202105,Beauty,Pharmacy,Товары для взрослых,0,Estimation,4042132548,65667332,20.01.2021 18:23:40
202105,Beauty,Pharmacy,Медицинская техника,0,Estimation,181431432,3998035110,20.01.2021 18:23:40
202105,Beauty,Pharmacy,Парафармацевтика,1,Estimation,2822554015,2893573742,24.01.2021 23:38:51
202105,Beauty,Pharmacy,Медицинская техника,1,Estimation,570597163,1879657842,24.01.2021 23:38:51
202105,Beauty,Pharmacy,Оптика,0,Estimation,110994323,2685821826,20.01.2021 18:23:40
202105,Beauty,Pharmacy,Ортопедия и компрессионный трикотаж,1,Estimation,21441742,2554253538,24.01.2021 23:38:51
202105,Beauty,Pharmacy,Электронные сигареты  парители  кальяны,1,Estimation,2870593325,479856042,24.01.2021 23:38:51
202105,Beauty,Pharmacy,Профессиональный уход за полостью рта,0,Estimation,2585264516,2185322739,20.01.2021 18:23:40
202105,Beauty,Pharmacy,Ортопедия и компрессионный трикотаж,0,Estimation,1469143260,1942250311,20.01.2021 18:23:40
202105,Beauty,Pharmacy,Уход и гигиена,1,Estimation,3825872144,1717322448,24.01.2021 23:38:51
202105,Beauty,Pharmacy,Товары для взрослых,1,Estimation,3597406394,2682548686,24.01.2021 23:38:51
202105,Beauty,Pharmacy,Оптика,1,Estimation,3009656536,262239391,24.01.2021 23:38:51
202105,Beauty,Pharmacy,Уход и гигиена,0,Estimation,4200179607,1901686783,20.01.2021 18:23:40
202105,Beauty,Pharmacy,Профессиональный уход за полостью рта,1,Estimation,2002098865,151476499,24.01.2021 23:38:51
202105,Beauty,Pharmacy,Средства реабилитации,0,Estimation,1566851138,3422919375,20.01.2021 18:23:40
202105,Beauty,Pharmacy,Антибактериальные  дезинфицирующие средства,1,Estimation,2400864803,2684701074,24.01.2021 23:38:51
202105,Beauty,Pharmacy,Лекарственные средства для животных,0,Estimation,1925625676,2876126975,20.01.2021 18:23:40
202105,ES + Home,Auto&Moto,Дополнительное оборудование для авто и мото техники,0,Estimation,4013276814,4168580756,17.02.2021 18:25:32
202105,ES + Home,Auto&Moto,Авто и мото запчасти,0,Estimation,1565093807,977778900,17.02.2021 18:25:32
202105,ES + Home,Auto&Moto,Масла и автохимия,0,Estimation,2729304369,2759846497,18.02.2021 14:15:16
202105,ES + Home,Auto&Moto,Шины и диски,0,Estimation,970393692,2993871676,17.02.2021 18:25:32
202105,ES + Home,Auto&Moto,Масла и автохимия,1,Estimation,1358261263,3610885962,18.02.2021 14:15:16
202105,ES + Home,Auto&Moto,Автомобили и мототехника,0,Estimation,4117765011,2898102482,17.02.2021 18:25:32
202105,ES + Home,Auto&Moto,Автоинструменты и гаражное оборудование,0,Estimation,3488026962,3726854412,18.02.2021 14:15:16
202105,ES + Home,Auto&Moto,Универсальные авто и мото аксессуары,0,Estimation,2249755795,3750937298,17.02.2021 18:25:32
202105,ES + Home,Auto&Moto,Автоинструменты и гаражное оборудование,1,Estimation,3172928887,1654280026,18.02.2021 14:15:16
202105,ES + Home,Auto&Moto,Универсальные авто и мото аксессуары,0,Estimation,2023381997,4257873705,18.02.2021 14:15:16
202105,ES + Home,Auto&Moto,Автоинструменты и гаражное оборудование,0,Estimation,3938904650,1313478685,17.02.2021 18:25:32
202105,ES + Home,Auto&Moto,Шины и диски,0,Estimation,3128378432,1020442259,18.02.2021 14:15:16
202105,ES + Home,Auto&Moto,Авто и мото запчасти,1,Estimation,525229742,22655112,18.02.2021 14:15:16
202105,ES + Home,Auto&Moto,Автомобили и мототехника,0,Estimation,1241573069,1571127576,18.02.2021 14:15:16
202105,ES + Home,Auto&Moto,Масла и автохимия,0,Estimation,102006776,4039466726,17.02.2021 18:25:32
202105,ES + Home,Auto&Moto,Дополнительное оборудование для авто и мото техники,0,Estimation,1554917208,1467164086,18.02.2021 14:15:16
202105,ES + Home,Auto&Moto,Авто и мото запчасти,0,Estimation,2554469261,1136268855,18.02.2021 14:15:16
202105,ES + Home,Auto&Moto,Универсальные авто и мото аксессуары,1,Estimation,1783727024,3520182066,18.02.2021 14:15:16
202105,ES + Home,Auto&Moto,Автомобили и мототехника,0,Estimation,4188677300,3492547258,17.01.2021 18:25:32
202105,ES + Home,Auto&Moto,Дополнительное оборудование для авто и мото техники,0,Estimation,1691496353,440808928,18.01.2021 14:15:16
202105,ES + Home,Auto&Moto,Авто и мото запчасти,1,Estimation,3435229552,91204598,18.01.2021 14:15:16
202105,ES + Home,Auto&Moto,Автомобили и мототехника,0,Estimation,1166955990,2379725995,18.01.2021 14:15:16
202105,ES + Home,Auto&Moto,Шины и диски,0,Estimation,3462635605,1808063205,17.01.2021 18:25:32
202105,ES + Home,Auto&Moto,Универсальные авто и мото аксессуары,0,Estimation,291079468,4246390693,17.01.2021 18:25:32
202105,ES + Home,Auto&Moto,Универсальные авто и мото аксессуары,1,Estimation,3561979764,1344233265,18.01.2021 14:15:16
202105,ES + Home,Auto&Moto,Шины и диски,0,Estimation,1159851596,1829318476,18.01.2021 14:15:16
202105,ES + Home,Auto&Moto,Универсальные авто и мото аксессуары,0,Estimation,3292771327,2956004850,18.01.2021 14:15:16
202105,ES + Home,Auto&Moto,Авто и мото запчасти,0,Estimation,2106269328,3376312818,17.01.2021 18:25:32
202105,ES + Home,Auto&Moto,Авто и мото запчасти,0,Estimation,3533524172,3694966292,18.01.2021 14:15:16
202105,ES + Home,Auto&Moto,Дополнительное оборудование для авто и мото техники,0,Estimation,3440103242,2461464337,17.01.2021 18:25:32
202105,ES + Home,Auto&Moto,Автоинструменты и гаражное оборудование,0,Estimation,601267678,1618069151,18.01.2021 14:15:16
202105,ES + Home,Auto&Moto,Масла и автохимия,0,Estimation,589000555,2964883734,17.01.2021 18:25:32
202105,ES + Home,Auto&Moto,Автоинструменты и гаражное оборудование,1,Estimation,3037779590,1727226526,18.01.2021 14:15:16
202105,ES + Home,Auto&Moto,Масла и автохимия,0,Estimation,4037091842,1945925160,18.01.2021 14:15:16
202105,ES + Home,Auto&Moto,Автоинструменты и гаражное оборудование,0,Estimation,3986195979,1515074192,17.01.2021 18:25:32
202105,ES + Home,Auto&Moto,Масла и автохимия,1,Estimation,157891506,999485061,18.01.2021 14:15:16
202105,ES + Home,Books,Аудиокнига,0,Estimation,3163822785,2421387143,16.02.2021 18:01:08
202105,ES + Home,Books,Книга по требованию,0,Estimation,2091885789,2112482579,16.02.2021 18:01:08
202105,ES + Home,Books,Современная печатная книга,1,Estimation,2589853549,2910175667,16.02.2021 18:29:37
202105,ES + Home,Books,Учебная литература,0,Estimation,3712398871,110351951,16.02.2021 18:01:08
202105,ES + Home,Books,Букинистическое издание,0,Estimation,1374077018,3468637945,16.02.2021 18:01:08
202105,ES + Home,Books,ПО на физических носителях,0,Estimation,4085880008,1506249359,16.02.2021 18:01:08
202105,ES + Home,Books,Антикварное издание,0,Estimation,3504883805,138351802,16.02.2021 18:01:08
202105,ES + Home,Books,Современная печатная книга,0,Estimation,1518923066,1713174201,16.02.2021 18:01:08
202105,ES + Home,Books,Литература на иностранном языке,0,Estimation,2512563685,349182371,16.02.2021 18:01:08
202105,ES + Home,Books,Иностранное издание,0,Estimation,3974207889,147787620,16.02.2021 18:01:08
202105,ES + Home,Books,Современные листовые издания,0,Estimation,2470508896,2344756196,16.02.2021 18:01:08
202105,ES + Home,Books,Second-hand книга,1,Estimation,196448981,190015629,16.02.2021 18:29:37
202105,ES + Home,Books,Книги детям и родителям,0,Estimation,3438886756,3576438109,16.02.2021 18:01:08
202105,ES + Home,Books,Second-hand книга,0,Estimation,524173596,1413095736,16.02.2021 18:01:08
202105,ES + Home,Books,Художественная литература,0,Estimation,164756282,4129842915,16.02.2021 18:01:08
202105,ES + Home,Books,Бизнес-литература,0,Estimation,3149375836,2536552809,16.02.2021 18:01:08
202105,ES + Home,Books,Манга,1,Estimation,1217123728,4165691847,16.02.2021 18:29:37
202105,ES + Home,Books,Календари,0,Estimation,472173705,1609992992,16.02.2021 18:01:08
202105,ES + Home,Books,Нехудожественная литература,1,Estimation,2047865885,3436167712,16.02.2021 18:29:37
202105,ES + Home,Books,Цифровая книга,0,Estimation,2088521682,1467302352,16.02.2021 18:01:08
202105,ES + Home,Books,Блокноты с ISBN,1,Estimation,1977753025,1736257200,16.02.2021 18:29:37
202105,ES + Home,Books,Комиксы,0,Estimation,3494377243,1590243487,16.02.2021 18:01:08
202105,ES + Home,Books,Современные картографические издания,0,Estimation,2203190905,741753045,16.02.2021 18:01:08
202105,ES + Home,Books,Комиксы,1,Estimation,1678946998,1249615160,16.02.2021 18:29:37
202105,ES + Home,Books,Книги детям и родителям,1,Estimation,2404049853,974367072,16.02.2021 18:29:37
202105,ES + Home,Books,Нехудожественная литература,0,Estimation,2668224892,2172761650,16.02.2021 18:01:08
202105,ES + Home,Books,Манга,0,Estimation,821469084,3130492464,16.02.2021 18:01:08
202105,ES + Home,Books,Бизнес-литература,1,Estimation,900958001,3714805207,16.02.2021 18:29:37
202105,ES + Home,Books,Художественная литература,1,Estimation,3036128960,2149222084,16.02.2021 18:29:37
202105,ES + Home,Books,Блокноты с ISBN,0,Estimation,907774094,2250990194,16.02.2021 18:01:08
202105,ES + Home,Books,Цифровая аудиокнига,0,Estimation,885149705,2308575085,16.02.2021 18:01:08
202105,ES + Home,Books,Нехудожественная литература,0,Estimation,2656373916,1112311075,16.01.2021 18:01:08
202105,ES + Home,Books,Цифровая аудиокнига,0,Estimation,2936564690,2944282941,16.01.2021 18:01:08
202105,ES + Home,Books,Блокноты с ISBN,0,Estimation,1388124443,1235979586,16.01.2021 18:01:08
202105,ES + Home,Books,ПО на физических носителях,0,Estimation,3519045800,3358911478,16.01.2021 18:01:08
202105,ES + Home,Books,Книги детям и родителям,1,Estimation,1894546466,4092144452,16.01.2021 18:29:37
202105,ES + Home,Books,Литература на иностранном языке,0,Estimation,1261103304,2029578436,16.01.2021 18:01:08
202105,ES + Home,Books,Комиксы,0,Estimation,2561424209,785186878,16.01.2021 18:01:08
202105,ES + Home,Books,Календари,0,Estimation,1623602917,3717057857,16.01.2021 18:01:08
202105,ES + Home,Books,Современные картографические издания,0,Estimation,669231965,3779523955,16.01.2021 18:01:08
202105,ES + Home,Books,Манга,0,Estimation,3191046232,608317422,16.01.2021 18:01:08
202105,ES + Home,Books,Современные листовые издания,0,Estimation,3157887932,67769663,16.01.2021 18:01:08
202105,ES + Home,Books,Современная печатная книга,1,Estimation,1210972292,1566136902,16.01.2021 18:29:37
202105,ES + Home,Books,Second-hand книга,0,Estimation,3100402212,265824402,16.01.2021 18:01:08
202105,ES + Home,Books,Учебная литература,0,Estimation,796925053,3486541085,16.01.2021 18:01:08
202105,ES + Home,Books,Блокноты с ISBN,1,Estimation,3261108393,496805264,16.01.2021 18:29:37
202105,ES + Home,Books,Цифровая книга,0,Estimation,819685561,3249345509,16.01.2021 18:01:08
202105,ES + Home,Books,Комиксы,1,Estimation,1381177054,1196090906,16.01.2021 18:29:37
202105,ES + Home,Books,Иностранное издание,0,Estimation,3773356571,1336307620,16.01.2021 18:01:08
202105,ES + Home,Books,Нехудожественная литература,1,Estimation,80389079,2302290076,16.01.2021 18:29:37
202105,ES + Home,Books,Букинистическое издание,0,Estimation,1660920732,854200389,16.01.2021 18:01:08
202105,ES + Home,Books,Антикварное издание,0,Estimation,2770315631,685636141,16.01.2021 18:01:08
202105,ES + Home,Books,Second-hand книга,1,Estimation,3488235956,76586239,16.01.2021 18:29:37
202105,ES + Home,Books,Бизнес-литература,0,Estimation,972476496,3396703510,16.01.2021 18:01:08
202105,ES + Home,Books,Художественная литература,0,Estimation,1912427053,2235090612,16.01.2021 18:01:08
202105,ES + Home,Books,Художественная литература,1,Estimation,1684313646,3779618765,16.01.2021 18:29:37
202105,ES + Home,Books,Книги детям и родителям,0,Estimation,692589123,1470428550,16.01.2021 18:01:08
202105,ES + Home,Books,Бизнес-литература,1,Estimation,1295353112,845115724,16.01.2021 18:29:37
202105,ES + Home,Books,Современная печатная книга,0,Estimation,3936351119,3913661364,16.01.2021 18:01:08
202105,ES + Home,Books,Аудиокнига,0,Estimation,2967864903,2574258486,16.01.2021 18:01:08
202105,ES + Home,Books,Манга,1,Estimation,378315402,3887049262,16.01.2021 18:29:37
202105,ES + Home,Books,Книга по требованию,0,Estimation,717429180,3465082638,16.01.2021 18:01:08
202105,ES + Home,Digital,Програмное обеспечение Digital,0,Estimation,248490431,3054117953,25.02.2021 22:27:30
202105,ES + Home,Digital,Програмное обеспечение Digital,0,Estimation,1704884335,2925627532,25.01.2021 22:27:30
202105,ES + Home,DIY,Фильтры для воды,0,Estimation,220570530,1790737291,17.02.2021 18:25:32
202105,ES + Home,DIY,Инструменты,1,Estimation,265761289,1690721929,18.02.2021 14:45:14
202105,ES + Home,DIY,Ремонт и строительство,0,Estimation,2925388731,3098687080,17.02.2021 18:25:32
202105,ES + Home,DIY,Освещение,0,Estimation,2797009469,2286623290,18.02.2021 14:45:14
202105,ES + Home,DIY,Инструменты,0,Estimation,3525017023,4145312026,18.02.2021 14:45:14
202105,ES + Home,DIY,Сантехника,0,Estimation,610010363,352170752,17.02.2021 18:25:32
202105,ES + Home,DIY,Сантехника,0,Estimation,3229666975,2854493513,18.02.2021 14:45:14
202105,ES + Home,DIY,Сад и огород,1,Estimation,4051626342,3674666135,18.02.2021 14:45:14
202105,ES + Home,DIY,Освещение,1,Estimation,3559305100,1793495831,18.02.2021 14:45:14
202105,ES + Home,DIY,Сад и огород,0,Estimation,3321193052,186055795,18.02.2021 14:45:14
202105,ES + Home,DIY,Сад и огород,0,Estimation,1094795294,1289842390,17.02.2021 18:25:32
202105,ES + Home,DIY,Ремонт и строительство,1,Estimation,2239334038,618969323,18.02.2021 14:45:14
202105,ES + Home,DIY,Освещение,0,Estimation,2349973741,4104699093,17.02.2021 18:25:32
202105,ES + Home,DIY,Фильтры для воды,0,Estimation,1926307011,3804930804,18.02.2021 14:45:14
202105,ES + Home,DIY,Ремонт и строительство,0,Estimation,1590536087,662753563,18.02.2021 14:45:14
202105,ES + Home,DIY,Фильтры для воды,1,Estimation,2645924921,2024414212,18.02.2021 14:45:14
202105,ES + Home,DIY,Инструменты,0,Estimation,103683490,2321569895,17.02.2021 18:25:32
202105,ES + Home,DIY,Сантехника,0,Estimation,3244315451,3399356087,18.01.2021 14:45:14
202105,ES + Home,DIY,Сантехника,0,Estimation,1730690172,701236196,17.01.2021 18:25:32
202105,ES + Home,DIY,Освещение,0,Estimation,2551318001,1404145071,18.01.2021 14:45:14
202105,ES + Home,DIY,Инструменты,1,Estimation,209089300,1265738238,18.01.2021 14:45:14
202105,ES + Home,DIY,Инструменты,0,Estimation,3139976826,2660379461,18.01.2021 14:45:14
202105,ES + Home,DIY,Сад и огород,1,Estimation,2283803357,4242407151,18.01.2021 14:45:14
202105,ES + Home,DIY,Ремонт и строительство,0,Estimation,390268758,3718312290,17.01.2021 18:25:32
202105,ES + Home,DIY,Сад и огород,0,Estimation,1906288546,471751634,18.01.2021 14:45:14
202105,ES + Home,DIY,Фильтры для воды,0,Estimation,348908938,18162271,17.01.2021 18:25:32
202105,ES + Home,DIY,Освещение,1,Estimation,3970240739,1333859999,18.01.2021 14:45:14
202105,ES + Home,DIY,Инструменты,0,Estimation,4261154733,2003891315,17.01.2021 18:25:32
202105,ES + Home,DIY,Освещение,0,Estimation,1542194571,1776138495,17.01.2021 18:25:32
202105,ES + Home,DIY,Ремонт и строительство,1,Estimation,249010762,2668184351,18.01.2021 14:45:14
202105,ES + Home,DIY,Фильтры для воды,0,Estimation,1436099420,3940083202,18.01.2021 14:45:14
202105,ES + Home,DIY,Сад и огород,0,Estimation,2250228182,4054657695,17.01.2021 18:25:32
202105,ES + Home,DIY,Ремонт и строительство,0,Estimation,1402166990,923589747,18.01.2021 14:45:14
202105,ES + Home,DIY,Фильтры для воды,1,Estimation,50177811,3902799006,18.01.2021 14:45:14
202105,ES + Home,Furniture,Прочая мебель,0,Estimation,1215158747,1020913218,17.02.2021 18:25:32
202105,ES + Home,Furniture,Мягкая мебель,0,Estimation,2522339069,3204019819,18.02.2021 14:15:16
202105,ES + Home,Furniture,Мебель для сада,0,Estimation,2110080939,3996554350,17.02.2021 18:25:32
202105,ES + Home,Furniture,Столы и стулья,0,Estimation,2958697916,3412666071,17.02.2021 18:25:32
202105,ES + Home,Furniture,Компьютерная и офисная мебель,0,Estimation,2248459485,3609512515,18.02.2021 14:15:16
202105,ES + Home,Furniture,Корпусная мебель и мебель для хранения,0,Estimation,2941714561,604132623,18.02.2021 14:15:16
202105,ES + Home,Furniture,Мебель для сна,0,Estimation,121615865,4011093139,17.02.2021 18:25:32
202105,ES + Home,Furniture,Мебель для сна,0,Estimation,2279061180,2878192046,18.02.2021 14:15:16
202105,ES + Home,Furniture,Корпусная мебель и мебель для хранения,0,Estimation,2297136770,1474661859,17.02.2021 18:25:32
202105,ES + Home,Furniture,Компьютерная и офисная мебель,0,Estimation,2194777177,3054005452,17.02.2021 18:25:32
202105,ES + Home,Furniture,Мягкая мебель,0,Estimation,3094013061,1580512694,17.02.2021 18:25:32
202105,ES + Home,Furniture,Прочая мебель,0,Estimation,3344124269,357817595,18.02.2021 14:15:16
202105,ES + Home,Furniture,Столы и стулья,0,Estimation,2327549789,2885506732,18.02.2021 14:15:16
202105,ES + Home,Furniture,Мебель для сада,0,Estimation,1827373791,3624568620,18.02.2021 14:15:16
202105,ES + Home,Furniture,Прочая мебель,0,Estimation,598213353,3928636110,18.01.2021 14:15:16
202105,ES + Home,Furniture,Столы и стулья,0,Estimation,1498444788,3643826524,18.01.2021 14:15:16
202105,ES + Home,Furniture,Мебель для сада,0,Estimation,3650717507,1598618477,18.01.2021 14:15:16
202105,ES + Home,Furniture,Мебель для сна,0,Estimation,3061233768,1083646863,17.01.2021 18:25:32
202105,ES + Home,Furniture,Мебель для сна,0,Estimation,1078226313,2335694097,18.01.2021 14:15:16
202105,ES + Home,Furniture,Корпусная мебель и мебель для хранения,0,Estimation,469014905,440917197,18.01.2021 14:15:16
202105,ES + Home,Furniture,Столы и стулья,0,Estimation,2153316006,3579620795,17.01.2021 18:25:32
202105,ES + Home,Furniture,Мебель для сада,0,Estimation,1975944373,2489540348,17.01.2021 18:25:32
202105,ES + Home,Furniture,Компьютерная и офисная мебель,0,Estimation,1276230227,2883332827,18.01.2021 14:15:16
202105,ES + Home,Furniture,Прочая мебель,0,Estimation,646975365,2207806196,17.01.2021 18:25:32
202105,ES + Home,Furniture,Корпусная мебель и мебель для хранения,0,Estimation,299439437,2389870938,17.01.2021 18:25:32
202105,ES + Home,Furniture,Компьютерная и офисная мебель,0,Estimation,772129295,3069803795,17.01.2021 18:25:32
202105,ES + Home,Furniture,Мягкая мебель,0,Estimation,4147446950,2638692982,17.01.2021 18:25:32
202105,ES + Home,Furniture,Мягкая мебель,0,Estimation,1598514214,3451864736,18.01.2021 14:15:16
202105,ES + Home,Household,Кухня,1,Estimation,4186996996,3565337863,18.02.2021 14:45:14
202105,ES + Home,Household,Домашний текстиль,0,Estimation,3949405879,2867573105,17.02.2021 18:25:32
202105,ES + Home,Household,Ванная комната,0,Estimation,900865151,119268260,18.02.2021 14:45:14
202105,ES + Home,Household,Интерьер и декор,0,Estimation,2832414880,782016030,17.02.2021 18:25:32
202105,ES + Home,Household,Антиквариат Хоум Декор,0,Estimation,3677595762,136936117,17.02.2021 18:25:32
202105,ES + Home,Household,Принадлежности для Нового года,0,Estimation,3591929917,3520002832,17.02.2021 18:25:32
202105,ES + Home,Household,Ритуальные изделия,0,Estimation,3682956565,3513256656,18.02.2021 14:45:14
202105,ES + Home,Household,Хранение,0,Estimation,2774300,246650902,18.02.2021 14:45:14
202105,ES + Home,Household,Кухня,0,Estimation,1367757965,2105490167,18.02.2021 14:45:14
202105,ES + Home,Household,Принадлежности для Нового года,1,Estimation,3963918899,3850591781,17.02.2021 18:25:32
202105,ES + Home,Household,Аксессуары для уборки и стирки,0,Estimation,3098202284,1968449611,17.02.2021 18:25:32
202105,ES + Home,Household,Интерьер и декор,0,Estimation,1962796119,4253754058,18.02.2021 14:45:14
202105,ES + Home,Household,Кухня,0,Estimation,1027702145,376843738,17.02.2021 18:25:32
202105,ES + Home,Household,Принадлежности для Нового года,1,Estimation,4197583979,1022691006,18.02.2021 14:45:14
202105,ES + Home,Household,Аксессуары для уборки и стирки,1,Estimation,1481792344,3180433372,18.02.2021 14:45:14
202105,ES + Home,Household,Интерьер и декор,1,Estimation,699006958,3048951168,18.02.2021 14:45:14
202105,ES + Home,Household,Домашний текстиль,1,Estimation,3071178259,2661116111,18.02.2021 14:45:14
202105,ES + Home,Household,Аксессуары для уборки и стирки,0,Estimation,3785150534,3937752227,18.02.2021 14:45:14
202105,ES + Home,Household,Ванная комната,0,Estimation,2677641910,473194061,17.02.2021 18:25:32
202105,ES + Home,Household,Антиквариат Хоум Декор,0,Estimation,4037817059,1226768546,18.02.2021 14:45:14
202105,ES + Home,Household,Домашний текстиль,0,Estimation,2818129953,3598850115,18.02.2021 14:45:14
202105,ES + Home,Household,Хранение,0,Estimation,33537285,1561690727,17.02.2021 18:25:32
202105,ES + Home,Household,Принадлежности для Нового года,0,Estimation,3590257902,3241937078,18.02.2021 14:45:14
202105,ES + Home,Household,Ритуальные изделия,0,Estimation,1439098551,4276195807,17.02.2021 18:25:32
202105,ES + Home,Household,Ванная комната,0,Estimation,95025033,4242216026,18.01.2021 14:45:14
202105,ES + Home,Household,Аксессуары для уборки и стирки,0,Estimation,3062158013,1054708094,17.01.2021 18:25:32
202105,ES + Home,Household,Кухня,1,Estimation,1396787938,3763077569,18.01.2021 14:45:14
202105,ES + Home,Household,Хранение,0,Estimation,1992122066,2173561831,18.01.2021 14:45:14
202105,ES + Home,Household,Интерьер и декор,0,Estimation,2972838716,1359966496,17.01.2021 18:25:32
202105,ES + Home,Household,Интерьер и декор,0,Estimation,3747837829,3649534253,18.01.2021 14:45:14
202105,ES + Home,Household,Принадлежности для Нового года,1,Estimation,490659956,30460192,17.01.2021 18:25:32
202105,ES + Home,Household,Ритуальные изделия,0,Estimation,2798326304,202837033,18.01.2021 14:45:14
202105,ES + Home,Household,Кухня,0,Estimation,545207481,16811759,18.01.2021 14:45:14
202105,ES + Home,Household,Принадлежности для Нового года,0,Estimation,3804492833,4103695402,17.01.2021 18:25:32
202105,ES + Home,Household,Домашний текстиль,0,Estimation,1502669436,2194937201,17.01.2021 18:25:32
202105,ES + Home,Household,Антиквариат Хоум Декор,0,Estimation,1255134481,2754133167,17.01.2021 18:25:32
202105,ES + Home,Household,Аксессуары для уборки и стирки,1,Estimation,1245226559,3970931537,18.01.2021 14:45:14
202105,ES + Home,Household,Хранение,0,Estimation,1883195852,1106037093,17.01.2021 18:25:32
202105,ES + Home,Household,Ритуальные изделия,0,Estimation,4244385290,4184500122,17.01.2021 18:25:32
202105,ES + Home,Household,Принадлежности для Нового года,1,Estimation,2483586554,2907261328,18.01.2021 14:45:14
202105,ES + Home,Household,Аксессуары для уборки и стирки,0,Estimation,3528723094,660057864,18.01.2021 14:45:14
202105,ES + Home,Household,Ванная комната,0,Estimation,298293926,2692530108,17.01.2021 18:25:32
202105,ES + Home,Household,Домашний текстиль,1,Estimation,2781498340,4204574275,18.01.2021 14:45:14
202105,ES + Home,Household,Домашний текстиль,0,Estimation,3412600814,2323487381,18.01.2021 14:45:14
202105,ES + Home,Household,Интерьер и декор,1,Estimation,1241525021,2340240452,18.01.2021 14:45:14
202105,ES + Home,Household,Антиквариат Хоум Декор,0,Estimation,2948115496,2267331351,18.01.2021 14:45:14
202105,ES + Home,Household,Принадлежности для Нового года,0,Estimation,943178958,1909429855,18.01.2021 14:45:14
202105,ES + Home,Household,Кухня,0,Estimation,1061384531,1848352610,17.01.2021 18:25:32
202105,ES + Home,Laptops & Computers,Расходный материал для электроники Lap&Comp,0,Estimation,6001229,3682065159,17.02.2021 13:05:08
202105,ES + Home,Laptops & Computers,Компьютерная периферия Lap&Comp,1,Estimation,1684006437,3650597987,17.02.2021 13:05:08
202105,ES + Home,Laptops & Computers,Домашняя Аудио и Видеотехника Lap&Comp,0,Estimation,2614808855,3940260785,17.02.2021 13:05:08
202105,ES + Home,Laptops & Computers,Расходный материал для электроники Lap&Comp,1,Estimation,1815533883,3112113002,17.02.2021 13:05:08
202105,ES + Home,Laptops & Computers,Компьютеры Lap&Comp,1,Estimation,3629109076,1614550759,17.02.2021 13:05:08
202105,ES + Home,Laptops & Computers,Компьютерная периферия Lap&Comp,0,Estimation,3488422719,3409329933,17.02.2021 13:05:08
202105,ES + Home,Laptops & Computers,Компьютерная офисная техника Lap&Comp,0,Estimation,1465693749,2358327476,17.02.2021 13:05:08
202105,ES + Home,Laptops & Computers,Компьютеры Lap&Comp,0,Estimation,2139469909,1828669560,17.02.2021 13:05:08
202105,ES + Home,Laptops & Computers,Компьютерная периферия Lap&Comp,0,Estimation,442440507,3731767447,17.01.2021 13:05:08
202105,ES + Home,Laptops & Computers,Компьютерная офисная техника Lap&Comp,0,Estimation,3847034534,474243294,17.01.2021 13:05:08
202105,ES + Home,Laptops & Computers,Расходный материал для электроники Lap&Comp,0,Estimation,1126025791,1588893308,17.01.2021 13:05:08
202105,ES + Home,Laptops & Computers,Компьютерная периферия Lap&Comp,1,Estimation,2592607145,1496777635,17.01.2021 13:05:08
202105,ES + Home,Laptops & Computers,Компьютеры Lap&Comp,1,Estimation,1203497398,2163911585,17.01.2021 13:05:08
202105,ES + Home,Laptops & Computers,Расходный материал для электроники Lap&Comp,1,Estimation,3150311848,155482221,17.01.2021 13:05:08
202105,ES + Home,Laptops & Computers,Компьютеры Lap&Comp,0,Estimation,1053760770,3419746046,17.01.2021 13:05:08
202105,ES + Home,Laptops & Computers,Домашняя Аудио и Видеотехника Lap&Comp,0,Estimation,2455445313,155503918,17.01.2021 13:05:08
202105,ES + Home,Major Domestic Appliances,Крупная бытовая техника MDA,0,Estimation,1997255440,4224354649,16.02.2021 17:46:45
202105,ES + Home,Major Domestic Appliances,Крупная бытовая техника MDA,0,Estimation,3616584430,4232262571,16.01.2021 17:46:45
202105,ES + Home,Miscellaneous accessories,Автомобильная техника Access,0,Estimation,1933109289,3429816765,17.02.2021 18:25:32
202105,ES + Home,Miscellaneous accessories,Бытовая техника Access,1,Estimation,2678199387,3922952050,17.02.2021 18:25:32
202105,ES + Home,Miscellaneous accessories,Домашняя Аудио и Видеотехника Access,1,Estimation,4150961710,2106512912,17.02.2021 18:25:32
202105,ES + Home,Miscellaneous accessories,Игровые приставки и аксессуары Access,0,Estimation,296951217,1444773296,17.02.2021 18:25:32
202105,ES + Home,Miscellaneous accessories,Игровые приставки и аксессуары Access,1,Estimation,740431430,1748225956,17.02.2021 18:25:32
202105,ES + Home,Miscellaneous accessories,Бытовая техника Access,0,Estimation,3237576626,2230065127,17.02.2021 18:25:32
202105,ES + Home,Miscellaneous accessories,Расходный материал для электроники Access,1,Estimation,4226091003,80361786,17.02.2021 18:25:32
202105,ES + Home,Miscellaneous accessories,Фото и видео Access,0,Estimation,2089271432,2045303168,17.02.2021 18:25:32
202105,ES + Home,Miscellaneous accessories,Оборудование Access,0,Estimation,2288291771,3593677916,17.02.2021 18:25:32
202105,ES + Home,Miscellaneous accessories,Средства связи Access,0,Estimation,1670429571,301930836,17.02.2021 18:25:32
202105,ES + Home,Miscellaneous accessories,Расходный материал для электроники Access,0,Estimation,1627872623,1754997941,17.02.2021 18:25:32
202105,ES + Home,Miscellaneous accessories,Компьютерная периферия Access,0,Estimation,2466650688,2192189229,17.02.2021 18:25:32
202105,ES + Home,Miscellaneous accessories,Электронные товары хобби и отдых Access,0,Estimation,4102524821,3395082738,17.02.2021 18:25:32
202105,ES + Home,Miscellaneous accessories,Электропитание Access,0,Estimation,3451795132,2625189465,17.02.2021 18:25:32
202105,ES + Home,Miscellaneous accessories,Средства связи Access,1,Estimation,1864044606,98769316,17.02.2021 18:25:32
202105,ES + Home,Miscellaneous accessories,Компьютеры Access,0,Estimation,2733593450,3782640513,17.02.2021 18:25:32
202105,ES + Home,Miscellaneous accessories,Фото и видео Access,1,Estimation,2250148760,3603801911,17.02.2021 18:25:32
202105,ES + Home,Miscellaneous accessories,Домашняя Аудио и Видеотехника Access,0,Estimation,1817119776,1631012775,17.02.2021 18:25:32
202105,ES + Home,Miscellaneous accessories,Компьютерная периферия Access,1,Estimation,1643586795,2268226391,17.02.2021 18:25:32
202105,ES + Home,Miscellaneous accessories,Компьютеры Access,1,Estimation,400027159,2184663652,17.02.2021 18:25:32
202105,ES + Home,Miscellaneous accessories,Электропитание Access,1,Estimation,4011918022,1684253119,17.02.2021 18:25:32
202105,ES + Home,Miscellaneous accessories,Бытовая техника Access,0,Estimation,1079110944,1649048829,17.01.2021 18:25:32
202105,ES + Home,Miscellaneous accessories,Игровые приставки и аксессуары Access,1,Estimation,1737824565,2374041711,17.01.2021 18:25:32
202105,ES + Home,Miscellaneous accessories,Домашняя Аудио и Видеотехника Access,1,Estimation,2793304433,412590876,17.01.2021 18:25:32
202105,ES + Home,Miscellaneous accessories,Игровые приставки и аксессуары Access,0,Estimation,4210818896,1983814602,17.01.2021 18:25:32
202105,ES + Home,Miscellaneous accessories,Оборудование Access,0,Estimation,2854547152,1629999838,17.01.2021 18:25:32
202105,ES + Home,Miscellaneous accessories,Бытовая техника Access,1,Estimation,2291395946,3024552839,17.01.2021 18:25:32
202105,ES + Home,Miscellaneous accessories,Автомобильная техника Access,0,Estimation,3466445465,3114492273,17.01.2021 18:25:32
202105,ES + Home,Miscellaneous accessories,Компьютеры Access,1,Estimation,2595893012,133959845,17.01.2021 18:25:32
202105,ES + Home,Miscellaneous accessories,Фото и видео Access,1,Estimation,2515912572,1835527267,17.01.2021 18:25:32
202105,ES + Home,Miscellaneous accessories,Компьютерная периферия Access,1,Estimation,4186437579,3206284446,17.01.2021 18:25:32
202105,ES + Home,Miscellaneous accessories,Электропитание Access,1,Estimation,1318081037,2632145855,17.01.2021 18:25:32
202105,ES + Home,Miscellaneous accessories,Средства связи Access,1,Estimation,2405975794,991281501,17.01.2021 18:25:32
202105,ES + Home,Miscellaneous accessories,Электропитание Access,0,Estimation,377906430,227762044,17.01.2021 18:25:32
202105,ES + Home,Miscellaneous accessories,Электронные товары хобби и отдых Access,0,Estimation,2491567295,3336038253,17.01.2021 18:25:32
202105,ES + Home,Miscellaneous accessories,Компьютеры Access,0,Estimation,2181384028,642469629,17.01.2021 18:25:32
202105,ES + Home,Miscellaneous accessories,Расходный материал для электроники Access,0,Estimation,3416135738,909057162,17.01.2021 18:25:32
202105,ES + Home,Miscellaneous accessories,Фото и видео Access,0,Estimation,390993348,1736189570,17.01.2021 18:25:32
202105,ES + Home,Miscellaneous accessories,Компьютерная периферия Access,0,Estimation,725042143,4280530477,17.01.2021 18:25:32
202105,ES + Home,Miscellaneous accessories,Расходный материал для электроники Access,1,Estimation,110845782,500539752,17.01.2021 18:25:32
202105,ES + Home,Miscellaneous accessories,Домашняя Аудио и Видеотехника Access,0,Estimation,3394958198,2468211860,17.01.2021 18:25:32
202105,ES + Home,Miscellaneous accessories,Средства связи Access,0,Estimation,3372555931,2959548152,17.01.2021 18:25:32
202105,ES + Home,Small Domestic Appliances,Мелкая бытовая техника SDA,0,Estimation,1102142660,3914538717,18.02.2021 14:45:14
202105,ES + Home,Small Domestic Appliances,Оборудование SDA,0,Estimation,3627678602,2389715543,17.02.2021 18:25:32
202105,ES + Home,Small Domestic Appliances,Мелкая бытовая техника SDA,0,Estimation,2623262386,1897956335,17.02.2021 18:25:32
202105,ES + Home,Small Domestic Appliances,Оборудование SDA,0,Estimation,2464136384,4240010086,18.02.2021 14:45:14
202105,ES + Home,Small Domestic Appliances,Мелкая бытовая техника SDA,1,Estimation,3915262738,3196428694,18.02.2021 14:45:14
202105,ES + Home,Small Domestic Appliances,Оборудование SDA,0,Estimation,1955100199,1134605232,17.01.2021 18:25:32
202105,ES + Home,Small Domestic Appliances,Мелкая бытовая техника SDA,0,Estimation,1324505427,2593219110,17.01.2021 18:25:32
202105,ES + Home,Small Domestic Appliances,Мелкая бытовая техника SDA,0,Estimation,825422434,519278338,18.01.2021 14:45:14
202105,ES + Home,Small Domestic Appliances,Оборудование SDA,0,Estimation,519768103,106445099,18.01.2021 14:45:14
202105,ES + Home,Small Domestic Appliances,Мелкая бытовая техника SDA,1,Estimation,3794995123,2647309958,18.01.2021 14:45:14
202105,ES + Home,Smartphones & Tablets,Средства связи Smart&Tablets,1,Estimation,4005083717,2591666483,16.02.2021 18:29:35
202105,ES + Home,Smartphones & Tablets,Компьютеры Smart&Tablets,1,Estimation,305021402,1759309880,16.02.2021 18:29:35
202105,ES + Home,Smartphones & Tablets,Компьютеры Smart&Tablets,0,Estimation,1182829310,1939358115,16.02.2021 18:10:45
202105,ES + Home,Smartphones & Tablets,Средства связи Smart&Tablets,0,Estimation,3063433948,2029622205,16.02.2021 18:10:45
202105,ES + Home,Smartphones & Tablets,Компьютеры Smart&Tablets,1,Estimation,2903197923,3697324836,16.01.2021 18:29:35
202105,ES + Home,Smartphones & Tablets,Средства связи Smart&Tablets,1,Estimation,186246300,3923045131,16.01.2021 18:29:35
202105,ES + Home,Smartphones & Tablets,Компьютеры Smart&Tablets,0,Estimation,1665685814,3692642631,16.01.2021 18:10:45
202105,ES + Home,Smartphones & Tablets,Средства связи Smart&Tablets,0,Estimation,1547306333,243249890,16.01.2021 18:10:45
202105,ES + Home,Sport,Всесезонные виды спорта,0,Estimation,3040722911,3866920722,17.02.2021 18:25:32
202105,ES + Home,Sport,Цирковое искусство,0,Estimation,1709552396,588362856,17.02.2021 18:25:32
202105,ES + Home,Sport,Летние виды спорта,0,Estimation,3472872773,1223731000,17.02.2021 18:25:32
202105,ES + Home,Sport,Зимние виды спорта,0,Estimation,3631260845,2580237369,17.02.2021 18:25:32
202105,ES + Home,Sport,Всесезонные виды спорта,1,Estimation,3841606160,514442091,17.02.2021 18:25:32
202105,ES + Home,Sport,Товары для рыбалки,0,Estimation,764319186,2393053102,17.02.2021 18:25:32
202105,ES + Home,Sport,Тренажеры и фитнес,1,Estimation,531325997,1935257424,17.02.2021 18:25:32
202105,ES + Home,Sport,Единоборства,0,Estimation,687063748,3693193568,17.02.2021 18:25:32
202105,ES + Home,Sport,Туризм,0,Estimation,1731088971,1774836156,17.02.2021 18:25:32
202105,ES + Home,Sport,Спортивные аксессуары,1,Estimation,1625239612,116703861,17.02.2021 18:25:32
202105,ES + Home,Sport,Туризм,1,Estimation,4030865380,1451143648,17.02.2021 18:25:32
202105,ES + Home,Sport,Тренажеры и фитнес,0,Estimation,2828937299,483599459,17.02.2021 18:25:32
202105,ES + Home,Sport,Страйкбол и пневматика,0,Estimation,65413019,4097301473,17.02.2021 18:25:32
202105,ES + Home,Sport,Товары для охоты,0,Estimation,1955746572,2879191219,17.02.2021 18:25:32
202105,ES + Home,Sport,Спортивные аксессуары,0,Estimation,2335401933,3471715673,17.02.2021 18:25:32
202105,ES + Home,Sport,Товары для рыбалки,0,Estimation,2007707138,3812287402,17.01.2021 18:25:32
202105,ES + Home,Sport,Единоборства,0,Estimation,69725939,2843031725,17.01.2021 18:25:32
202105,ES + Home,Sport,Зимние виды спорта,0,Estimation,3125823647,948827330,17.01.2021 18:25:32
202105,ES + Home,Sport,Летние виды спорта,0,Estimation,1850042197,1590563962,17.01.2021 18:25:32
202105,ES + Home,Sport,Всесезонные виды спорта,1,Estimation,1976000930,3003696956,17.01.2021 18:25:32
202105,ES + Home,Sport,Всесезонные виды спорта,0,Estimation,3497704367,743042447,17.01.2021 18:25:32
202105,ES + Home,Sport,Тренажеры и фитнес,1,Estimation,3132414239,195269955,17.01.2021 18:25:32
202105,ES + Home,Sport,Тренажеры и фитнес,0,Estimation,921078070,1343743013,17.01.2021 18:25:32
202105,ES + Home,Sport,Товары для охоты,0,Estimation,2592560423,964579621,17.01.2021 18:25:32
202105,ES + Home,Sport,Спортивные аксессуары,0,Estimation,840776384,80427702,17.01.2021 18:25:32
202105,ES + Home,Sport,Туризм,1,Estimation,5336197,1477872459,17.01.2021 18:25:32
202105,ES + Home,Sport,Страйкбол и пневматика,0,Estimation,2539795119,4092491558,17.01.2021 18:25:32
202105,ES + Home,Sport,Цирковое искусство,0,Estimation,2818463493,1748838188,17.01.2021 18:25:32
202105,ES + Home,Sport,Туризм,0,Estimation,913831008,3166912342,17.01.2021 18:25:32
202105,ES + Home,Sport,Спортивные аксессуары,1,Estimation,518394670,1326787189,17.01.2021 18:25:32
202105,ES + Home,TV  audio  Hi-Fi & other electronics,Игровые приставки и аксессуары TV&Audio,1,Estimation,2929652483,2125675582,18.02.2021 14:45:14
202105,ES + Home,TV  audio  Hi-Fi & other electronics,Портативная аудиотехника TV&Audio,1,Estimation,661779936,119853716,18.02.2021 14:45:14
202105,ES + Home,TV  audio  Hi-Fi & other electronics,Автомобильная техника TV&Audio,1,Estimation,2402364083,2860977784,18.02.2021 14:45:14
202105,ES + Home,TV  audio  Hi-Fi & other electronics,Програмное обеспечение TV&Audio,0,Estimation,3878327083,2102186507,17.02.2021 13:01:51
202105,ES + Home,TV  audio  Hi-Fi & other electronics,Портативная аудиотехника TV&Audio,0,Estimation,1472416884,590860373,17.02.2021 13:01:51
202105,ES + Home,TV  audio  Hi-Fi & other electronics,Средства связи TV&Audio,0,Estimation,531595929,1209147330,17.02.2021 13:01:51
202105,ES + Home,TV  audio  Hi-Fi & other electronics,Портативная аудиотехника TV&Audio,0,Estimation,2050371338,3792790317,18.02.2021 14:45:14
202105,ES + Home,TV  audio  Hi-Fi & other electronics,Игровые приставки и аксессуары TV&Audio,0,Estimation,495065549,4156305963,18.02.2021 14:45:14
202105,ES + Home,TV  audio  Hi-Fi & other electronics,Средства связи TV&Audio,1,Estimation,1669812520,1661163850,18.02.2021 14:45:14
202105,ES + Home,TV  audio  Hi-Fi & other electronics,Автомобильная техника TV&Audio,0,Estimation,4097232539,164176777,18.02.2021 14:45:14
202105,ES + Home,TV  audio  Hi-Fi & other electronics,Програмное обеспечение TV&Audio,0,Estimation,3897979954,1477548068,18.02.2021 14:45:14
202105,ES + Home,TV  audio  Hi-Fi & other electronics,Система безопасности TV&Audio,1,Estimation,4236549061,740926592,18.02.2021 14:45:14
202105,ES + Home,TV  audio  Hi-Fi & other electronics,Movie,0,Estimation,2330348972,1665441998,18.02.2021 14:45:14
202105,ES + Home,TV  audio  Hi-Fi & other electronics,Music,0,Estimation,88384475,2505718972,18.02.2021 14:45:14
202105,ES + Home,TV  audio  Hi-Fi & other electronics,Карты оплаты  страховки TV&Audio,0,Estimation,1772772456,2953926049,18.02.2021 14:45:14
202105,ES + Home,TV  audio  Hi-Fi & other electronics,Система безопасности TV&Audio,0,Estimation,2615947971,3571408845,18.02.2021 14:45:14
202105,ES + Home,TV  audio  Hi-Fi & other electronics,Средства связи TV&Audio,0,Estimation,2848667025,1673058788,18.02.2021 14:45:14
202105,ES + Home,TV  audio  Hi-Fi & other electronics,Music,0,Estimation,117143561,2370834465,17.02.2021 13:01:51
202105,ES + Home,TV  audio  Hi-Fi & other electronics,Програмное обеспечение TV&Audio,1,Estimation,1619663788,2729753345,18.02.2021 14:45:14
202105,ES + Home,TV  audio  Hi-Fi & other electronics,Movie,0,Estimation,3986129898,891176280,17.02.2021 13:01:51
202105,ES + Home,TV  audio  Hi-Fi & other electronics,Система безопасности TV&Audio,0,Estimation,4046669453,930354140,17.02.2021 13:01:51
202105,ES + Home,TV  audio  Hi-Fi & other electronics,Фан атрибутика TV&Audio,0,Estimation,1653126,3891993286,18.02.2021 14:45:14
202105,ES + Home,TV  audio  Hi-Fi & other electronics,Компьютеры TV&Audio,0,Estimation,1611248310,3115402542,17.02.2021 13:01:51
202105,ES + Home,TV  audio  Hi-Fi & other electronics,Компьютеры TV&Audio,0,Estimation,3477084942,1352506322,18.02.2021 14:45:14
202105,ES + Home,TV  audio  Hi-Fi & other electronics,Компьютерная периферия TV&Audio,0,Estimation,3108373558,1205858498,17.02.2021 13:01:51
202105,ES + Home,TV  audio  Hi-Fi & other electronics,Компьютеры TV&Audio,1,Estimation,1029243417,159605483,18.02.2021 14:45:14
202105,ES + Home,TV  audio  Hi-Fi & other electronics,Фото и видео TV&Audio,1,Estimation,744054990,3986715414,18.02.2021 14:45:14
202105,ES + Home,TV  audio  Hi-Fi & other electronics,Домашняя Аудио и Видеотехника TV&Audio,1,Estimation,3565245826,1293224281,18.02.2021 14:45:14
202105,ES + Home,TV  audio  Hi-Fi & other electronics,Фан атрибутика TV&Audio,0,Estimation,755236587,3213132559,17.02.2021 13:01:51
202105,ES + Home,TV  audio  Hi-Fi & other electronics,Игровые приставки и аксессуары TV&Audio,0,Estimation,2230054262,2043134996,17.02.2021 13:01:51
202105,ES + Home,TV  audio  Hi-Fi & other electronics,Автомобильная техника TV&Audio,0,Estimation,1957867111,1625585106,17.02.2021 13:01:51
202105,ES + Home,TV  audio  Hi-Fi & other electronics,Электронные товары хобби и отдых TV&Audio,1,Estimation,2865495611,2714400088,18.02.2021 14:45:14
202105,ES + Home,TV  audio  Hi-Fi & other electronics,Компьютерная периферия TV&Audio,0,Estimation,3897175016,1444989797,18.02.2021 14:45:14
202105,ES + Home,TV  audio  Hi-Fi & other electronics,Электронные товары хобби и отдых TV&Audio,0,Estimation,443617830,190418569,17.02.2021 13:01:51
202105,ES + Home,TV  audio  Hi-Fi & other electronics,Фото и видео TV&Audio,0,Estimation,4004869151,2301457267,18.02.2021 14:45:14
202105,ES + Home,TV  audio  Hi-Fi & other electronics,Домашняя Аудио и Видеотехника TV&Audio,0,Estimation,1019314957,3863632328,17.02.2021 13:01:51
202105,ES + Home,TV  audio  Hi-Fi & other electronics,Электронные товары хобби и отдых TV&Audio,0,Estimation,2990305629,599983842,18.02.2021 14:45:14
202105,ES + Home,TV  audio  Hi-Fi & other electronics,Фото и видео TV&Audio,0,Estimation,1307830573,3130369676,17.02.2021 13:01:51
202105,ES + Home,TV  audio  Hi-Fi & other electronics,Домашняя Аудио и Видеотехника TV&Audio,0,Estimation,1395010315,558252960,18.02.2021 14:45:14
202105,ES + Home,TV  audio  Hi-Fi & other electronics,Портативная аудиотехника TV&Audio,1,Estimation,3104542031,3157621749,18.01.2021 14:45:14
202105,ES + Home,TV  audio  Hi-Fi & other electronics,Music,0,Estimation,1171322888,1791144634,17.01.2021 13:01:51
202105,ES + Home,TV  audio  Hi-Fi & other electronics,Movie,0,Estimation,2176079864,1766844479,17.01.2021 13:01:51
202105,ES + Home,TV  audio  Hi-Fi & other electronics,Портативная аудиотехника TV&Audio,0,Estimation,3980841295,300494732,18.01.2021 14:45:14
202105,ES + Home,TV  audio  Hi-Fi & other electronics,Система безопасности TV&Audio,0,Estimation,2034878853,2945107218,17.01.2021 13:01:51
202105,ES + Home,TV  audio  Hi-Fi & other electronics,Фан атрибутика TV&Audio,0,Estimation,3081108651,2946981379,18.01.2021 14:45:14
202105,ES + Home,TV  audio  Hi-Fi & other electronics,Фан атрибутика TV&Audio,0,Estimation,3289278778,2158439058,17.01.2021 13:01:51
202105,ES + Home,TV  audio  Hi-Fi & other electronics,Система безопасности TV&Audio,1,Estimation,1452765220,1419689816,18.01.2021 14:45:14
202105,ES + Home,TV  audio  Hi-Fi & other electronics,Компьютерная периферия TV&Audio,0,Estimation,1300966246,2100527495,18.01.2021 14:45:14
202105,ES + Home,TV  audio  Hi-Fi & other electronics,Компьютерная периферия TV&Audio,0,Estimation,4158455243,3527826726,17.01.2021 13:01:51
202105,ES + Home,TV  audio  Hi-Fi & other electronics,Movie,0,Estimation,558472906,523684453,18.01.2021 14:45:14
202105,ES + Home,TV  audio  Hi-Fi & other electronics,Music,0,Estimation,3981877859,125206370,18.01.2021 14:45:14
202105,ES + Home,TV  audio  Hi-Fi & other electronics,Система безопасности TV&Audio,0,Estimation,1421169732,4081010665,18.01.2021 14:45:14
202105,ES + Home,TV  audio  Hi-Fi & other electronics,Портативная аудиотехника TV&Audio,0,Estimation,2056143777,3590952378,17.01.2021 13:01:51
202105,ES + Home,TV  audio  Hi-Fi & other electronics,Компьютеры TV&Audio,0,Estimation,2740306383,3569024441,18.01.2021 14:45:14
202105,ES + Home,TV  audio  Hi-Fi & other electronics,Игровые приставки и аксессуары TV&Audio,0,Estimation,3258027759,2998173555,18.01.2021 14:45:14
202105,ES + Home,TV  audio  Hi-Fi & other electronics,Автомобильная техника TV&Audio,0,Estimation,421498424,4157768744,18.01.2021 14:45:14
202105,ES + Home,TV  audio  Hi-Fi & other electronics,Компьютеры TV&Audio,1,Estimation,2506044435,2223767904,18.01.2021 14:45:14
202105,ES + Home,TV  audio  Hi-Fi & other electronics,Фото и видео TV&Audio,0,Estimation,3922738758,648970015,17.01.2021 13:01:51
202105,ES + Home,TV  audio  Hi-Fi & other electronics,Фото и видео TV&Audio,1,Estimation,423968227,804094915,18.01.2021 14:45:14
202105,ES + Home,TV  audio  Hi-Fi & other electronics,Электронные товары хобби и отдых TV&Audio,0,Estimation,2998355927,3804785347,17.01.2021 13:01:51
202105,ES + Home,TV  audio  Hi-Fi & other electronics,Домашняя Аудио и Видеотехника TV&Audio,0,Estimation,2390628449,3853285164,17.01.2021 13:01:51
202105,ES + Home,TV  audio  Hi-Fi & other electronics,Програмное обеспечение TV&Audio,1,Estimation,1786992648,4077916041,18.01.2021 14:45:14
202105,ES + Home,TV  audio  Hi-Fi & other electronics,Электронные товары хобби и отдых TV&Audio,1,Estimation,1710291868,4163335276,18.01.2021 14:45:14
202105,ES + Home,TV  audio  Hi-Fi & other electronics,Средства связи TV&Audio,0,Estimation,2940878647,691140482,18.01.2021 14:45:14
202105,ES + Home,TV  audio  Hi-Fi & other electronics,Средства связи TV&Audio,0,Estimation,3199712712,4119033349,17.01.2021 13:01:51
202105,ES + Home,TV  audio  Hi-Fi & other electronics,Домашняя Аудио и Видеотехника TV&Audio,1,Estimation,83494757,1984013865,18.01.2021 14:45:14
202105,ES + Home,TV  audio  Hi-Fi & other electronics,Компьютеры TV&Audio,0,Estimation,1383620731,2577762572,17.01.2021 13:01:51
202105,ES + Home,TV  audio  Hi-Fi & other electronics,Игровые приставки и аксессуары TV&Audio,1,Estimation,3555370422,2697199336,18.01.2021 14:45:14
202105,ES + Home,TV  audio  Hi-Fi & other electronics,Автомобильная техника TV&Audio,1,Estimation,2323562291,1954578379,18.01.2021 14:45:14
202105,ES + Home,TV  audio  Hi-Fi & other electronics,Карты оплаты  страховки TV&Audio,0,Estimation,296571792,2831741715,18.01.2021 14:45:14
202105,ES + Home,TV  audio  Hi-Fi & other electronics,Электронные товары хобби и отдых TV&Audio,0,Estimation,1608143090,1354421431,18.01.2021 14:45:14
202105,ES + Home,TV  audio  Hi-Fi & other electronics,Домашняя Аудио и Видеотехника TV&Audio,0,Estimation,3098690586,2036634194,18.01.2021 14:45:14
202105,ES + Home,TV  audio  Hi-Fi & other electronics,Програмное обеспечение TV&Audio,0,Estimation,2896081758,615035326,18.01.2021 14:45:14
202105,ES + Home,TV  audio  Hi-Fi & other electronics,Фото и видео TV&Audio,0,Estimation,1172352771,2037765333,18.01.2021 14:45:14
202105,ES + Home,TV  audio  Hi-Fi & other electronics,Средства связи TV&Audio,1,Estimation,3494581166,2372697681,18.01.2021 14:45:14
202105,ES + Home,TV  audio  Hi-Fi & other electronics,Автомобильная техника TV&Audio,0,Estimation,1750641502,3360715278,17.01.2021 13:01:51
202105,ES + Home,TV  audio  Hi-Fi & other electronics,Програмное обеспечение TV&Audio,0,Estimation,2627093230,670494320,17.01.2021 13:01:51
202105,ES + Home,TV  audio  Hi-Fi & other electronics,Игровые приставки и аксессуары TV&Audio,0,Estimation,3896438703,3411143137,17.01.2021 13:01:51
202105,FMCG,FMCG nonfood,Бритвы и лезвия,0,Estimation,3917214620,492726403,26.02.2021 00:57:31
202105,FMCG,FMCG nonfood,Личная гигиена,1,Estimation,4145007555,33786524,26.02.2021 01:04:22
202105,FMCG,FMCG nonfood,Кормление детское,0,Estimation,1169636752,910874000,26.02.2021 00:57:31
202105,FMCG,FMCG nonfood,Бытовая химия,0,Estimation,1390700095,1511183985,26.02.2021 00:57:31
202105,FMCG,FMCG nonfood,Детская продукция,0,Estimation,1235584486,3305105692,26.02.2021 00:57:31
202105,FMCG,FMCG nonfood,Бытовая химия,0,Estimation,6623429,3492689214,26.02.2021 01:35:54
202105,FMCG,FMCG nonfood,Кормление детское,0,Estimation,1450130254,3272194836,26.02.2021 01:35:54
202105,FMCG,FMCG nonfood,Электроника детская,1,Estimation,1660889175,550811599,26.02.2021 01:04:22
202105,FMCG,FMCG nonfood,Уход и гигиена,0,Estimation,2304667800,1905477391,26.02.2021 01:35:54
202105,FMCG,FMCG nonfood,Электроника детская,0,Estimation,1421146053,538463145,26.02.2021 00:57:31
202105,FMCG,FMCG nonfood,Детская продукция,0,Estimation,2995735137,3148977167,26.02.2021 01:35:54
202105,FMCG,FMCG nonfood,Уход и гигиена,0,Estimation,1889501933,3003513872,26.02.2021 01:05:34
202105,FMCG,FMCG nonfood,Личная гигиена,0,Estimation,3048958672,1403849301,26.02.2021 00:57:31
202105,FMCG,FMCG nonfood,Бритвы и лезвия,1,Estimation,2028929842,1409197764,26.02.2021 01:04:22
202105,FMCG,FMCG nonfood,Бритвы и лезвия,0,Estimation,228860268,1673401923,26.02.2021 01:05:34
202105,FMCG,FMCG nonfood,Бритвы и лезвия,0,Estimation,1953622851,1371834358,26.02.2021 01:35:54
202105,FMCG,FMCG nonfood,Кормление детское,0,Estimation,3639607533,2448447616,26.02.2021 01:05:34
202105,FMCG,FMCG nonfood,Бытовая химия,0,Estimation,2439864957,1125786922,26.02.2021 01:05:34
202105,FMCG,FMCG nonfood,Детская продукция,0,Estimation,1914823243,3703327838,26.02.2021 01:05:34
202105,FMCG,FMCG nonfood,Личная гигиена,0,Estimation,1411895170,2350253052,26.02.2021 01:35:54
202105,FMCG,FMCG nonfood,Электроника детская,0,Estimation,1564777818,3404045442,26.02.2021 01:05:34
202105,FMCG,FMCG nonfood,Электроника детская,0,Estimation,872606812,2098080556,26.02.2021 01:35:54
202105,FMCG,FMCG nonfood,Уход и гигиена,0,Estimation,391921958,423784500,26.02.2021 00:57:31
202105,FMCG,FMCG nonfood,Личная гигиена,0,Estimation,503406162,1714907701,26.02.2021 01:05:34
202105,FMCG,FMCG nonfood,Уход и гигиена,1,Estimation,57311014,1386701084,26.02.2021 01:04:22
202105,FMCG,FMCG nonfood,Детская продукция,1,Estimation,3410476692,3926241390,26.02.2021 01:04:22
202105,FMCG,FMCG nonfood,Кормление детское,1,Estimation,3840782395,1661085479,26.02.2021 01:04:22
202105,FMCG,FMCG nonfood,Бытовая химия,1,Estimation,2125769909,2089767624,26.02.2021 01:04:22
202105,FMCG,FMCG nonfood,Кормление детское,0,Estimation,1658097052,3767946993,26.01.2021 01:35:54
202105,FMCG,FMCG nonfood,Бытовая химия,0,Estimation,4112743505,1401010736,26.01.2021 01:35:54
202105,FMCG,FMCG nonfood,Детская продукция,0,Estimation,925741385,1371828090,26.01.2021 01:35:54
202105,FMCG,FMCG nonfood,Бритвы и лезвия,0,Estimation,3245904710,1067733851,26.01.2021 01:05:34
202105,FMCG,FMCG nonfood,Электроника детская,0,Estimation,2150493117,1411706014,26.01.2021 01:35:54
202105,FMCG,FMCG nonfood,Личная гигиена,1,Estimation,4267534850,1698021679,26.01.2021 01:04:22
202105,FMCG,FMCG nonfood,Личная гигиена,0,Estimation,1105380700,421454282,26.01.2021 01:35:54
202105,FMCG,FMCG nonfood,Электроника детская,0,Estimation,1856368591,2356691520,26.01.2021 00:57:31
202105,FMCG,FMCG nonfood,Личная гигиена,0,Estimation,914198714,1676614037,26.01.2021 00:57:31
202105,FMCG,FMCG nonfood,Бритвы и лезвия,1,Estimation,877802293,3800443995,26.01.2021 01:04:22
202105,FMCG,FMCG nonfood,Электроника детская,0,Estimation,134094551,543063261,26.01.2021 01:05:34
202105,FMCG,FMCG nonfood,Личная гигиена,0,Estimation,2567614057,1295548005,26.01.2021 01:05:34
202105,FMCG,FMCG nonfood,Бритвы и лезвия,0,Estimation,2765260629,3769983728,26.01.2021 01:35:54
202105,FMCG,FMCG nonfood,Электроника детская,1,Estimation,3792481407,2770405215,26.01.2021 01:04:22
202105,FMCG,FMCG nonfood,Кормление детское,1,Estimation,854107449,1559032679,26.01.2021 01:04:22
202105,FMCG,FMCG nonfood,Бытовая химия,1,Estimation,2641399325,1083370402,26.01.2021 01:04:22
202105,FMCG,FMCG nonfood,Детская продукция,1,Estimation,3248738724,2822329477,26.01.2021 01:04:22
202105,FMCG,FMCG nonfood,Бритвы и лезвия,0,Estimation,3746444485,2478550255,26.01.2021 00:57:31
202105,FMCG,FMCG nonfood,Детская продукция,0,Estimation,2007505320,2664518067,26.01.2021 01:05:34
202105,FMCG,FMCG nonfood,Кормление детское,0,Estimation,2764177686,1360437236,26.01.2021 01:05:34
202105,FMCG,FMCG nonfood,Бытовая химия,0,Estimation,1552015277,1022175028,26.01.2021 01:05:34
202105,FMCG,FMCG nonfood,Уход и гигиена,0,Estimation,2554296887,1893825250,26.01.2021 00:57:31
202105,FMCG,FMCG nonfood,Уход и гигиена,0,Estimation,2845604749,1927152403,26.01.2021 01:35:54
202105,FMCG,FMCG nonfood,Уход и гигиена,0,Estimation,140046490,2505073518,26.01.2021 01:05:34
202105,FMCG,FMCG nonfood,Кормление детское,0,Estimation,2683278670,2279022292,26.01.2021 00:57:31
202105,FMCG,FMCG nonfood,Уход и гигиена,1,Estimation,2670401657,1749284098,26.01.2021 01:04:22
202105,FMCG,FMCG nonfood,Бытовая химия,0,Estimation,247901840,782053921,26.01.2021 00:57:31
202105,FMCG,FMCG nonfood,Детская продукция,0,Estimation,1103789717,785701294,26.01.2021 00:57:31
202105,FMCG,Food,Детское питание,1,Estimation,79157499,3583386939,26.02.2021 00:30:07
202105,FMCG,Food,Молочная продукция стерилизованная,1,Estimation,1056026020,2435612387,26.02.2021 00:30:07
202105,FMCG,Food,Напитки,0,Estimation,3545943779,724696508,26.02.2021 00:31:30
202105,FMCG,Food,Детское питание,0,Estimation,45712065,3072594327,26.02.2021 00:23:17
202105,FMCG,Food,Молочная продукция стерилизованная,0,Estimation,2220837288,2497431545,26.02.2021 00:23:17
202105,FMCG,Food,Бакалея,0,Estimation,1284572364,3350787421,26.02.2021 01:35:54
202105,FMCG,Food,Бакалея,0,Estimation,13604704,695220747,26.02.2021 00:31:30
202105,FMCG,Food,Молекулярная кухня,0,Estimation,3456662909,1259756234,26.02.2021 01:35:54
202105,FMCG,Food,Напитки,0,Estimation,548042237,1252821984,26.02.2021 01:35:54
202105,FMCG,Food,Кондитерские изделия,0,Estimation,1311609794,3482618757,26.02.2021 00:31:30
202105,FMCG,Food,Напитки,1,Estimation,3621706484,2873281827,26.02.2021 00:30:07
202105,FMCG,Food,Кондитерские изделия,1,Estimation,3791984904,4079526698,26.02.2021 00:30:07
202105,FMCG,Food,Кондитерские изделия,0,Estimation,2802771846,1449363941,26.02.2021 00:23:17
202105,FMCG,Food,Бакалея,0,Estimation,1373782000,552464574,26.02.2021 00:23:17
202105,FMCG,Food,Кондитерские изделия,0,Estimation,3971404537,3859286308,26.02.2021 01:35:54
202105,FMCG,Food,Молочная продукция стерилизованная,0,Estimation,4072246601,1030870006,26.02.2021 01:35:54
202105,FMCG,Food,Детское питание,0,Estimation,2020129672,4238935053,26.02.2021 01:35:54
202105,FMCG,Food,Бакалея,1,Estimation,1601858208,1076187843,26.02.2021 00:30:07
202105,FMCG,Food,Молекулярная кухня,0,Estimation,464819114,2374600028,26.02.2021 00:23:17
202105,FMCG,Food,Напитки,0,Estimation,1102130373,866141579,26.02.2021 00:23:17
202105,FMCG,Food,Детское питание,0,Estimation,1179641955,3031997320,26.02.2021 00:31:30
202105,FMCG,Food,Молочная продукция стерилизованная,0,Estimation,2214408456,194881980,26.02.2021 00:31:30
202105,FMCG,Food,Кондитерские изделия,0,Estimation,819621593,1139153996,26.01.2021 01:35:54
202105,FMCG,Food,Молочная продукция стерилизованная,0,Estimation,117738421,3663070918,26.01.2021 00:31:30
202105,FMCG,Food,Детское питание,0,Estimation,3569437211,820149588,26.01.2021 00:31:30
202105,FMCG,Food,Кондитерские изделия,0,Estimation,2789456097,1476803356,26.01.2021 00:23:17
202105,FMCG,Food,Детское питание,0,Estimation,589672227,635729264,26.01.2021 00:23:17
202105,FMCG,Food,Молочная продукция стерилизованная,0,Estimation,1871972586,2493856447,26.01.2021 00:23:17
202105,FMCG,Food,Молочная продукция стерилизованная,0,Estimation,2712218422,1594660220,26.01.2021 01:35:54
202105,FMCG,Food,Детское питание,0,Estimation,3099495759,478273401,26.01.2021 01:35:54
202105,FMCG,Food,Детское питание,1,Estimation,3485832644,2336241152,26.01.2021 00:30:07
202105,FMCG,Food,Молочная продукция стерилизованная,1,Estimation,1435717969,3119060121,26.01.2021 00:30:07
202105,FMCG,Food,Напитки,0,Estimation,221628765,3581251230,26.01.2021 00:23:17
202105,FMCG,Food,Молекулярная кухня,0,Estimation,1128455378,3048992058,26.01.2021 00:23:17
202105,FMCG,Food,Напитки,0,Estimation,1463213644,757899218,26.01.2021 01:35:54
202105,FMCG,Food,Молекулярная кухня,0,Estimation,870702718,2457325759,26.01.2021 01:35:54
202105,FMCG,Food,Кондитерские изделия,1,Estimation,3009804093,1203504162,26.01.2021 00:30:07
202105,FMCG,Food,Бакалея,0,Estimation,386466679,809696361,26.01.2021 00:31:30
202105,FMCG,Food,Бакалея,1,Estimation,69431706,1549479155,26.01.2021 00:30:07
202105,FMCG,Food,Бакалея,0,Estimation,3990442012,3363691218,26.01.2021 00:23:17
202105,FMCG,Food,Бакалея,0,Estimation,2667324660,2765092167,26.01.2021 01:35:54
202105,FMCG,Food,Кондитерские изделия,0,Estimation,3661112534,1068103098,26.01.2021 00:31:30
202105,FMCG,Food,Напитки,1,Estimation,115550399,1845232874,26.01.2021 00:30:07
202105,FMCG,Food,Напитки,0,Estimation,4187156405,2666053064,26.01.2021 00:31:30
202105,FMCG,FreshFood,Мясная гастрономия,1,Estimation,1470182958,2895253050,26.02.2021 00:30:36
202105,FMCG,FreshFood,Замороженные продукты,1,Estimation,2170708299,1153831986,26.02.2021 00:30:36
202105,FMCG,FreshFood,Рыба  морепродукты,1,Estimation,770300368,1044844103,26.02.2021 00:30:36
202105,FMCG,FreshFood,Напитки Fresh,1,Estimation,1551576528,1390277504,26.02.2021 00:30:36
202105,FMCG,FreshFood,Хлебобулочные изделия Fresh,1,Estimation,1381647477,3103218365,26.02.2021 00:30:36
202105,FMCG,FreshFood,Кулинария и полуфабрикаты Fresh,1,Estimation,3588817028,3533616523,26.02.2021 00:30:36
202105,FMCG,FreshFood,Молочная продукция и яйца Fresh,1,Estimation,3492842829,238095672,26.02.2021 00:30:36
202105,FMCG,FreshFood,Овощи  фрукты  зелень свежие,1,Estimation,3261416107,3125141398,26.02.2021 00:30:36
202105,FMCG,FreshFood,Мясо  птица,1,Estimation,2269996703,1121179252,26.02.2021 00:30:36
202105,FMCG,FreshFood,Растительные аналоги Fresh,1,Estimation,3250373584,1658676786,26.02.2021 00:30:36
202105,FMCG,FreshFood,Напитки Fresh,1,Estimation,3810637360,1899635427,26.01.2021 00:30:36
202105,FMCG,FreshFood,Мясо  птица,1,Estimation,3392704539,833743735,26.01.2021 00:30:36
202105,FMCG,FreshFood,Замороженные продукты,1,Estimation,1079344404,217140376,26.01.2021 00:30:36
202105,FMCG,FreshFood,Рыба  морепродукты,1,Estimation,1210748756,1870381084,26.01.2021 00:30:36
202105,FMCG,FreshFood,Мясная гастрономия,1,Estimation,2517107090,3102010287,26.01.2021 00:30:36
202105,FMCG,FreshFood,Кулинария и полуфабрикаты Fresh,1,Estimation,535662071,4028502344,26.01.2021 00:30:36
202105,FMCG,FreshFood,Овощи  фрукты  зелень свежие,1,Estimation,2331823077,817506362,26.01.2021 00:30:36
202105,FMCG,FreshFood,Молочная продукция и яйца Fresh,1,Estimation,1700666301,3225311442,26.01.2021 00:30:36
202105,FMCG,FreshFood,Растительные аналоги Fresh,1,Estimation,429304050,2489990526,26.01.2021 00:30:36
202105,FMCG,FreshFood,Хлебобулочные изделия Fresh,1,Estimation,1917662797,26288848,26.01.2021 00:30:36
202105,FMCG,Moms&Kids,КГТ и спорт для детей,0,Estimation,409895616,2636316815,25.02.2021 14:13:39
202105,FMCG,Moms&Kids,Товары для школы  канцелярия  оборудование,0,Estimation,1942680573,3137060583,25.02.2021 14:13:39
202105,FMCG,Moms&Kids,Игрушки,0,Estimation,4157295470,4074109360,26.02.2021 01:35:54
202105,FMCG,Moms&Kids,Творчество  хобби и игры,0,Estimation,1643764228,3918945449,26.02.2021 01:35:54
202105,FMCG,Moms&Kids,КГТ и спорт для детей,0,Estimation,3494416367,1434947694,26.02.2021 01:35:54
202105,FMCG,Moms&Kids,Товары для школы  канцелярия  оборудование,0,Estimation,1725266227,1492444426,26.02.2021 01:35:54
202105,FMCG,Moms&Kids,Творчество  хобби и игры,1,Estimation,1806999391,55016616,25.02.2021 13:53:11
202105,FMCG,Moms&Kids,Игрушки,0,Estimation,2714872712,1320859102,25.02.2021 14:13:39
202105,FMCG,Moms&Kids,Творчество  хобби и игры,0,Estimation,462613907,3539452107,25.02.2021 13:53:11
202105,FMCG,Moms&Kids,Творчество  хобби и игры,0,Estimation,1726615012,1172694373,25.02.2021 14:13:39
202105,FMCG,Moms&Kids,Товары для школы  канцелярия  оборудование,1,Estimation,1881858371,3384918614,25.02.2021 13:53:11
202105,FMCG,Moms&Kids,КГТ и спорт для детей,1,Estimation,1319331311,3057472852,25.02.2021 13:53:11
202105,FMCG,Moms&Kids,Игрушки,0,Estimation,3511077965,3494728519,25.02.2021 13:53:11
202105,FMCG,Moms&Kids,Игрушки,1,Estimation,379669348,3589741071,25.02.2021 13:53:11
202105,FMCG,Moms&Kids,КГТ и спорт для детей,0,Estimation,1766900360,1405044102,25.02.2021 13:53:11
202105,FMCG,Moms&Kids,Товары для школы  канцелярия  оборудование,0,Estimation,1670252102,2709956184,25.02.2021 13:53:11
202105,FMCG,Moms&Kids,Творчество  хобби и игры,0,Estimation,1313282122,2233248602,26.01.2021 01:35:54
202105,FMCG,Moms&Kids,Игрушки,0,Estimation,888926792,1383027627,25.01.2021 14:13:39
202105,FMCG,Moms&Kids,Товары для школы  канцелярия  оборудование,1,Estimation,1873786901,2601296190,25.01.2021 13:53:11
202105,FMCG,Moms&Kids,Игрушки,0,Estimation,1635760454,361586882,25.01.2021 13:53:11
202105,FMCG,Moms&Kids,КГТ и спорт для детей,1,Estimation,1158485741,1520200499,25.01.2021 13:53:11
202105,FMCG,Moms&Kids,КГТ и спорт для детей,0,Estimation,1442436963,587887395,26.01.2021 01:35:54
202105,FMCG,Moms&Kids,Товары для школы  канцелярия  оборудование,0,Estimation,3408589801,1690737040,26.01.2021 01:35:54
202105,FMCG,Moms&Kids,Игрушки,0,Estimation,1129048791,2604212776,26.01.2021 01:35:54
202105,FMCG,Moms&Kids,Творчество  хобби и игры,1,Estimation,2452223422,832666856,25.01.2021 13:53:11
202105,FMCG,Moms&Kids,КГТ и спорт для детей,0,Estimation,3001489626,91040283,25.01.2021 13:53:11
202105,FMCG,Moms&Kids,Игрушки,1,Estimation,356376258,3222190715,25.01.2021 13:53:11
202105,FMCG,Moms&Kids,Товары для школы  канцелярия  оборудование,0,Estimation,408224857,534634563,25.01.2021 13:53:11
202105,FMCG,Moms&Kids,Творчество  хобби и игры,0,Estimation,3968418157,337965248,25.01.2021 14:13:39
202105,FMCG,Moms&Kids,КГТ и спорт для детей,0,Estimation,4140795658,3073919368,25.01.2021 14:13:39
202105,FMCG,Moms&Kids,Творчество  хобби и игры,0,Estimation,2860937904,2521859681,25.01.2021 13:53:11
202105,FMCG,Moms&Kids,Товары для школы  канцелярия  оборудование,0,Estimation,954975606,2231454792,25.01.2021 14:13:39
202105,FMCG,Zoo,Зоокорм  витамины,0,Estimation,1742181985,2841738082,26.02.2021 01:35:54
202105,FMCG,Zoo,Спальное место животного,1,Estimation,3125933863,4267670288,26.02.2021 01:00:04
202105,FMCG,Zoo,Фермерское хозяйство - Оборудование для птицеводства и животноводства,0,Estimation,3397261301,3126241903,26.02.2021 00:56:14
202105,FMCG,Zoo,Фермерское хозяйство - Оборудование для птицеводства и животноводства,0,Estimation,3591115432,401859793,26.02.2021 01:35:54
202105,FMCG,Zoo,Гигиена и уход животных,0,Estimation,706749390,827879353,26.02.2021 01:35:54
202105,FMCG,Zoo,Товары для прогулки и дрессировки животных,0,Estimation,1972076192,1742850583,26.02.2021 01:02:02
202105,FMCG,Zoo,Спальное место животного,0,Estimation,2250713563,4197167751,26.02.2021 00:56:14
202105,FMCG,Zoo,Фермерское хозяйство - Корма и кормовые добавки для птицеводства и животноводства,0,Estimation,2712097284,4001549757,26.02.2021 01:35:54
202105,FMCG,Zoo,Гигиена и уход животных,0,Estimation,3808507386,2329787829,26.02.2021 01:02:02
202105,FMCG,Zoo,Фермерское хозяйство - Содержание  уход птицы и сельскохозяйственных животных,0,Estimation,2198655329,1375515511,26.02.2021 01:35:54
202105,FMCG,Zoo,Товары для прогулки и дрессировки животных,0,Estimation,1206092819,810430565,26.02.2021 01:35:54
202105,FMCG,Zoo,Фермерское хозяйство - Товары для пчеловодства,0,Estimation,1983300012,263329424,26.02.2021 01:35:54
202105,FMCG,Zoo,Фермерское хозяйство - Содержание  уход птицы и сельскохозяйственных животных,0,Estimation,3530642060,2329494004,26.02.2021 00:56:14
202105,FMCG,Zoo,Фермерское хозяйство - Товары для пчеловодства,0,Estimation,3043310914,2119014371,26.02.2021 00:56:14
202105,FMCG,Zoo,Спальное место животного,0,Estimation,3146205710,1198136903,26.02.2021 01:02:02
202105,FMCG,Zoo,Товары для прогулки и дрессировки животных,0,Estimation,2217267516,2311164028,26.02.2021 00:56:14
202105,FMCG,Zoo,Фермерское хозяйство - Корма и кормовые добавки для птицеводства и животноводства,0,Estimation,2787030125,435169513,26.02.2021 00:56:14
202105,FMCG,Zoo,Зоокорм  витамины,1,Estimation,486887135,4189031780,26.02.2021 01:00:04
202105,FMCG,Zoo,Зоокорм  витамины,0,Estimation,1101435188,1423034862,26.02.2021 01:02:02
202105,FMCG,Zoo,Гигиена и уход животных,1,Estimation,4069416309,599966207,26.02.2021 01:00:04
202105,FMCG,Zoo,Спальное место животного,0,Estimation,4207806972,3380826133,26.02.2021 01:35:54
202105,FMCG,Zoo,Товары для прогулки и дрессировки животных,1,Estimation,3517593149,948055174,26.02.2021 01:00:04
202105,FMCG,Zoo,Зоокорм  витамины,0,Estimation,4231103672,1179038658,26.02.2021 00:56:14
202105,FMCG,Zoo,Гигиена и уход животных,0,Estimation,3611535724,3072939785,26.02.2021 00:56:14
202105,FMCG,Zoo,Товары для прогулки и дрессировки животных,0,Estimation,1058233176,32111287,26.01.2021 01:02:02
202105,FMCG,Zoo,Гигиена и уход животных,1,Estimation,251248113,3145674118,26.01.2021 01:00:04
202105,FMCG,Zoo,Зоокорм  витамины,0,Estimation,428805878,4178052825,26.01.2021 00:56:14
202105,FMCG,Zoo,Спальное место животного,0,Estimation,1123628805,974653582,26.01.2021 01:35:54
202105,FMCG,Zoo,Товары для прогулки и дрессировки животных,1,Estimation,3104835547,1028534599,26.01.2021 01:00:04
202105,FMCG,Zoo,Гигиена и уход животных,0,Estimation,3678636190,4111735888,26.01.2021 00:56:14
202105,FMCG,Zoo,Зоокорм  витамины,1,Estimation,508693390,4052849059,26.01.2021 01:00:04
202105,FMCG,Zoo,Фермерское хозяйство - Товары для пчеловодства,0,Estimation,1515018878,2579735995,26.01.2021 00:56:14
202105,FMCG,Zoo,Товары для прогулки и дрессировки животных,0,Estimation,3912741532,112933379,26.01.2021 00:56:14
202105,FMCG,Zoo,Фермерское хозяйство - Оборудование для птицеводства и животноводства,0,Estimation,3645750495,4151970813,26.01.2021 01:35:54
202105,FMCG,Zoo,Фермерское хозяйство - Оборудование для птицеводства и животноводства,0,Estimation,4131759532,1956669038,26.01.2021 00:56:14
202105,FMCG,Zoo,Фермерское хозяйство - Корма и кормовые добавки для птицеводства и животноводства,0,Estimation,2043404015,2370962872,26.01.2021 00:56:14
202105,FMCG,Zoo,Гигиена и уход животных,0,Estimation,4141796145,3574435102,26.01.2021 01:02:02
202105,FMCG,Zoo,Фермерское хозяйство - Содержание  уход птицы и сельскохозяйственных животных,0,Estimation,224918241,328016010,26.01.2021 00:56:14
202105,FMCG,Zoo,Товары для прогулки и дрессировки животных,0,Estimation,2043836407,1921826471,26.01.2021 01:35:54
202105,FMCG,Zoo,Зоокорм  витамины,0,Estimation,3277145830,2814711545,26.01.2021 01:02:02
202105,FMCG,Zoo,Фермерское хозяйство - Товары для пчеловодства,0,Estimation,757466013,1689897191,26.01.2021 01:35:54
202105,FMCG,Zoo,Спальное место животного,0,Estimation,1741205650,1463323788,26.01.2021 01:02:02
202105,FMCG,Zoo,Фермерское хозяйство - Корма и кормовые добавки для птицеводства и животноводства,0,Estimation,3360980906,3649956266,26.01.2021 01:35:54
202105,FMCG,Zoo,Зоокорм  витамины,0,Estimation,70668742,2869960526,26.01.2021 01:35:54
202105,FMCG,Zoo,Спальное место животного,1,Estimation,2779981197,2128864580,26.01.2021 01:00:04
202105,FMCG,Zoo,Фермерское хозяйство - Содержание  уход птицы и сельскохозяйственных животных,0,Estimation,2812887827,2988691710,26.01.2021 01:35:54
202105,FMCG,Zoo,Гигиена и уход животных,0,Estimation,4221673415,3345790807,26.01.2021 01:35:54
202105,FMCG,Zoo,Спальное место животного,0,Estimation,3446424380,3590769737,26.01.2021 00:56:14
202106,Beauty,Apparel,Аксессуары для взрослых и детей,1,Estimation,549211999,111071656,24.02.2021 16:27:18
202106,Beauty,Apparel,Взрослая одежда,0,Estimation,4252092919,2991589747,25.02.2021 10:58:00
202106,Beauty,Apparel,Взрослая обувь,0,Estimation,2554116355,3928614103,25.02.2021 10:39:58
202106,Beauty,Apparel,Взрослая обувь,0,Estimation,1037239077,2318980787,25.02.2021 10:58:00
202106,Beauty,Apparel,Детская обувь,0,Estimation,1097872390,2557838440,25.02.2021 10:58:00
202106,Beauty,Apparel,Детская одежда,0,Estimation,185742043,3061887832,25.02.2021 10:58:00
202106,Beauty,Apparel,Детская одежда,0,Estimation,1017395699,845265493,25.02.2021 10:39:58
202106,Beauty,Apparel,Бижутерия и часы бижутерные,0,Estimation,1672879267,685923500,25.02.2021 10:39:58
202106,Beauty,Apparel,Бижутерия и часы бижутерные,0,Estimation,3271405256,1202661258,25.02.2021 10:58:00
202106,Beauty,Apparel,Взрослая одежда,0,Estimation,2521918727,1703457673,25.02.2021 10:39:58
202106,Beauty,Apparel,Детская обувь,0,Estimation,2675646473,2318022730,25.02.2021 10:39:58
202106,Beauty,Apparel,Взрослая одежда,1,Estimation,2270552746,2851204792,24.02.2021 16:27:18
202106,Beauty,Apparel,Аксессуары для взрослых и детей,0,Estimation,82044846,875847351,25.02.2021 10:58:00
202106,Beauty,Apparel,Аксессуары для взрослых и детей,0,Estimation,3648634159,4187546384,25.02.2021 10:39:58
202106,Beauty,Apparel,Взрослая обувь,0,Estimation,3055288829,1686207035,25.01.2021 10:58:00
202106,Beauty,Apparel,Детская обувь,0,Estimation,1473199524,1145007291,25.01.2021 10:39:58
202106,Beauty,Apparel,Взрослая одежда,1,Estimation,1618612320,258474827,24.01.2021 16:27:18
202106,Beauty,Apparel,Взрослая одежда,0,Estimation,3961019068,2845587695,25.01.2021 10:58:00
202106,Beauty,Apparel,Детская одежда,0,Estimation,3190647825,3978486680,25.01.2021 10:58:00
202106,Beauty,Apparel,Бижутерия и часы бижутерные,0,Estimation,3818519773,187568723,25.01.2021 10:58:00
202106,Beauty,Apparel,Взрослая одежда,0,Estimation,3169755007,3992273742,25.01.2021 10:39:58
202106,Beauty,Apparel,Детская обувь,0,Estimation,4131749878,1718282864,25.01.2021 10:58:00
202106,Beauty,Apparel,Аксессуары для взрослых и детей,0,Estimation,2192027269,1797662589,25.01.2021 10:58:00
202106,Beauty,Apparel,Бижутерия и часы бижутерные,0,Estimation,2930076245,3339233827,25.01.2021 10:39:58
202106,Beauty,Apparel,Аксессуары для взрослых и детей,0,Estimation,2683879725,841554981,25.01.2021 10:39:58
202106,Beauty,Apparel,Детская одежда,0,Estimation,125590522,258091157,25.01.2021 10:39:58
202106,Beauty,Apparel,Аксессуары для взрослых и детей,1,Estimation,1682017322,2584516765,24.01.2021 16:27:18
202106,Beauty,Apparel,Взрослая обувь,0,Estimation,3887769254,1171648503,25.01.2021 10:39:58
202106,Beauty,Health&Beauty,Косметика для ухода за кожей,0,Estimation,2602976083,2524714557,24.02.2021 11:02:28
202106,Beauty,Health&Beauty,Декоративная косметика,0,Estimation,2072001946,1071082168,24.02.2021 11:02:28
202106,Beauty,Health&Beauty,Косметическая техника,0,Estimation,2346821446,2605341664,24.02.2021 11:02:28
202106,Beauty,Health&Beauty,Косметика для ухода за кожей,1,Estimation,3121222263,2664291256,24.02.2021 17:44:13
202106,Beauty,Health&Beauty,Косметические средства для детей и беременных,0,Estimation,40280204,37528780,24.02.2021 11:02:28
202106,Beauty,Health&Beauty,Косметические аксессуары,1,Estimation,1361884885,2011606097,24.02.2021 17:44:13
202106,Beauty,Health&Beauty,Косметика для ухода за волосами,1,Estimation,3559481141,1440324177,24.02.2021 17:44:13
202106,Beauty,Health&Beauty,Косметика для ухода за кожей,0,Estimation,1464111975,813606647,25.02.2021 20:57:25
202106,Beauty,Health&Beauty,Косметическая техника,1,Estimation,608711251,1151125892,24.02.2021 17:44:13
202106,Beauty,Health&Beauty,Косметика для ухода за волосами,0,Estimation,45277405,2113598120,24.02.2021 11:02:28
202106,Beauty,Health&Beauty,Декоративная косметика,1,Estimation,2036361143,3255262494,24.02.2021 17:44:13
202106,Beauty,Health&Beauty,Парфюмерия  ароматерапия,0,Estimation,691893500,2051282197,25.02.2021 20:57:25
202106,Beauty,Health&Beauty,Косметические аксессуары,0,Estimation,1998046866,650797022,24.02.2021 11:02:28
202106,Beauty,Health&Beauty,Парфюмерия  ароматерапия,0,Estimation,2005939614,384762498,24.02.2021 11:02:28
202106,Beauty,Health&Beauty,Уход и гигиена,0,Estimation,1926332157,435602729,25.02.2021 20:57:25
202106,Beauty,Health&Beauty,Декоративная косметика,0,Estimation,1140961969,451389268,25.02.2021 20:57:25
202106,Beauty,Health&Beauty,Косметическая техника,0,Estimation,2175252931,2926225904,25.02.2021 20:57:25
202106,Beauty,Health&Beauty,Косметика для ухода за волосами,0,Estimation,3845509998,3384910418,25.02.2021 20:57:25
202106,Beauty,Health&Beauty,Косметические средства для детей и беременных,1,Estimation,4241528125,2890800643,24.02.2021 17:44:13
202106,Beauty,Health&Beauty,Косметические аксессуары,0,Estimation,3795170291,1372923293,25.02.2021 20:57:25
202106,Beauty,Health&Beauty,Уход и гигиена,1,Estimation,1264960780,1505626007,24.02.2021 17:44:13
202106,Beauty,Health&Beauty,Косметические средства для детей и беременных,0,Estimation,147784454,3213702029,25.02.2021 20:57:25
202106,Beauty,Health&Beauty,Уход и гигиена,0,Estimation,15978910,26332135,24.02.2021 11:02:28
202106,Beauty,Health&Beauty,Парфюмерия  ароматерапия,1,Estimation,2522462593,934807958,24.02.2021 17:44:13
202106,Beauty,Health&Beauty,Парфюмерия  ароматерапия,0,Estimation,2185648841,70886075,24.01.2021 11:02:28
202106,Beauty,Health&Beauty,Уход и гигиена,0,Estimation,1761776199,1655439652,24.01.2021 11:02:28
202106,Beauty,Health&Beauty,Косметика для ухода за волосами,0,Estimation,2499995384,2493304728,25.01.2021 20:57:25
202106,Beauty,Health&Beauty,Косметические аксессуары,0,Estimation,2725486320,2344888173,25.01.2021 20:57:25
202106,Beauty,Health&Beauty,Парфюмерия  ароматерапия,0,Estimation,3462869667,1576409609,25.01.2021 20:57:25
202106,Beauty,Health&Beauty,Уход и гигиена,1,Estimation,2259840502,1785036100,24.01.2021 17:44:13
202106,Beauty,Health&Beauty,Косметика для ухода за кожей,0,Estimation,3527226561,4174406003,25.01.2021 20:57:25
202106,Beauty,Health&Beauty,Декоративная косметика,0,Estimation,2764521507,1590048563,25.01.2021 20:57:25
202106,Beauty,Health&Beauty,Косметическая техника,0,Estimation,7406172,4283313566,25.01.2021 20:57:25
202106,Beauty,Health&Beauty,Косметические средства для детей и беременных,1,Estimation,2798281791,1026656045,24.01.2021 17:44:13
202106,Beauty,Health&Beauty,Косметические средства для детей и беременных,0,Estimation,4152444020,2994606600,24.01.2021 11:02:28
202106,Beauty,Health&Beauty,Косметические аксессуары,0,Estimation,2160212829,3093208134,24.01.2021 11:02:28
202106,Beauty,Health&Beauty,Косметика для ухода за волосами,0,Estimation,217966820,2690016340,24.01.2021 11:02:28
202106,Beauty,Health&Beauty,Уход и гигиена,0,Estimation,525825226,2684272256,25.01.2021 20:57:25
202106,Beauty,Health&Beauty,Косметические средства для детей и беременных,0,Estimation,3347398474,2575400343,25.01.2021 20:57:25
202106,Beauty,Health&Beauty,Косметика для ухода за кожей,1,Estimation,822622328,2714754401,24.01.2021 17:44:13
202106,Beauty,Health&Beauty,Косметическая техника,0,Estimation,2464819255,2162307463,24.01.2021 11:02:28
202106,Beauty,Health&Beauty,Декоративная косметика,1,Estimation,2115509515,1007869535,24.01.2021 17:44:13
202106,Beauty,Health&Beauty,Декоративная косметика,0,Estimation,599230539,3622390212,24.01.2021 11:02:28
202106,Beauty,Health&Beauty,Парфюмерия  ароматерапия,1,Estimation,1205408089,226701449,24.01.2021 17:44:13
202106,Beauty,Health&Beauty,Косметика для ухода за волосами,1,Estimation,205048423,3469092168,24.01.2021 17:44:13
202106,Beauty,Health&Beauty,Косметические аксессуары,1,Estimation,993329055,2944885380,24.01.2021 17:44:13
202106,Beauty,Health&Beauty,Косметика для ухода за кожей,0,Estimation,581947586,3357448959,24.01.2021 11:02:28
202106,Beauty,Health&Beauty,Косметическая техника,1,Estimation,2930801462,3945532707,24.01.2021 17:44:13
202106,Beauty,Jewelry,Ювелирные изделия,0,Estimation,201303494,4043354408,25.02.2021 15:11:04
202106,Beauty,Jewelry,Ювелирные изделия,0,Estimation,3776995857,2442117796,25.01.2021 15:11:04
202106,Beauty,Pharmacy,Витамины и БАДы,1,Estimation,2271407886,923899464,24.02.2021 23:38:51
202106,Beauty,Pharmacy,Профессиональный уход за полостью рта,1,Estimation,131260681,3428405610,24.02.2021 23:38:51
202106,Beauty,Pharmacy,Лекарственные средства,1,Estimation,787497036,2989041780,24.02.2021 23:38:51
202106,Beauty,Pharmacy,Антибактериальные  дезинфицирующие средства,0,Estimation,4181369903,102810937,20.02.2021 18:23:40
202106,Beauty,Pharmacy,Медицинские изделия,0,Estimation,3208106415,2570323077,20.02.2021 18:23:40
202106,Beauty,Pharmacy,Профессиональный уход за полостью рта,0,Estimation,4012818572,3800574619,20.02.2021 18:23:40
202106,Beauty,Pharmacy,Электронные сигареты  парители  кальяны,0,Estimation,1497018806,3301896293,20.02.2021 18:23:40
202106,Beauty,Pharmacy,Медицинские изделия,1,Estimation,2689941194,514327416,24.02.2021 23:38:51
202106,Beauty,Pharmacy,Средства реабилитации,1,Estimation,230258106,682008604,24.02.2021 23:38:51
202106,Beauty,Pharmacy,Тату,0,Estimation,1495228108,621673024,20.02.2021 18:23:40
202106,Beauty,Pharmacy,Лекарственные средства,0,Estimation,3037437372,1985658525,20.02.2021 18:23:40
202106,Beauty,Pharmacy,Антибактериальные  дезинфицирующие средства,1,Estimation,1621492188,2893995956,24.02.2021 23:38:51
202106,Beauty,Pharmacy,Электронные сигареты  парители  кальяны,1,Estimation,2572117976,665698725,24.02.2021 23:38:51
202106,Beauty,Pharmacy,Средства реабилитации,0,Estimation,2646076238,658454506,20.02.2021 18:23:40
202106,Beauty,Pharmacy,Витамины и БАДы,0,Estimation,1728724393,2610763746,20.02.2021 18:23:40
202106,Beauty,Pharmacy,Лекарственные средства для животных,0,Estimation,1955652839,623574474,20.02.2021 18:23:40
202106,Beauty,Pharmacy,Уход и гигиена,0,Estimation,3094136011,132565314,20.02.2021 18:23:40
202106,Beauty,Pharmacy,Парафармацевтика,1,Estimation,2177900865,2644733474,24.02.2021 23:38:51
202106,Beauty,Pharmacy,Уход и гигиена,1,Estimation,1539251235,2503047117,24.02.2021 23:38:51
202106,Beauty,Pharmacy,Парафармацевтика,0,Estimation,273579830,2226553061,20.02.2021 18:23:40
202106,Beauty,Pharmacy,Товары для взрослых,1,Estimation,4238986202,4163856195,24.02.2021 23:38:51
202106,Beauty,Pharmacy,Спортивное питание,1,Estimation,1775878231,3799521089,24.02.2021 23:38:51
202106,Beauty,Pharmacy,Оптика,0,Estimation,2707326143,3745788417,20.02.2021 18:23:40
202106,Beauty,Pharmacy,Ортопедия и компрессионный трикотаж,0,Estimation,4184133248,3428485759,20.02.2021 18:23:40
202106,Beauty,Pharmacy,Товары для взрослых,0,Estimation,599851645,1645637555,20.02.2021 18:23:40
202106,Beauty,Pharmacy,Медицинская техника,0,Estimation,1648494101,1619632600,20.02.2021 18:23:40
202106,Beauty,Pharmacy,Оптика,1,Estimation,863350618,2713718365,24.02.2021 23:38:51
202106,Beauty,Pharmacy,Спортивное питание,0,Estimation,2465910413,3792949224,20.02.2021 18:23:40
202106,Beauty,Pharmacy,Ортопедия и компрессионный трикотаж,1,Estimation,1390221898,3043773073,24.02.2021 23:38:51
202106,Beauty,Pharmacy,Медицинская техника,1,Estimation,2281604475,3683682645,24.02.2021 23:38:51
202106,Beauty,Pharmacy,Спортивное питание,0,Estimation,3163880410,104793365,20.01.2021 18:23:40
202106,Beauty,Pharmacy,Ортопедия и компрессионный трикотаж,1,Estimation,1147689505,2903946288,24.01.2021 23:38:51
202106,Beauty,Pharmacy,Витамины и БАДы,0,Estimation,1832645002,3747108087,20.01.2021 18:23:40
202106,Beauty,Pharmacy,Электронные сигареты  парители  кальяны,0,Estimation,1619467408,2120034470,20.01.2021 18:23:40
202106,Beauty,Pharmacy,Средства реабилитации,0,Estimation,2216708490,2697314042,20.01.2021 18:23:40
202106,Beauty,Pharmacy,Медицинские изделия,0,Estimation,1523481803,1041640722,20.01.2021 18:23:40
202106,Beauty,Pharmacy,Профессиональный уход за полостью рта,0,Estimation,3796190319,1176839021,20.01.2021 18:23:40
202106,Beauty,Pharmacy,Ортопедия и компрессионный трикотаж,0,Estimation,1304249501,3658766019,20.01.2021 18:23:40
202106,Beauty,Pharmacy,Медицинские изделия,1,Estimation,9212058,2436120082,24.01.2021 23:38:51
202106,Beauty,Pharmacy,Спортивное питание,1,Estimation,349875559,2745180420,24.01.2021 23:38:51
202106,Beauty,Pharmacy,Тату,0,Estimation,4237060532,1004274117,20.01.2021 18:23:40
202106,Beauty,Pharmacy,Лекарственные средства для животных,0,Estimation,1208505150,3518407083,20.01.2021 18:23:40
202106,Beauty,Pharmacy,Витамины и БАДы,1,Estimation,3455120122,3727067734,24.01.2021 23:38:51
202106,Beauty,Pharmacy,Профессиональный уход за полостью рта,1,Estimation,3844063443,3363939502,24.01.2021 23:38:51
202106,Beauty,Pharmacy,Медицинская техника,1,Estimation,2689201863,2760623882,24.01.2021 23:38:51
202106,Beauty,Pharmacy,Товары для взрослых,0,Estimation,3308260091,2978328746,20.01.2021 18:23:40
202106,Beauty,Pharmacy,Уход и гигиена,0,Estimation,1075248517,3634128139,20.01.2021 18:23:40
202106,Beauty,Pharmacy,Медицинская техника,0,Estimation,1246392764,3959724728,20.01.2021 18:23:40
202106,Beauty,Pharmacy,Электронные сигареты  парители  кальяны,1,Estimation,3411549016,1606625029,24.01.2021 23:38:51
202106,Beauty,Pharmacy,Антибактериальные  дезинфицирующие средства,1,Estimation,2628770898,3665691412,24.01.2021 23:38:51
202106,Beauty,Pharmacy,Оптика,1,Estimation,3877907781,594632861,24.01.2021 23:38:51
202106,Beauty,Pharmacy,Уход и гигиена,1,Estimation,2614685528,3144996639,24.01.2021 23:38:51
202106,Beauty,Pharmacy,Лекарственные средства,0,Estimation,2856376964,533957253,20.01.2021 18:23:40
202106,Beauty,Pharmacy,Лекарственные средства,1,Estimation,2987169131,1383454972,24.01.2021 23:38:51
202106,Beauty,Pharmacy,Товары для взрослых,1,Estimation,2352422816,2042990208,24.01.2021 23:38:51
202106,Beauty,Pharmacy,Оптика,0,Estimation,1646324655,3797292724,20.01.2021 18:23:40
202106,Beauty,Pharmacy,Парафармацевтика,1,Estimation,1000511135,276021302,24.01.2021 23:38:51
202106,Beauty,Pharmacy,Средства реабилитации,1,Estimation,3709372915,3440207508,24.01.2021 23:38:51
202106,Beauty,Pharmacy,Антибактериальные  дезинфицирующие средства,0,Estimation,376743384,3609887853,20.01.2021 18:23:40
202106,Beauty,Pharmacy,Парафармацевтика,0,Estimation,139333239,1794789958,20.01.2021 18:23:40
202106,ES + Home,Auto&Moto,Масла и автохимия,0,Estimation,112393384,3636676807,18.02.2021 14:15:16
202106,ES + Home,Auto&Moto,Универсальные авто и мото аксессуары,0,Estimation,2177810827,3965927205,18.02.2021 14:15:16
202106,ES + Home,Auto&Moto,Авто и мото запчасти,1,Estimation,3690887788,1932090042,18.02.2021 14:15:16
202106,ES + Home,Auto&Moto,Масла и автохимия,1,Estimation,268070335,2682170896,18.02.2021 14:15:16
202106,ES + Home,Auto&Moto,Дополнительное оборудование для авто и мото техники,0,Estimation,397836898,794325308,18.02.2021 14:15:16
202106,ES + Home,Auto&Moto,Автоинструменты и гаражное оборудование,1,Estimation,3752395739,2781102350,18.02.2021 14:15:16
202106,ES + Home,Auto&Moto,Авто и мото запчасти,0,Estimation,2572917262,531796163,18.02.2021 14:15:16
202106,ES + Home,Auto&Moto,Шины и диски,0,Estimation,3324681691,1079946829,17.02.2021 18:25:32
202106,ES + Home,Auto&Moto,Автомобили и мототехника,0,Estimation,3923434847,4190446011,17.02.2021 18:25:32
202106,ES + Home,Auto&Moto,Универсальные авто и мото аксессуары,1,Estimation,1736135524,1746597093,18.02.2021 14:15:16
202106,ES + Home,Auto&Moto,Автоинструменты и гаражное оборудование,0,Estimation,290506029,3823251692,18.02.2021 14:15:16
202106,ES + Home,Auto&Moto,Автоинструменты и гаражное оборудование,0,Estimation,523432112,3629684450,17.02.2021 18:25:32
202106,ES + Home,Auto&Moto,Авто и мото запчасти,0,Estimation,1797288136,1394112223,17.02.2021 18:25:32
202106,ES + Home,Auto&Moto,Универсальные авто и мото аксессуары,0,Estimation,984052225,1980430896,17.02.2021 18:25:32
202106,ES + Home,Auto&Moto,Масла и автохимия,0,Estimation,1745918735,1349319418,17.02.2021 18:25:32
202106,ES + Home,Auto&Moto,Шины и диски,0,Estimation,3294357228,4154578185,18.02.2021 14:15:16
202106,ES + Home,Auto&Moto,Автомобили и мототехника,0,Estimation,861467998,478752073,18.02.2021 14:15:16
202106,ES + Home,Auto&Moto,Дополнительное оборудование для авто и мото техники,0,Estimation,1452529000,3452906235,17.02.2021 18:25:32
202106,ES + Home,Auto&Moto,Шины и диски,0,Estimation,2580976236,440395871,18.01.2021 14:15:16
202106,ES + Home,Auto&Moto,Автомобили и мототехника,0,Estimation,1371235599,2448933512,18.01.2021 14:15:16
202106,ES + Home,Auto&Moto,Автомобили и мототехника,0,Estimation,1199576640,249512432,17.01.2021 18:25:32
202106,ES + Home,Auto&Moto,Шины и диски,0,Estimation,3738991317,239196051,17.01.2021 18:25:32
202106,ES + Home,Auto&Moto,Автоинструменты и гаражное оборудование,1,Estimation,3550453199,558456551,18.01.2021 14:15:16
202106,ES + Home,Auto&Moto,Дополнительное оборудование для авто и мото техники,0,Estimation,4293682763,1390357860,17.01.2021 18:25:32
202106,ES + Home,Auto&Moto,Авто и мото запчасти,1,Estimation,723354086,684608836,18.01.2021 14:15:16
202106,ES + Home,Auto&Moto,Универсальные авто и мото аксессуары,1,Estimation,503400220,2267144054,18.01.2021 14:15:16
202106,ES + Home,Auto&Moto,Масла и автохимия,0,Estimation,1425308092,1405154239,17.01.2021 18:25:32
202106,ES + Home,Auto&Moto,Автоинструменты и гаражное оборудование,0,Estimation,2174567849,2294343506,18.01.2021 14:15:16
202106,ES + Home,Auto&Moto,Универсальные авто и мото аксессуары,0,Estimation,2306352366,2294940200,17.01.2021 18:25:32
202106,ES + Home,Auto&Moto,Масла и автохимия,0,Estimation,4168048460,376704869,18.01.2021 14:15:16
202106,ES + Home,Auto&Moto,Автоинструменты и гаражное оборудование,0,Estimation,3575236683,3245265649,17.01.2021 18:25:32
202106,ES + Home,Auto&Moto,Универсальные авто и мото аксессуары,0,Estimation,1691518727,940622590,18.01.2021 14:15:16
202106,ES + Home,Auto&Moto,Авто и мото запчасти,0,Estimation,1959170280,1856637143,18.01.2021 14:15:16
202106,ES + Home,Auto&Moto,Масла и автохимия,1,Estimation,3702683629,1480471902,18.01.2021 14:15:16
202106,ES + Home,Auto&Moto,Дополнительное оборудование для авто и мото техники,0,Estimation,203898366,2742179974,18.01.2021 14:15:16
202106,ES + Home,Auto&Moto,Авто и мото запчасти,0,Estimation,1265144579,1222869534,17.01.2021 18:25:32
202106,ES + Home,Books,ПО на физических носителях,0,Estimation,3896610230,1113517690,16.02.2021 18:01:08
202106,ES + Home,Books,Книга по требованию,0,Estimation,3869812972,370377088,16.02.2021 18:01:08
202106,ES + Home,Books,Блокноты с ISBN,1,Estimation,242171045,3381480133,16.02.2021 18:29:37
202106,ES + Home,Books,Учебная литература,0,Estimation,151253833,1933017856,16.02.2021 18:01:08
202106,ES + Home,Books,Книги детям и родителям,0,Estimation,4055367664,1801167442,16.02.2021 18:01:08
202106,ES + Home,Books,Блокноты с ISBN,0,Estimation,2793891596,4193264440,16.02.2021 18:01:08
202106,ES + Home,Books,Современная печатная книга,0,Estimation,1746279708,3762183113,16.02.2021 18:01:08
202106,ES + Home,Books,Антикварное издание,0,Estimation,3799586556,3660268785,16.02.2021 18:01:08
202106,ES + Home,Books,Second-hand книга,0,Estimation,917922202,2167028485,16.02.2021 18:01:08
202106,ES + Home,Books,Современные картографические издания,0,Estimation,1863372181,1497325659,16.02.2021 18:01:08
202106,ES + Home,Books,Second-hand книга,1,Estimation,157800711,913792027,16.02.2021 18:29:37
202106,ES + Home,Books,Иностранное издание,0,Estimation,616747880,1578561709,16.02.2021 18:01:08
202106,ES + Home,Books,Книги детям и родителям,1,Estimation,2652477626,93638255,16.02.2021 18:29:37
202106,ES + Home,Books,Современная печатная книга,1,Estimation,515225859,2509048919,16.02.2021 18:29:37
202106,ES + Home,Books,Календари,0,Estimation,2258804126,3652623446,16.02.2021 18:01:08
202106,ES + Home,Books,Комиксы,1,Estimation,473899834,3204679529,16.02.2021 18:29:37
202106,ES + Home,Books,Нехудожественная литература,1,Estimation,2731034316,1857199420,16.02.2021 18:29:37
202106,ES + Home,Books,Комиксы,0,Estimation,1213196702,2335892443,16.02.2021 18:01:08
202106,ES + Home,Books,Художественная литература,1,Estimation,3967165052,2953749786,16.02.2021 18:29:37
202106,ES + Home,Books,Манга,0,Estimation,4191986623,1717892131,16.02.2021 18:01:08
202106,ES + Home,Books,Бизнес-литература,0,Estimation,664059127,845033937,16.02.2021 18:01:08
202106,ES + Home,Books,Цифровая книга,0,Estimation,49033891,361575549,16.02.2021 18:01:08
202106,ES + Home,Books,Нехудожественная литература,0,Estimation,1036861501,2073912815,16.02.2021 18:01:08
202106,ES + Home,Books,Аудиокнига,0,Estimation,1035763962,2954826841,16.02.2021 18:01:08
202106,ES + Home,Books,Современные листовые издания,0,Estimation,3385277128,3115622363,16.02.2021 18:01:08
202106,ES + Home,Books,Манга,1,Estimation,860906298,832229178,16.02.2021 18:29:37
202106,ES + Home,Books,Литература на иностранном языке,0,Estimation,1379869382,3584674844,16.02.2021 18:01:08
202106,ES + Home,Books,Цифровая аудиокнига,0,Estimation,4070165417,4156054021,16.02.2021 18:01:08
202106,ES + Home,Books,Бизнес-литература,1,Estimation,2020339977,4214710170,16.02.2021 18:29:37
202106,ES + Home,Books,Букинистическое издание,0,Estimation,3135414111,1355197705,16.02.2021 18:01:08
202106,ES + Home,Books,Художественная литература,0,Estimation,4131049308,3129011984,16.02.2021 18:01:08
202106,ES + Home,Books,Second-hand книга,1,Estimation,2995310445,1772550143,16.01.2021 18:29:37
202106,ES + Home,Books,Цифровая аудиокнига,0,Estimation,2977827905,2956671405,16.01.2021 18:01:08
202106,ES + Home,Books,Букинистическое издание,0,Estimation,1742460144,2668109819,16.01.2021 18:01:08
202106,ES + Home,Books,Аудиокнига,0,Estimation,2621998264,624143775,16.01.2021 18:01:08
202106,ES + Home,Books,Манга,0,Estimation,3306440412,1699382280,16.01.2021 18:01:08
202106,ES + Home,Books,Современная печатная книга,1,Estimation,2403704882,2126951385,16.01.2021 18:29:37
202106,ES + Home,Books,Современные листовые издания,0,Estimation,1102393348,3930651662,16.01.2021 18:01:08
202106,ES + Home,Books,Блокноты с ISBN,1,Estimation,274659503,3673980931,16.01.2021 18:29:37
202106,ES + Home,Books,Нехудожественная литература,0,Estimation,948733956,3556973614,16.01.2021 18:01:08
202106,ES + Home,Books,Учебная литература,0,Estimation,349987910,3069021929,16.01.2021 18:01:08
202106,ES + Home,Books,Книги детям и родителям,0,Estimation,1926226058,3339812639,16.01.2021 18:01:08
202106,ES + Home,Books,Комиксы,0,Estimation,890331628,664693063,16.01.2021 18:01:08
202106,ES + Home,Books,ПО на физических носителях,0,Estimation,1498823551,1164071939,16.01.2021 18:01:08
202106,ES + Home,Books,Иностранное издание,0,Estimation,2678854839,258712654,16.01.2021 18:01:08
202106,ES + Home,Books,Художественная литература,1,Estimation,479640074,3102978530,16.01.2021 18:29:37
202106,ES + Home,Books,Художественная литература,0,Estimation,1192411801,1057244267,16.01.2021 18:01:08
202106,ES + Home,Books,Книги детям и родителям,1,Estimation,325569949,1539022237,16.01.2021 18:29:37
202106,ES + Home,Books,Литература на иностранном языке,0,Estimation,1857014680,42121907,16.01.2021 18:01:08
202106,ES + Home,Books,Антикварное издание,0,Estimation,1020043851,2379904244,16.01.2021 18:01:08
202106,ES + Home,Books,Современные картографические издания,0,Estimation,3143860751,1143786102,16.01.2021 18:01:08
202106,ES + Home,Books,Second-hand книга,0,Estimation,3817986633,4209968622,16.01.2021 18:01:08
202106,ES + Home,Books,Манга,1,Estimation,1665888372,2998886372,16.01.2021 18:29:37
202106,ES + Home,Books,Современная печатная книга,0,Estimation,2537463537,3175616472,16.01.2021 18:01:08
202106,ES + Home,Books,Бизнес-литература,1,Estimation,2834874997,61349576,16.01.2021 18:29:37
202106,ES + Home,Books,Бизнес-литература,0,Estimation,1960652904,2004518099,16.01.2021 18:01:08
202106,ES + Home,Books,Комиксы,1,Estimation,1060467087,2277922979,16.01.2021 18:29:37
202106,ES + Home,Books,Нехудожественная литература,1,Estimation,1253108366,3498113830,16.01.2021 18:29:37
202106,ES + Home,Books,Блокноты с ISBN,0,Estimation,1340826726,1650428360,16.01.2021 18:01:08
202106,ES + Home,Books,Книга по требованию,0,Estimation,1822211819,2118098243,16.01.2021 18:01:08
202106,ES + Home,Books,Цифровая книга,0,Estimation,1903654121,167812138,16.01.2021 18:01:08
202106,ES + Home,Books,Календари,0,Estimation,812330418,3801832985,16.01.2021 18:01:08
202106,ES + Home,Digital,Програмное обеспечение Digital,0,Estimation,1057165791,299663688,25.02.2021 22:27:30
202106,ES + Home,Digital,Програмное обеспечение Digital,0,Estimation,1629636853,2356961549,25.01.2021 22:27:30
202106,ES + Home,DIY,Ремонт и строительство,0,Estimation,2727912844,3154712787,17.02.2021 18:25:32
202106,ES + Home,DIY,Освещение,1,Estimation,3317287899,4061100264,18.02.2021 14:45:14
202106,ES + Home,DIY,Инструменты,0,Estimation,2429052031,3436592450,17.02.2021 18:25:32
202106,ES + Home,DIY,Освещение,0,Estimation,767123418,297248659,18.02.2021 14:45:14
202106,ES + Home,DIY,Сад и огород,0,Estimation,3415030223,3730173879,17.02.2021 18:25:32
202106,ES + Home,DIY,Фильтры для воды,0,Estimation,1736773445,1224410481,17.02.2021 18:25:32
202106,ES + Home,DIY,Освещение,0,Estimation,637421340,4267235009,17.02.2021 18:25:32
202106,ES + Home,DIY,Фильтры для воды,1,Estimation,383893703,1706756911,18.02.2021 14:45:14
202106,ES + Home,DIY,Сантехника,0,Estimation,3923637827,3708177173,18.02.2021 14:45:14
202106,ES + Home,DIY,Сад и огород,1,Estimation,3834246819,360054393,18.02.2021 14:45:14
202106,ES + Home,DIY,Фильтры для воды,0,Estimation,522159573,3281314577,18.02.2021 14:45:14
202106,ES + Home,DIY,Ремонт и строительство,1,Estimation,3523250468,4111245990,18.02.2021 14:45:14
202106,ES + Home,DIY,Сад и огород,0,Estimation,721105704,3082545031,18.02.2021 14:45:14
202106,ES + Home,DIY,Инструменты,1,Estimation,3786036532,2849050546,18.02.2021 14:45:14
202106,ES + Home,DIY,Ремонт и строительство,0,Estimation,3355011202,8695744,18.02.2021 14:45:14
202106,ES + Home,DIY,Инструменты,0,Estimation,1713087006,616904645,18.02.2021 14:45:14
202106,ES + Home,DIY,Сантехника,0,Estimation,916141350,989441037,17.02.2021 18:25:32
202106,ES + Home,DIY,Сад и огород,0,Estimation,3010450849,1481288856,17.01.2021 18:25:32
202106,ES + Home,DIY,Фильтры для воды,0,Estimation,3617590620,3755691299,17.01.2021 18:25:32
202106,ES + Home,DIY,Освещение,1,Estimation,3260645849,4097624850,18.01.2021 14:45:14
202106,ES + Home,DIY,Освещение,0,Estimation,2970431149,395623041,18.01.2021 14:45:14
202106,ES + Home,DIY,Инструменты,0,Estimation,4024988738,3058357037,17.01.2021 18:25:32
202106,ES + Home,DIY,Ремонт и строительство,0,Estimation,1472093439,3988154216,17.01.2021 18:25:32
202106,ES + Home,DIY,Сад и огород,1,Estimation,3269636842,2569814482,18.01.2021 14:45:14
202106,ES + Home,DIY,Фильтры для воды,1,Estimation,3380642547,4135590638,18.01.2021 14:45:14
202106,ES + Home,DIY,Ремонт и строительство,1,Estimation,674711836,1216556817,18.01.2021 14:45:14
202106,ES + Home,DIY,Сад и огород,0,Estimation,3445054219,924083928,18.01.2021 14:45:14
202106,ES + Home,DIY,Фильтры для воды,0,Estimation,981899282,4217122733,18.01.2021 14:45:14
202106,ES + Home,DIY,Сантехника,0,Estimation,1789536729,2862075184,18.01.2021 14:45:14
202106,ES + Home,DIY,Сантехника,0,Estimation,1216101514,1838482609,17.01.2021 18:25:32
202106,ES + Home,DIY,Инструменты,1,Estimation,2114376641,767694389,18.01.2021 14:45:14
202106,ES + Home,DIY,Ремонт и строительство,0,Estimation,3407551895,1284781407,18.01.2021 14:45:14
202106,ES + Home,DIY,Освещение,0,Estimation,4228619052,2635881022,17.01.2021 18:25:32
202106,ES + Home,DIY,Инструменты,0,Estimation,1295932372,1049439891,18.01.2021 14:45:14
202106,ES + Home,Furniture,Корпусная мебель и мебель для хранения,0,Estimation,2360412303,4067994555,18.02.2021 14:15:16
202106,ES + Home,Furniture,Мебель для сна,0,Estimation,1910901391,182811331,17.02.2021 18:25:32
202106,ES + Home,Furniture,Компьютерная и офисная мебель,0,Estimation,2250784637,1357626766,17.02.2021 18:25:32
202106,ES + Home,Furniture,Столы и стулья,0,Estimation,2181476084,3205527786,17.02.2021 18:25:32
202106,ES + Home,Furniture,Мебель для сада,0,Estimation,16386585,229005088,17.02.2021 18:25:32
202106,ES + Home,Furniture,Мягкая мебель,0,Estimation,2101150211,3584295197,18.02.2021 14:15:16
202106,ES + Home,Furniture,Прочая мебель,0,Estimation,972885392,521142903,17.02.2021 18:25:32
202106,ES + Home,Furniture,Мебель для сада,0,Estimation,1348599603,1655571594,18.02.2021 14:15:16
202106,ES + Home,Furniture,Столы и стулья,0,Estimation,2116125922,3240017551,18.02.2021 14:15:16
202106,ES + Home,Furniture,Корпусная мебель и мебель для хранения,0,Estimation,2568094634,805760583,17.02.2021 18:25:32
202106,ES + Home,Furniture,Прочая мебель,0,Estimation,3641882535,3473720959,18.02.2021 14:15:16
202106,ES + Home,Furniture,Мягкая мебель,0,Estimation,269894805,3218571732,17.02.2021 18:25:32
202106,ES + Home,Furniture,Компьютерная и офисная мебель,0,Estimation,2795991520,3243601999,18.02.2021 14:15:16
202106,ES + Home,Furniture,Мебель для сна,0,Estimation,2620508920,4264350492,18.02.2021 14:15:16
202106,ES + Home,Furniture,Прочая мебель,0,Estimation,2708988338,3993526311,17.01.2021 18:25:32
202106,ES + Home,Furniture,Мебель для сада,0,Estimation,716337138,3365900781,17.01.2021 18:25:32
202106,ES + Home,Furniture,Столы и стулья,0,Estimation,1853981694,878360137,17.01.2021 18:25:32
202106,ES + Home,Furniture,Мебель для сна,0,Estimation,4137144110,1772824998,18.01.2021 14:15:16
202106,ES + Home,Furniture,Мебель для сна,0,Estimation,2141518798,4091151069,17.01.2021 18:25:32
202106,ES + Home,Furniture,Мебель для сада,0,Estimation,2461451155,4089930891,18.01.2021 14:15:16
202106,ES + Home,Furniture,Корпусная мебель и мебель для хранения,0,Estimation,1263357025,619846661,17.01.2021 18:25:32
202106,ES + Home,Furniture,Столы и стулья,0,Estimation,3380314507,964640560,18.01.2021 14:15:16
202106,ES + Home,Furniture,Прочая мебель,0,Estimation,3608439555,3216805977,18.01.2021 14:15:16
202106,ES + Home,Furniture,Корпусная мебель и мебель для хранения,0,Estimation,4292350318,1844887608,18.01.2021 14:15:16
202106,ES + Home,Furniture,Мягкая мебель,0,Estimation,1956490561,3663948731,18.01.2021 14:15:16
202106,ES + Home,Furniture,Мягкая мебель,0,Estimation,2801886785,2012116796,17.01.2021 18:25:32
202106,ES + Home,Furniture,Компьютерная и офисная мебель,0,Estimation,855757590,1066582753,18.01.2021 14:15:16
202106,ES + Home,Furniture,Компьютерная и офисная мебель,0,Estimation,2626036986,2948180351,17.01.2021 18:25:32
202106,ES + Home,Household,Интерьер и декор,0,Estimation,3389117027,4152759044,17.02.2021 18:25:32
202106,ES + Home,Household,Принадлежности для Нового года,1,Estimation,711703707,3519191911,18.02.2021 14:45:14
202106,ES + Home,Household,Аксессуары для уборки и стирки,1,Estimation,2260920438,378255258,18.02.2021 14:45:14
202106,ES + Home,Household,Домашний текстиль,0,Estimation,2685977642,3489464189,17.02.2021 18:25:32
202106,ES + Home,Household,Кухня,0,Estimation,828055314,3627841567,18.02.2021 14:45:14
202106,ES + Home,Household,Хранение,0,Estimation,1742075891,3103330705,17.02.2021 18:25:32
202106,ES + Home,Household,Аксессуары для уборки и стирки,0,Estimation,979118588,2949438802,18.02.2021 14:45:14
202106,ES + Home,Household,Ритуальные изделия,0,Estimation,4188168834,3562426746,18.02.2021 14:45:14
202106,ES + Home,Household,Кухня,1,Estimation,2259941474,2065393078,18.02.2021 14:45:14
202106,ES + Home,Household,Ванная комната,0,Estimation,472722564,3591491239,18.02.2021 14:45:14
202106,ES + Home,Household,Принадлежности для Нового года,0,Estimation,2508727695,1129095324,18.02.2021 14:45:14
202106,ES + Home,Household,Антиквариат Хоум Декор,0,Estimation,1625780569,1500267799,18.02.2021 14:45:14
202106,ES + Home,Household,Интерьер и декор,0,Estimation,1907012364,2880942430,18.02.2021 14:45:14
202106,ES + Home,Household,Интерьер и декор,1,Estimation,2077522269,3173218067,18.02.2021 14:45:14
202106,ES + Home,Household,Принадлежности для Нового года,0,Estimation,592498444,472478884,17.02.2021 18:25:32
202106,ES + Home,Household,Антиквариат Хоум Декор,0,Estimation,281976919,4214956633,17.02.2021 18:25:32
202106,ES + Home,Household,Ванная комната,0,Estimation,3262121888,2687579429,17.02.2021 18:25:32
202106,ES + Home,Household,Домашний текстиль,1,Estimation,4002403171,4040361392,18.02.2021 14:45:14
202106,ES + Home,Household,Домашний текстиль,0,Estimation,407019669,3010608211,18.02.2021 14:45:14
202106,ES + Home,Household,Кухня,0,Estimation,2599956678,407066622,17.02.2021 18:25:32
202106,ES + Home,Household,Принадлежности для Нового года,1,Estimation,396623816,2553667572,17.02.2021 18:25:32
202106,ES + Home,Household,Аксессуары для уборки и стирки,0,Estimation,3422084362,401159109,17.02.2021 18:25:32
202106,ES + Home,Household,Ритуальные изделия,0,Estimation,3806860208,2531035035,17.02.2021 18:25:32
202106,ES + Home,Household,Хранение,0,Estimation,1591736912,4190786545,18.02.2021 14:45:14
202106,ES + Home,Household,Аксессуары для уборки и стирки,1,Estimation,497959616,3048774525,18.01.2021 14:45:14
202106,ES + Home,Household,Кухня,0,Estimation,3704764090,638934679,18.01.2021 14:45:14
202106,ES + Home,Household,Принадлежности для Нового года,1,Estimation,3522188212,18804470,18.01.2021 14:45:14
202106,ES + Home,Household,Аксессуары для уборки и стирки,0,Estimation,1395042686,2441623634,18.01.2021 14:45:14
202106,ES + Home,Household,Ритуальные изделия,0,Estimation,3910244586,1141312627,18.01.2021 14:45:14
202106,ES + Home,Household,Интерьер и декор,0,Estimation,634562818,782646729,18.01.2021 14:45:14
202106,ES + Home,Household,Интерьер и декор,0,Estimation,1940631475,1340982736,17.01.2021 18:25:32
202106,ES + Home,Household,Хранение,0,Estimation,2258309882,3773782272,17.01.2021 18:25:32
202106,ES + Home,Household,Кухня,1,Estimation,1533298920,161411924,18.01.2021 14:45:14
202106,ES + Home,Household,Принадлежности для Нового года,0,Estimation,805232242,3497056137,18.01.2021 14:45:14
202106,ES + Home,Household,Антиквариат Хоум Декор,0,Estimation,1757613553,2170521590,18.01.2021 14:45:14
202106,ES + Home,Household,Ванная комната,0,Estimation,2968125316,4154635537,18.01.2021 14:45:14
202106,ES + Home,Household,Домашний текстиль,0,Estimation,1500842707,546088799,17.01.2021 18:25:32
202106,ES + Home,Household,Ритуальные изделия,0,Estimation,2370137314,3778294594,17.01.2021 18:25:32
202106,ES + Home,Household,Аксессуары для уборки и стирки,0,Estimation,196391374,2577564862,17.01.2021 18:25:32
202106,ES + Home,Household,Кухня,0,Estimation,2903016404,1633970195,17.01.2021 18:25:32
202106,ES + Home,Household,Домашний текстиль,1,Estimation,3267818862,3572673863,18.01.2021 14:45:14
202106,ES + Home,Household,Принадлежности для Нового года,1,Estimation,3606069646,4093718286,17.01.2021 18:25:32
202106,ES + Home,Household,Интерьер и декор,1,Estimation,2954844070,447027668,18.01.2021 14:45:14
202106,ES + Home,Household,Антиквариат Хоум Декор,0,Estimation,1589833886,3858383734,17.01.2021 18:25:32
202106,ES + Home,Household,Принадлежности для Нового года,0,Estimation,4009865167,1453301342,17.01.2021 18:25:32
202106,ES + Home,Household,Домашний текстиль,0,Estimation,1017022074,1761524522,18.01.2021 14:45:14
202106,ES + Home,Household,Ванная комната,0,Estimation,3969758314,715900510,17.01.2021 18:25:32
202106,ES + Home,Household,Хранение,0,Estimation,3029076692,1365879981,18.01.2021 14:45:14
202106,ES + Home,Laptops & Computers,Расходный материал для электроники Lap&Comp,1,Estimation,2372263878,2187587078,17.02.2021 13:05:08
202106,ES + Home,Laptops & Computers,Компьютеры Lap&Comp,0,Estimation,2630155961,547151212,17.02.2021 13:05:08
202106,ES + Home,Laptops & Computers,Компьютерная периферия Lap&Comp,0,Estimation,3028366406,2306652246,17.02.2021 13:05:08
202106,ES + Home,Laptops & Computers,Домашняя Аудио и Видеотехника Lap&Comp,0,Estimation,472172205,2333323463,17.02.2021 13:05:08
202106,ES + Home,Laptops & Computers,Компьютеры Lap&Comp,1,Estimation,2513737823,1240981796,17.02.2021 13:05:08
202106,ES + Home,Laptops & Computers,Расходный материал для электроники Lap&Comp,0,Estimation,3911220933,3313823727,17.02.2021 13:05:08
202106,ES + Home,Laptops & Computers,Компьютерная периферия Lap&Comp,1,Estimation,36810654,398837599,17.02.2021 13:05:08
202106,ES + Home,Laptops & Computers,Компьютерная офисная техника Lap&Comp,0,Estimation,3316217929,3719714109,17.02.2021 13:05:08
202106,ES + Home,Laptops & Computers,Компьютерная периферия Lap&Comp,1,Estimation,2267268576,1136314609,17.01.2021 13:05:08
202106,ES + Home,Laptops & Computers,Компьютеры Lap&Comp,0,Estimation,747690889,2494207553,17.01.2021 13:05:08
202106,ES + Home,Laptops & Computers,Компьютеры Lap&Comp,1,Estimation,2759012286,3943445179,17.01.2021 13:05:08
202106,ES + Home,Laptops & Computers,Компьютерная офисная техника Lap&Comp,0,Estimation,3859253472,3478536617,17.01.2021 13:05:08
202106,ES + Home,Laptops & Computers,Расходный материал для электроники Lap&Comp,1,Estimation,2301779834,3633532114,17.01.2021 13:05:08
202106,ES + Home,Laptops & Computers,Компьютерная периферия Lap&Comp,0,Estimation,3376475135,1965610565,17.01.2021 13:05:08
202106,ES + Home,Laptops & Computers,Расходный материал для электроники Lap&Comp,0,Estimation,4047495720,717868855,17.01.2021 13:05:08
202106,ES + Home,Laptops & Computers,Домашняя Аудио и Видеотехника Lap&Comp,0,Estimation,4250678017,2622507365,17.01.2021 13:05:08
202106,ES + Home,Major Domestic Appliances,Крупная бытовая техника MDA,0,Estimation,4147724020,2345384796,16.02.2021 17:46:45
202106,ES + Home,Major Domestic Appliances,Крупная бытовая техника MDA,0,Estimation,436250926,2604873537,16.01.2021 17:46:45
202106,ES + Home,Miscellaneous accessories,Игровые приставки и аксессуары Access,1,Estimation,1017039593,2554634071,17.02.2021 18:25:32
202106,ES + Home,Miscellaneous accessories,Игровые приставки и аксессуары Access,0,Estimation,4106552856,2293951494,17.02.2021 18:25:32
202106,ES + Home,Miscellaneous accessories,Компьютерная периферия Access,0,Estimation,1330284862,814963976,17.02.2021 18:25:32
202106,ES + Home,Miscellaneous accessories,Бытовая техника Access,0,Estimation,2988781014,1778264399,17.02.2021 18:25:32
202106,ES + Home,Miscellaneous accessories,Бытовая техника Access,1,Estimation,3881214209,711782597,17.02.2021 18:25:32
202106,ES + Home,Miscellaneous accessories,Домашняя Аудио и Видеотехника Access,1,Estimation,2805961124,2020699526,17.02.2021 18:25:32
202106,ES + Home,Miscellaneous accessories,Компьютеры Access,1,Estimation,973237684,3773286292,17.02.2021 18:25:32
202106,ES + Home,Miscellaneous accessories,Компьютеры Access,0,Estimation,380116225,2490274531,17.02.2021 18:25:32
202106,ES + Home,Miscellaneous accessories,Компьютерная периферия Access,1,Estimation,4180772066,2720003658,17.02.2021 18:25:32
202106,ES + Home,Miscellaneous accessories,Фото и видео Access,1,Estimation,157515130,2061158857,17.02.2021 18:25:32
202106,ES + Home,Miscellaneous accessories,Расходный материал для электроники Access,1,Estimation,122144933,3373869692,17.02.2021 18:25:32
202106,ES + Home,Miscellaneous accessories,Электропитание Access,0,Estimation,1025974683,1442505400,17.02.2021 18:25:32
202106,ES + Home,Miscellaneous accessories,Средства связи Access,1,Estimation,1224832581,1025261377,17.02.2021 18:25:32
202106,ES + Home,Miscellaneous accessories,Автомобильная техника Access,0,Estimation,3538767858,3359341856,17.02.2021 18:25:32
202106,ES + Home,Miscellaneous accessories,Электропитание Access,1,Estimation,1311000019,808700315,17.02.2021 18:25:32
202106,ES + Home,Miscellaneous accessories,Электронные товары хобби и отдых Access,0,Estimation,4017624524,3447174901,17.02.2021 18:25:32
202106,ES + Home,Miscellaneous accessories,Домашняя Аудио и Видеотехника Access,0,Estimation,1261467521,2250534991,17.02.2021 18:25:32
202106,ES + Home,Miscellaneous accessories,Расходный материал для электроники Access,0,Estimation,1555881570,1418283604,17.02.2021 18:25:32
202106,ES + Home,Miscellaneous accessories,Средства связи Access,0,Estimation,2879421812,2369221204,17.02.2021 18:25:32
202106,ES + Home,Miscellaneous accessories,Оборудование Access,0,Estimation,3709786432,3481074438,17.02.2021 18:25:32
202106,ES + Home,Miscellaneous accessories,Фото и видео Access,0,Estimation,2051889403,1792439466,17.02.2021 18:25:32
202106,ES + Home,Miscellaneous accessories,Компьютерная периферия Access,1,Estimation,20352814,2031016071,17.01.2021 18:25:32
202106,ES + Home,Miscellaneous accessories,Компьютеры Access,0,Estimation,272391695,1061302965,17.01.2021 18:25:32
202106,ES + Home,Miscellaneous accessories,Оборудование Access,0,Estimation,3055239897,4269669442,17.01.2021 18:25:32
202106,ES + Home,Miscellaneous accessories,Бытовая техника Access,1,Estimation,2768239149,3120257209,17.01.2021 18:25:32
202106,ES + Home,Miscellaneous accessories,Компьютеры Access,1,Estimation,3585739088,2655633312,17.01.2021 18:25:32
202106,ES + Home,Miscellaneous accessories,Игровые приставки и аксессуары Access,0,Estimation,4183719578,4239714114,17.01.2021 18:25:32
202106,ES + Home,Miscellaneous accessories,Бытовая техника Access,0,Estimation,1069517029,98099072,17.01.2021 18:25:32
202106,ES + Home,Miscellaneous accessories,Компьютерная периферия Access,0,Estimation,1922434550,507929465,17.01.2021 18:25:32
202106,ES + Home,Miscellaneous accessories,Игровые приставки и аксессуары Access,1,Estimation,443647660,4160838162,17.01.2021 18:25:32
202106,ES + Home,Miscellaneous accessories,Домашняя Аудио и Видеотехника Access,1,Estimation,1685090240,1904247987,17.01.2021 18:25:32
202106,ES + Home,Miscellaneous accessories,Домашняя Аудио и Видеотехника Access,0,Estimation,2174235698,2991548736,17.01.2021 18:25:32
202106,ES + Home,Miscellaneous accessories,Фото и видео Access,0,Estimation,1272048032,2233857886,17.01.2021 18:25:32
202106,ES + Home,Miscellaneous accessories,Средства связи Access,0,Estimation,4051849695,2045286303,17.01.2021 18:25:32
202106,ES + Home,Miscellaneous accessories,Электронные товары хобби и отдых Access,0,Estimation,4278913976,2173488977,17.01.2021 18:25:32
202106,ES + Home,Miscellaneous accessories,Электропитание Access,1,Estimation,4072656835,3369059156,17.01.2021 18:25:32
202106,ES + Home,Miscellaneous accessories,Фото и видео Access,1,Estimation,2894148823,1383167608,17.01.2021 18:25:32
202106,ES + Home,Miscellaneous accessories,Расходный материал для электроники Access,0,Estimation,4162197433,2450521677,17.01.2021 18:25:32
202106,ES + Home,Miscellaneous accessories,Автомобильная техника Access,0,Estimation,2115077907,1241623768,17.01.2021 18:25:32
202106,ES + Home,Miscellaneous accessories,Средства связи Access,1,Estimation,1165668490,1169094959,17.01.2021 18:25:32
202106,ES + Home,Miscellaneous accessories,Электропитание Access,0,Estimation,1583044075,2320014894,17.01.2021 18:25:32
202106,ES + Home,Miscellaneous accessories,Расходный материал для электроники Access,1,Estimation,1956493374,1075412944,17.01.2021 18:25:32
202106,ES + Home,Small Domestic Appliances,Оборудование SDA,0,Estimation,3862136325,1282665807,18.02.2021 14:45:14
202106,ES + Home,Small Domestic Appliances,Мелкая бытовая техника SDA,1,Estimation,1869143790,4139800448,18.02.2021 14:45:14
202106,ES + Home,Small Domestic Appliances,Мелкая бытовая техника SDA,0,Estimation,1853227939,2667644957,18.02.2021 14:45:14
202106,ES + Home,Small Domestic Appliances,Оборудование SDA,0,Estimation,763800394,1265818821,17.02.2021 18:25:32
202106,ES + Home,Small Domestic Appliances,Мелкая бытовая техника SDA,0,Estimation,2202644332,765884084,17.02.2021 18:25:32
202106,ES + Home,Small Domestic Appliances,Оборудование SDA,0,Estimation,3384327687,1159680427,18.01.2021 14:45:14
202106,ES + Home,Small Domestic Appliances,Мелкая бытовая техника SDA,1,Estimation,582074386,4117941943,18.01.2021 14:45:14
202106,ES + Home,Small Domestic Appliances,Оборудование SDA,0,Estimation,5628719,992717549,17.01.2021 18:25:32
202106,ES + Home,Small Domestic Appliances,Мелкая бытовая техника SDA,0,Estimation,2675262896,1114059245,18.01.2021 14:45:14
202106,ES + Home,Small Domestic Appliances,Мелкая бытовая техника SDA,0,Estimation,994269751,2858089073,17.01.2021 18:25:32
202106,ES + Home,Smartphones & Tablets,Компьютеры Smart&Tablets,1,Estimation,3406432277,1049779191,16.02.2021 18:29:35
202106,ES + Home,Smartphones & Tablets,Средства связи Smart&Tablets,0,Estimation,1358826460,143733439,16.02.2021 18:10:45
202106,ES + Home,Smartphones & Tablets,Средства связи Smart&Tablets,1,Estimation,2164524433,3706812826,16.02.2021 18:29:35
202106,ES + Home,Smartphones & Tablets,Компьютеры Smart&Tablets,0,Estimation,3974725214,3465264127,16.02.2021 18:10:45
202106,ES + Home,Smartphones & Tablets,Компьютеры Smart&Tablets,1,Estimation,953292857,1217643732,16.01.2021 18:29:35
202106,ES + Home,Smartphones & Tablets,Компьютеры Smart&Tablets,0,Estimation,3666564241,1619159677,16.01.2021 18:10:45
202106,ES + Home,Smartphones & Tablets,Средства связи Smart&Tablets,1,Estimation,2720247606,1847521311,16.01.2021 18:29:35
202106,ES + Home,Smartphones & Tablets,Средства связи Smart&Tablets,0,Estimation,1918498286,3905108124,16.01.2021 18:10:45
202106,ES + Home,Sport,Летние виды спорта,0,Estimation,1999606660,1925612061,17.02.2021 18:25:32
202106,ES + Home,Sport,Цирковое искусство,0,Estimation,827844916,3769447536,17.02.2021 18:25:32
202106,ES + Home,Sport,Спортивные аксессуары,1,Estimation,2643852584,3526134465,17.02.2021 18:25:32
202106,ES + Home,Sport,Товары для рыбалки,0,Estimation,706962423,3377514157,17.02.2021 18:25:32
202106,ES + Home,Sport,Зимние виды спорта,0,Estimation,2103439910,2305146877,17.02.2021 18:25:32
202106,ES + Home,Sport,Тренажеры и фитнес,1,Estimation,1747731739,3789623029,17.02.2021 18:25:32
202106,ES + Home,Sport,Страйкбол и пневматика,0,Estimation,2710738562,298507911,17.02.2021 18:25:32
202106,ES + Home,Sport,Спортивные аксессуары,0,Estimation,315213140,609280969,17.02.2021 18:25:32
202106,ES + Home,Sport,Всесезонные виды спорта,1,Estimation,908677692,1679894149,17.02.2021 18:25:32
202106,ES + Home,Sport,Товары для охоты,0,Estimation,1534610670,2273918981,17.02.2021 18:25:32
202106,ES + Home,Sport,Тренажеры и фитнес,0,Estimation,1412782697,3097546863,17.02.2021 18:25:32
202106,ES + Home,Sport,Единоборства,0,Estimation,464545865,2495101515,17.02.2021 18:25:32
202106,ES + Home,Sport,Всесезонные виды спорта,0,Estimation,1215788332,4166633185,17.02.2021 18:25:32
202106,ES + Home,Sport,Туризм,0,Estimation,2554839842,3575510988,17.02.2021 18:25:32
202106,ES + Home,Sport,Туризм,1,Estimation,4266957165,739470658,17.02.2021 18:25:32
202106,ES + Home,Sport,Зимние виды спорта,0,Estimation,1939829160,1286214217,17.01.2021 18:25:32
202106,ES + Home,Sport,Спортивные аксессуары,0,Estimation,527939743,3314252470,17.01.2021 18:25:32
202106,ES + Home,Sport,Товары для рыбалки,0,Estimation,3752021230,735352892,17.01.2021 18:25:32
202106,ES + Home,Sport,Летние виды спорта,0,Estimation,3347304440,3507002343,17.01.2021 18:25:32
202106,ES + Home,Sport,Спортивные аксессуары,1,Estimation,2759487319,2361029737,17.01.2021 18:25:32
202106,ES + Home,Sport,Тренажеры и фитнес,1,Estimation,4080332120,3857948188,17.01.2021 18:25:32
202106,ES + Home,Sport,Страйкбол и пневматика,0,Estimation,3369158082,3381562769,17.01.2021 18:25:32
202106,ES + Home,Sport,Туризм,1,Estimation,554254425,4073572441,17.01.2021 18:25:32
202106,ES + Home,Sport,Тренажеры и фитнес,0,Estimation,1420071536,2849522250,17.01.2021 18:25:32
202106,ES + Home,Sport,Туризм,0,Estimation,3928128587,3225088256,17.01.2021 18:25:32
202106,ES + Home,Sport,Единоборства,0,Estimation,2224647966,1669053843,17.01.2021 18:25:32
202106,ES + Home,Sport,Цирковое искусство,0,Estimation,2731069912,3864374318,17.01.2021 18:25:32
202106,ES + Home,Sport,Всесезонные виды спорта,0,Estimation,1468387410,4064534066,17.01.2021 18:25:32
202106,ES + Home,Sport,Товары для охоты,0,Estimation,3627519413,2894518079,17.01.2021 18:25:32
202106,ES + Home,Sport,Всесезонные виды спорта,1,Estimation,3449727086,4110206543,17.01.2021 18:25:32
202106,ES + Home,TV  audio  Hi-Fi & other electronics,Карты оплаты  страховки TV&Audio,0,Estimation,2102095050,4065108932,18.02.2021 14:45:14
202106,ES + Home,TV  audio  Hi-Fi & other electronics,Компьютеры TV&Audio,0,Estimation,392479195,1460503616,17.02.2021 13:01:51
202106,ES + Home,TV  audio  Hi-Fi & other electronics,Фан атрибутика TV&Audio,0,Estimation,1696984329,2642107143,18.02.2021 14:45:14
202106,ES + Home,TV  audio  Hi-Fi & other electronics,Электронные товары хобби и отдых TV&Audio,0,Estimation,4093350496,1942554472,18.02.2021 14:45:14
202106,ES + Home,TV  audio  Hi-Fi & other electronics,Компьютеры TV&Audio,0,Estimation,1644709615,3704938742,18.02.2021 14:45:14
202106,ES + Home,TV  audio  Hi-Fi & other electronics,Электронные товары хобби и отдых TV&Audio,0,Estimation,584547316,2245961174,17.02.2021 13:01:51
202106,ES + Home,TV  audio  Hi-Fi & other electronics,Програмное обеспечение TV&Audio,1,Estimation,2457710104,718990704,18.02.2021 14:45:14
202106,ES + Home,TV  audio  Hi-Fi & other electronics,Игровые приставки и аксессуары TV&Audio,0,Estimation,3872914166,3601638940,17.02.2021 13:01:51
202106,ES + Home,TV  audio  Hi-Fi & other electronics,Програмное обеспечение TV&Audio,0,Estimation,3380051185,2333375742,18.02.2021 14:45:14
202106,ES + Home,TV  audio  Hi-Fi & other electronics,Электронные товары хобби и отдых TV&Audio,1,Estimation,1636582377,2121497114,18.02.2021 14:45:14
202106,ES + Home,TV  audio  Hi-Fi & other electronics,Автомобильная техника TV&Audio,0,Estimation,3858054861,3323455462,18.02.2021 14:45:14
202106,ES + Home,TV  audio  Hi-Fi & other electronics,Компьютеры TV&Audio,1,Estimation,119150089,3943924243,18.02.2021 14:45:14
202106,ES + Home,TV  audio  Hi-Fi & other electronics,Фото и видео TV&Audio,1,Estimation,3338802350,3624777826,18.02.2021 14:45:14
202106,ES + Home,TV  audio  Hi-Fi & other electronics,Фан атрибутика TV&Audio,0,Estimation,2478333857,21813291,17.02.2021 13:01:51
202106,ES + Home,TV  audio  Hi-Fi & other electronics,Портативная аудиотехника TV&Audio,0,Estimation,3757526615,1695755248,17.02.2021 13:01:51
202106,ES + Home,TV  audio  Hi-Fi & other electronics,Система безопасности TV&Audio,0,Estimation,1319392250,2641437378,18.02.2021 14:45:14
202106,ES + Home,TV  audio  Hi-Fi & other electronics,Система безопасности TV&Audio,0,Estimation,3872612008,2082896531,17.02.2021 13:01:51
202106,ES + Home,TV  audio  Hi-Fi & other electronics,Портативная аудиотехника TV&Audio,0,Estimation,3503913016,3927351866,18.02.2021 14:45:14
202106,ES + Home,TV  audio  Hi-Fi & other electronics,Movie,0,Estimation,4198548673,2651803091,17.02.2021 13:01:51
202106,ES + Home,TV  audio  Hi-Fi & other electronics,Фото и видео TV&Audio,0,Estimation,3229115813,2307297523,18.02.2021 14:45:14
202106,ES + Home,TV  audio  Hi-Fi & other electronics,Програмное обеспечение TV&Audio,0,Estimation,3512702099,699138822,17.02.2021 13:01:51
202106,ES + Home,TV  audio  Hi-Fi & other electronics,Music,0,Estimation,3762972757,32103075,17.02.2021 13:01:51
202106,ES + Home,TV  audio  Hi-Fi & other electronics,Автомобильная техника TV&Audio,1,Estimation,702320168,1201763643,18.02.2021 14:45:14
202106,ES + Home,TV  audio  Hi-Fi & other electronics,Портативная аудиотехника TV&Audio,1,Estimation,505092731,3553755348,18.02.2021 14:45:14
202106,ES + Home,TV  audio  Hi-Fi & other electronics,Music,0,Estimation,3377771656,3614391283,18.02.2021 14:45:14
202106,ES + Home,TV  audio  Hi-Fi & other electronics,Фото и видео TV&Audio,0,Estimation,1902397689,1226406812,17.02.2021 13:01:51
202106,ES + Home,TV  audio  Hi-Fi & other electronics,Movie,0,Estimation,3104464585,107581454,18.02.2021 14:45:14
202106,ES + Home,TV  audio  Hi-Fi & other electronics,Система безопасности TV&Audio,1,Estimation,1086810504,2433499118,18.02.2021 14:45:14
202106,ES + Home,TV  audio  Hi-Fi & other electronics,Средства связи TV&Audio,0,Estimation,1427516133,3608741065,17.02.2021 13:01:51
202106,ES + Home,TV  audio  Hi-Fi & other electronics,Игровые приставки и аксессуары TV&Audio,0,Estimation,1031237002,1157777008,18.02.2021 14:45:14
202106,ES + Home,TV  audio  Hi-Fi & other electronics,Компьютерная периферия TV&Audio,0,Estimation,599669554,2327627684,18.02.2021 14:45:14
202106,ES + Home,TV  audio  Hi-Fi & other electronics,Автомобильная техника TV&Audio,0,Estimation,3320380832,640184325,17.02.2021 13:01:51
202106,ES + Home,TV  audio  Hi-Fi & other electronics,Средства связи TV&Audio,1,Estimation,832887304,680431996,18.02.2021 14:45:14
202106,ES + Home,TV  audio  Hi-Fi & other electronics,Домашняя Аудио и Видеотехника TV&Audio,1,Estimation,2594566110,2215982870,18.02.2021 14:45:14
202106,ES + Home,TV  audio  Hi-Fi & other electronics,Домашняя Аудио и Видеотехника TV&Audio,0,Estimation,564547524,3462020710,18.02.2021 14:45:14
202106,ES + Home,TV  audio  Hi-Fi & other electronics,Компьютерная периферия TV&Audio,0,Estimation,333702842,78215173,17.02.2021 13:01:51
202106,ES + Home,TV  audio  Hi-Fi & other electronics,Игровые приставки и аксессуары TV&Audio,1,Estimation,3458628426,1182501270,18.02.2021 14:45:14
202106,ES + Home,TV  audio  Hi-Fi & other electronics,Средства связи TV&Audio,0,Estimation,3321773485,2873283161,18.02.2021 14:45:14
202106,ES + Home,TV  audio  Hi-Fi & other electronics,Домашняя Аудио и Видеотехника TV&Audio,0,Estimation,191457581,3147670384,17.02.2021 13:01:51
202106,ES + Home,TV  audio  Hi-Fi & other electronics,Компьютеры TV&Audio,0,Estimation,2910197393,2387941929,18.01.2021 14:45:14
202106,ES + Home,TV  audio  Hi-Fi & other electronics,Компьютерная периферия TV&Audio,0,Estimation,13284900,1278928860,17.01.2021 13:01:51
202106,ES + Home,TV  audio  Hi-Fi & other electronics,Система безопасности TV&Audio,0,Estimation,2894766348,4019982618,17.01.2021 13:01:51
202106,ES + Home,TV  audio  Hi-Fi & other electronics,Игровые приставки и аксессуары TV&Audio,0,Estimation,2677645400,2687671984,17.01.2021 13:01:51
202106,ES + Home,TV  audio  Hi-Fi & other electronics,Компьютерная периферия TV&Audio,0,Estimation,815609348,2849665939,18.01.2021 14:45:14
202106,ES + Home,TV  audio  Hi-Fi & other electronics,Портативная аудиотехника TV&Audio,0,Estimation,1897848739,3103386635,17.01.2021 13:01:51
202106,ES + Home,TV  audio  Hi-Fi & other electronics,Электронные товары хобби и отдых TV&Audio,0,Estimation,569221483,1214242955,18.01.2021 14:45:14
202106,ES + Home,TV  audio  Hi-Fi & other electronics,Компьютеры TV&Audio,1,Estimation,1358689513,44732293,18.01.2021 14:45:14
202106,ES + Home,TV  audio  Hi-Fi & other electronics,Игровые приставки и аксессуары TV&Audio,1,Estimation,490375363,410998226,18.01.2021 14:45:14
202106,ES + Home,TV  audio  Hi-Fi & other electronics,Фото и видео TV&Audio,0,Estimation,3033771827,1147896169,17.01.2021 13:01:51
202106,ES + Home,TV  audio  Hi-Fi & other electronics,Фото и видео TV&Audio,1,Estimation,2944045954,1735072693,18.01.2021 14:45:14
202106,ES + Home,TV  audio  Hi-Fi & other electronics,Movie,0,Estimation,70201385,1009908803,17.01.2021 13:01:51
202106,ES + Home,TV  audio  Hi-Fi & other electronics,Music,0,Estimation,79577638,1680760395,17.01.2021 13:01:51
202106,ES + Home,TV  audio  Hi-Fi & other electronics,Электронные товары хобби и отдых TV&Audio,1,Estimation,2543787143,3019676050,18.01.2021 14:45:14
202106,ES + Home,TV  audio  Hi-Fi & other electronics,Средства связи TV&Audio,0,Estimation,1072657584,1856460979,17.01.2021 13:01:51
202106,ES + Home,TV  audio  Hi-Fi & other electronics,Портативная аудиотехника TV&Audio,0,Estimation,1599113878,2511925235,18.01.2021 14:45:14
202106,ES + Home,TV  audio  Hi-Fi & other electronics,Электронные товары хобби и отдых TV&Audio,0,Estimation,2504037448,3647535367,17.01.2021 13:01:51
202106,ES + Home,TV  audio  Hi-Fi & other electronics,Средства связи TV&Audio,0,Estimation,2391857302,1782807612,18.01.2021 14:45:14
202106,ES + Home,TV  audio  Hi-Fi & other electronics,Система безопасности TV&Audio,0,Estimation,4160695207,2631557618,18.01.2021 14:45:14
202106,ES + Home,TV  audio  Hi-Fi & other electronics,Компьютеры TV&Audio,0,Estimation,4253908932,2112988364,17.01.2021 13:01:51
202106,ES + Home,TV  audio  Hi-Fi & other electronics,Игровые приставки и аксессуары TV&Audio,0,Estimation,3475033035,3400487888,18.01.2021 14:45:14
202106,ES + Home,TV  audio  Hi-Fi & other electronics,Music,0,Estimation,3236686171,2514976476,18.01.2021 14:45:14
202106,ES + Home,TV  audio  Hi-Fi & other electronics,Movie,0,Estimation,1401173860,1164702724,18.01.2021 14:45:14
202106,ES + Home,TV  audio  Hi-Fi & other electronics,Система безопасности TV&Audio,1,Estimation,3674652227,971436176,18.01.2021 14:45:14
202106,ES + Home,TV  audio  Hi-Fi & other electronics,Фото и видео TV&Audio,0,Estimation,947295111,4012554942,18.01.2021 14:45:14
202106,ES + Home,TV  audio  Hi-Fi & other electronics,Средства связи TV&Audio,1,Estimation,4263437683,1982371606,18.01.2021 14:45:14
202106,ES + Home,TV  audio  Hi-Fi & other electronics,Портативная аудиотехника TV&Audio,1,Estimation,3053563530,3184456584,18.01.2021 14:45:14
202106,ES + Home,TV  audio  Hi-Fi & other electronics,Програмное обеспечение TV&Audio,0,Estimation,3748118965,2978655755,17.01.2021 13:01:51
202106,ES + Home,TV  audio  Hi-Fi & other electronics,Автомобильная техника TV&Audio,0,Estimation,3586066730,760378493,17.01.2021 13:01:51
202106,ES + Home,TV  audio  Hi-Fi & other electronics,Програмное обеспечение TV&Audio,0,Estimation,188446765,1967619697,18.01.2021 14:45:14
202106,ES + Home,TV  audio  Hi-Fi & other electronics,Програмное обеспечение TV&Audio,1,Estimation,764788088,3253969959,18.01.2021 14:45:14
202106,ES + Home,TV  audio  Hi-Fi & other electronics,Домашняя Аудио и Видеотехника TV&Audio,0,Estimation,3144835405,4054126177,17.01.2021 13:01:51
202106,ES + Home,TV  audio  Hi-Fi & other electronics,Автомобильная техника TV&Audio,1,Estimation,493658354,1117447578,18.01.2021 14:45:14
202106,ES + Home,TV  audio  Hi-Fi & other electronics,Карты оплаты  страховки TV&Audio,0,Estimation,12058944,2778248252,18.01.2021 14:45:14
202106,ES + Home,TV  audio  Hi-Fi & other electronics,Фан атрибутика TV&Audio,0,Estimation,3171187953,1073723700,17.01.2021 13:01:51
202106,ES + Home,TV  audio  Hi-Fi & other electronics,Фан атрибутика TV&Audio,0,Estimation,1834611023,137394589,18.01.2021 14:45:14
202106,ES + Home,TV  audio  Hi-Fi & other electronics,Домашняя Аудио и Видеотехника TV&Audio,1,Estimation,3111277642,4284265587,18.01.2021 14:45:14
202106,ES + Home,TV  audio  Hi-Fi & other electronics,Автомобильная техника TV&Audio,0,Estimation,2407586312,1656634950,18.01.2021 14:45:14
202106,ES + Home,TV  audio  Hi-Fi & other electronics,Домашняя Аудио и Видеотехника TV&Audio,0,Estimation,885102319,360470517,18.01.2021 14:45:14
202106,FMCG,FMCG nonfood,Бритвы и лезвия,1,Estimation,2359284938,1589022546,26.02.2021 01:04:22
202106,FMCG,FMCG nonfood,Уход и гигиена,0,Estimation,1538690324,3317534729,26.02.2021 01:05:34
202106,FMCG,FMCG nonfood,Личная гигиена,0,Estimation,3152486073,2164508465,26.02.2021 00:57:31
202106,FMCG,FMCG nonfood,Детская продукция,0,Estimation,2570995367,1701338486,26.02.2021 00:57:31
202106,FMCG,FMCG nonfood,Уход и гигиена,0,Estimation,1914732725,3026118690,26.02.2021 01:35:54
202106,FMCG,FMCG nonfood,Кормление детское,0,Estimation,330931797,818093235,26.02.2021 00:57:31
202106,FMCG,FMCG nonfood,Бытовая химия,0,Estimation,2620417324,2932536877,26.02.2021 01:35:54
202106,FMCG,FMCG nonfood,Электроника детская,0,Estimation,786868733,1233891595,26.02.2021 00:57:31
202106,FMCG,FMCG nonfood,Электроника детская,1,Estimation,2871096593,1517404004,26.02.2021 01:04:22
202106,FMCG,FMCG nonfood,Детская продукция,0,Estimation,74472570,1679667423,26.02.2021 01:35:54
202106,FMCG,FMCG nonfood,Бытовая химия,0,Estimation,391916030,3305425313,26.02.2021 00:57:31
202106,FMCG,FMCG nonfood,Кормление детское,0,Estimation,1705881414,3341314816,26.02.2021 01:35:54
202106,FMCG,FMCG nonfood,Личная гигиена,1,Estimation,2050804641,604334934,26.02.2021 01:04:22
202106,FMCG,FMCG nonfood,Бритвы и лезвия,0,Estimation,3377457701,2098038375,26.02.2021 00:57:31
202106,FMCG,FMCG nonfood,Бытовая химия,1,Estimation,1392497870,132480214,26.02.2021 01:04:22
202106,FMCG,FMCG nonfood,Детская продукция,0,Estimation,3107671254,1163128633,26.02.2021 01:05:34
202106,FMCG,FMCG nonfood,Уход и гигиена,1,Estimation,2597180925,2931808290,26.02.2021 01:04:22
202106,FMCG,FMCG nonfood,Уход и гигиена,0,Estimation,1857711961,3461365716,26.02.2021 00:57:31
202106,FMCG,FMCG nonfood,Личная гигиена,0,Estimation,2240857352,3239236512,26.02.2021 01:05:34
202106,FMCG,FMCG nonfood,Кормление детское,0,Estimation,3961877968,3713177283,26.02.2021 01:05:34
202106,FMCG,FMCG nonfood,Личная гигиена,0,Estimation,2889676157,2612965771,26.02.2021 01:35:54
202106,FMCG,FMCG nonfood,Электроника детская,0,Estimation,3982047679,3521018037,26.02.2021 01:05:34
202106,FMCG,FMCG nonfood,Бытовая химия,0,Estimation,1259860375,4101429720,26.02.2021 01:05:34
202106,FMCG,FMCG nonfood,Электроника детская,0,Estimation,702304516,3843401870,26.02.2021 01:35:54
202106,FMCG,FMCG nonfood,Кормление детское,1,Estimation,4054742673,1174991329,26.02.2021 01:04:22
202106,FMCG,FMCG nonfood,Детская продукция,1,Estimation,3777650729,1286113293,26.02.2021 01:04:22
202106,FMCG,FMCG nonfood,Бритвы и лезвия,0,Estimation,718846055,867960622,26.02.2021 01:35:54
202106,FMCG,FMCG nonfood,Бритвы и лезвия,0,Estimation,3229809197,4091870074,26.02.2021 01:05:34
202106,FMCG,FMCG nonfood,Детская продукция,0,Estimation,327681637,2512790034,26.01.2021 01:35:54
202106,FMCG,FMCG nonfood,Бритвы и лезвия,0,Estimation,2501284462,834437610,26.01.2021 00:57:31
202106,FMCG,FMCG nonfood,Бытовая химия,1,Estimation,2707242669,1399404796,26.01.2021 01:04:22
202106,FMCG,FMCG nonfood,Кормление детское,0,Estimation,3327872110,2967559769,26.01.2021 01:35:54
202106,FMCG,FMCG nonfood,Бритвы и лезвия,0,Estimation,1067458819,885314635,26.01.2021 01:35:54
202106,FMCG,FMCG nonfood,Электроника детская,0,Estimation,4176573535,2087666012,26.01.2021 00:57:31
202106,FMCG,FMCG nonfood,Личная гигиена,0,Estimation,3071452188,28083482,26.01.2021 01:05:34
202106,FMCG,FMCG nonfood,Электроника детская,0,Estimation,2908845312,3968038413,26.01.2021 01:35:54
202106,FMCG,FMCG nonfood,Бритвы и лезвия,1,Estimation,560436744,4197632375,26.01.2021 01:04:22
202106,FMCG,FMCG nonfood,Личная гигиена,0,Estimation,675848964,4130600007,26.01.2021 00:57:31
202106,FMCG,FMCG nonfood,Электроника детская,0,Estimation,3778441035,2144132706,26.01.2021 01:05:34
202106,FMCG,FMCG nonfood,Личная гигиена,0,Estimation,3436504013,3941872149,26.01.2021 01:35:54
202106,FMCG,FMCG nonfood,Личная гигиена,1,Estimation,4160955528,2044285505,26.01.2021 01:04:22
202106,FMCG,FMCG nonfood,Детская продукция,1,Estimation,780978982,1868992613,26.01.2021 01:04:22
202106,FMCG,FMCG nonfood,Бритвы и лезвия,0,Estimation,1316765115,3287588052,26.01.2021 01:05:34
202106,FMCG,FMCG nonfood,Кормление детское,1,Estimation,1441298181,670710884,26.01.2021 01:04:22
202106,FMCG,FMCG nonfood,Электроника детская,1,Estimation,1675464468,686050900,26.01.2021 01:04:22
202106,FMCG,FMCG nonfood,Бытовая химия,0,Estimation,2101043154,3713605583,26.01.2021 01:35:54
202106,FMCG,FMCG nonfood,Кормление детское,0,Estimation,1774256820,1481240596,26.01.2021 01:05:34
202106,FMCG,FMCG nonfood,Детская продукция,0,Estimation,1671456609,376812232,26.01.2021 01:05:34
202106,FMCG,FMCG nonfood,Бытовая химия,0,Estimation,3880841819,1737739433,26.01.2021 00:57:31
202106,FMCG,FMCG nonfood,Уход и гигиена,1,Estimation,2865058695,2953796689,26.01.2021 01:04:22
202106,FMCG,FMCG nonfood,Уход и гигиена,0,Estimation,2845894213,3649352058,26.01.2021 01:05:34
202106,FMCG,FMCG nonfood,Уход и гигиена,0,Estimation,741876669,2026820540,26.01.2021 01:35:54
202106,FMCG,FMCG nonfood,Уход и гигиена,0,Estimation,3960863189,2135653394,26.01.2021 00:57:31
202106,FMCG,FMCG nonfood,Бытовая химия,0,Estimation,1936200677,2567994660,26.01.2021 01:05:34
202106,FMCG,FMCG nonfood,Детская продукция,0,Estimation,792271978,1266528737,26.01.2021 00:57:31
202106,FMCG,FMCG nonfood,Кормление детское,0,Estimation,1074791420,596518224,26.01.2021 00:57:31
202106,FMCG,Food,Молекулярная кухня,0,Estimation,440684776,867334910,26.02.2021 01:35:54
202106,FMCG,Food,Детское питание,0,Estimation,345022039,584390588,26.02.2021 00:31:30
202106,FMCG,Food,Напитки,0,Estimation,3597495048,2132850045,26.02.2021 00:31:30
202106,FMCG,Food,Бакалея,0,Estimation,91736094,274553748,26.02.2021 01:35:54
202106,FMCG,Food,Молочная продукция стерилизованная,0,Estimation,2692177182,1170005411,26.02.2021 01:35:54
202106,FMCG,Food,Бакалея,0,Estimation,3207172985,44068087,26.02.2021 00:31:30
202106,FMCG,Food,Молочная продукция стерилизованная,0,Estimation,506815640,3115961687,26.02.2021 00:31:30
202106,FMCG,Food,Детское питание,0,Estimation,1094571692,794676798,26.02.2021 01:35:54
202106,FMCG,Food,Напитки,0,Estimation,989498190,2986921804,26.02.2021 01:35:54
202106,FMCG,Food,Кондитерские изделия,1,Estimation,2677141210,2705304462,26.02.2021 00:30:07
202106,FMCG,Food,Напитки,1,Estimation,1721281301,2248352167,26.02.2021 00:30:07
202106,FMCG,Food,Кондитерские изделия,0,Estimation,3821309281,3699997033,26.02.2021 00:31:30
202106,FMCG,Food,Молочная продукция стерилизованная,1,Estimation,3269066776,2672212686,26.02.2021 00:30:07
202106,FMCG,Food,Молекулярная кухня,0,Estimation,2297226374,2956537395,26.02.2021 00:23:17
202106,FMCG,Food,Кондитерские изделия,0,Estimation,3286714547,2230357347,26.02.2021 01:35:54
202106,FMCG,Food,Бакалея,0,Estimation,248187853,4058386359,26.02.2021 00:23:17
202106,FMCG,Food,Молочная продукция стерилизованная,0,Estimation,153174434,2967486888,26.02.2021 00:23:17
202106,FMCG,Food,Кондитерские изделия,0,Estimation,3514617339,2806968045,26.02.2021 00:23:17
202106,FMCG,Food,Бакалея,1,Estimation,344118138,3917588050,26.02.2021 00:30:07
202106,FMCG,Food,Детское питание,1,Estimation,2755649906,3535492979,26.02.2021 00:30:07
202106,FMCG,Food,Детское питание,0,Estimation,157412553,4217577504,26.02.2021 00:23:17
202106,FMCG,Food,Напитки,0,Estimation,3788429498,1040324693,26.02.2021 00:23:17
202106,FMCG,Food,Кондитерские изделия,0,Estimation,78541505,640389886,26.01.2021 01:35:54
202106,FMCG,Food,Кондитерские изделия,0,Estimation,15729264,2977893491,26.01.2021 00:23:17
202106,FMCG,Food,Детское питание,0,Estimation,231967237,1611127063,26.01.2021 00:23:17
202106,FMCG,Food,Напитки,0,Estimation,3393401538,1858831477,26.01.2021 00:23:17
202106,FMCG,Food,Напитки,0,Estimation,782366225,2981229013,26.01.2021 01:35:54
202106,FMCG,Food,Детское питание,0,Estimation,3323681092,2666033201,26.01.2021 01:35:54
202106,FMCG,Food,Бакалея,0,Estimation,3246839523,2136277315,26.01.2021 00:31:30
202106,FMCG,Food,Бакалея,1,Estimation,2925486707,1286816490,26.01.2021 00:30:07
202106,FMCG,Food,Детское питание,1,Estimation,1545021400,699463577,26.01.2021 00:30:07
202106,FMCG,Food,Молочная продукция стерилизованная,0,Estimation,1118885505,3959933536,26.01.2021 00:31:30
202106,FMCG,Food,Кондитерские изделия,1,Estimation,945231362,2657606543,26.01.2021 00:30:07
202106,FMCG,Food,Бакалея,0,Estimation,2885483499,393512010,26.01.2021 00:23:17
202106,FMCG,Food,Молочная продукция стерилизованная,0,Estimation,2068433947,2579565664,26.01.2021 00:23:17
202106,FMCG,Food,Кондитерские изделия,0,Estimation,3688494077,2649511186,26.01.2021 00:31:30
202106,FMCG,Food,Молочная продукция стерилизованная,0,Estimation,1421394819,1492986310,26.01.2021 01:35:54
202106,FMCG,Food,Бакалея,0,Estimation,2833685601,4023830714,26.01.2021 01:35:54
202106,FMCG,Food,Молекулярная кухня,0,Estimation,2273939811,2289148810,26.01.2021 01:35:54
202106,FMCG,Food,Детское питание,0,Estimation,4252104856,131036672,26.01.2021 00:31:30
202106,FMCG,Food,Напитки,1,Estimation,1336448355,2846660929,26.01.2021 00:30:07
202106,FMCG,Food,Напитки,0,Estimation,2519351086,1940060866,26.01.2021 00:31:30
202106,FMCG,Food,Молочная продукция стерилизованная,1,Estimation,493089212,967118384,26.01.2021 00:30:07
202106,FMCG,Food,Молекулярная кухня,0,Estimation,492591461,1138597241,26.01.2021 00:23:17
202106,FMCG,FreshFood,Мясная гастрономия,1,Estimation,3668931411,2327243797,26.02.2021 00:30:36
202106,FMCG,FreshFood,Напитки Fresh,1,Estimation,3457163574,2023608946,26.02.2021 00:30:36
202106,FMCG,FreshFood,Мясо  птица,1,Estimation,2619094981,1348747238,26.02.2021 00:30:36
202106,FMCG,FreshFood,Замороженные продукты,1,Estimation,2289793021,3226616995,26.02.2021 00:30:36
202106,FMCG,FreshFood,Растительные аналоги Fresh,1,Estimation,932160455,1060571714,26.02.2021 00:30:36
202106,FMCG,FreshFood,Хлебобулочные изделия Fresh,1,Estimation,2499798041,701198613,26.02.2021 00:30:36
202106,FMCG,FreshFood,Рыба  морепродукты,1,Estimation,3579731677,1711425056,26.02.2021 00:30:36
202106,FMCG,FreshFood,Овощи  фрукты  зелень свежие,1,Estimation,608680467,1844429763,26.02.2021 00:30:36
202106,FMCG,FreshFood,Молочная продукция и яйца Fresh,1,Estimation,3631952632,3677205355,26.02.2021 00:30:36
202106,FMCG,FreshFood,Кулинария и полуфабрикаты Fresh,1,Estimation,876707527,4157726108,26.02.2021 00:30:36
202106,FMCG,FreshFood,Хлебобулочные изделия Fresh,1,Estimation,433577585,2900744641,26.01.2021 00:30:36
202106,FMCG,FreshFood,Растительные аналоги Fresh,1,Estimation,750140451,498292400,26.01.2021 00:30:36
202106,FMCG,FreshFood,Рыба  морепродукты,1,Estimation,2218951751,2126965062,26.01.2021 00:30:36
202106,FMCG,FreshFood,Замороженные продукты,1,Estimation,1664412447,2131676875,26.01.2021 00:30:36
202106,FMCG,FreshFood,Мясная гастрономия,1,Estimation,2169760088,3587077017,26.01.2021 00:30:36
202106,FMCG,FreshFood,Напитки Fresh,1,Estimation,1068338294,3752742201,26.01.2021 00:30:36
202106,FMCG,FreshFood,Молочная продукция и яйца Fresh,1,Estimation,3179642384,2180695533,26.01.2021 00:30:36
202106,FMCG,FreshFood,Кулинария и полуфабрикаты Fresh,1,Estimation,3603746459,4161596425,26.01.2021 00:30:36
202106,FMCG,FreshFood,Овощи  фрукты  зелень свежие,1,Estimation,764823670,1853313490,26.01.2021 00:30:36
202106,FMCG,FreshFood,Мясо  птица,1,Estimation,3911860127,972671161,26.01.2021 00:30:36
202106,FMCG,Moms&Kids,Товары для школы  канцелярия  оборудование,0,Estimation,192211601,3528936699,25.02.2021 14:13:39
202106,FMCG,Moms&Kids,Игрушки,0,Estimation,667934252,698734289,25.02.2021 14:13:39
202106,FMCG,Moms&Kids,Творчество  хобби и игры,0,Estimation,1719287955,2143296021,25.02.2021 14:13:39
202106,FMCG,Moms&Kids,КГТ и спорт для детей,0,Estimation,236468605,389339485,25.02.2021 14:13:39
202106,FMCG,Moms&Kids,КГТ и спорт для детей,0,Estimation,2748894098,3416287020,26.02.2021 01:35:54
202106,FMCG,Moms&Kids,Игрушки,0,Estimation,1116124182,2098347240,26.02.2021 01:35:54
202106,FMCG,Moms&Kids,Товары для школы  канцелярия  оборудование,0,Estimation,1360263745,303944962,26.02.2021 01:35:54
202106,FMCG,Moms&Kids,КГТ и спорт для детей,1,Estimation,1655490483,3619765668,25.02.2021 13:53:11
202106,FMCG,Moms&Kids,Игрушки,1,Estimation,3494169887,1529833244,25.02.2021 13:53:11
202106,FMCG,Moms&Kids,Товары для школы  канцелярия  оборудование,1,Estimation,455634293,4145172534,25.02.2021 13:53:11
202106,FMCG,Moms&Kids,Товары для школы  канцелярия  оборудование,0,Estimation,4134260561,2129786082,25.02.2021 13:53:11
202106,FMCG,Moms&Kids,Творчество  хобби и игры,0,Estimation,3279078944,907949830,25.02.2021 13:53:11
202106,FMCG,Moms&Kids,Игрушки,0,Estimation,380478405,133710623,25.02.2021 13:53:11
202106,FMCG,Moms&Kids,Творчество  хобби и игры,1,Estimation,3049965212,4026568317,25.02.2021 13:53:11
202106,FMCG,Moms&Kids,Творчество  хобби и игры,0,Estimation,2531251593,1551447853,26.02.2021 01:35:54
202106,FMCG,Moms&Kids,КГТ и спорт для детей,0,Estimation,1812572999,394965007,25.02.2021 13:53:11
202106,FMCG,Moms&Kids,Творчество  хобби и игры,0,Estimation,3465500296,958472435,25.01.2021 13:53:11
202106,FMCG,Moms&Kids,Творчество  хобби и игры,0,Estimation,2712797210,2763916454,25.01.2021 14:13:39
202106,FMCG,Moms&Kids,Творчество  хобби и игры,1,Estimation,2230897138,3828194609,25.01.2021 13:53:11
202106,FMCG,Moms&Kids,Товары для школы  канцелярия  оборудование,1,Estimation,1123222038,4161813813,25.01.2021 13:53:11
202106,FMCG,Moms&Kids,Игрушки,0,Estimation,2227795040,3181294396,26.01.2021 01:35:54
202106,FMCG,Moms&Kids,Товары для школы  канцелярия  оборудование,0,Estimation,820415801,2277645020,26.01.2021 01:35:54
202106,FMCG,Moms&Kids,Игрушки,1,Estimation,637437,2476523337,25.01.2021 13:53:11
202106,FMCG,Moms&Kids,КГТ и спорт для детей,0,Estimation,394194104,1382418744,26.01.2021 01:35:54
202106,FMCG,Moms&Kids,Творчество  хобби и игры,0,Estimation,193958159,77827270,26.01.2021 01:35:54
202106,FMCG,Moms&Kids,КГТ и спорт для детей,1,Estimation,2975848984,673089842,25.01.2021 13:53:11
202106,FMCG,Moms&Kids,Игрушки,0,Estimation,1706333286,2692675615,25.01.2021 14:13:39
202106,FMCG,Moms&Kids,КГТ и спорт для детей,0,Estimation,3217793511,3591806109,25.01.2021 13:53:11
202106,FMCG,Moms&Kids,Товары для школы  канцелярия  оборудование,0,Estimation,2427232329,1431731293,25.01.2021 14:13:39
202106,FMCG,Moms&Kids,Игрушки,0,Estimation,3860784146,3647678437,25.01.2021 13:53:11
202106,FMCG,Moms&Kids,КГТ и спорт для детей,0,Estimation,3760285390,2558250018,25.01.2021 14:13:39
202106,FMCG,Moms&Kids,Товары для школы  канцелярия  оборудование,0,Estimation,1921003098,4145881000,25.01.2021 13:53:11
202106,FMCG,Zoo,Гигиена и уход животных,0,Estimation,1231350104,313214755,26.02.2021 01:35:54
202106,FMCG,Zoo,Товары для прогулки и дрессировки животных,0,Estimation,1336860374,806732339,26.02.2021 00:56:14
202106,FMCG,Zoo,Спальное место животного,1,Estimation,3813459513,2055070304,26.02.2021 01:00:04
202106,FMCG,Zoo,Фермерское хозяйство - Содержание  уход птицы и сельскохозяйственных животных,0,Estimation,1187378164,3773990040,26.02.2021 00:56:14
202106,FMCG,Zoo,Спальное место животного,0,Estimation,1269803199,3276618842,26.02.2021 00:56:14
202106,FMCG,Zoo,Фермерское хозяйство - Корма и кормовые добавки для птицеводства и животноводства,0,Estimation,4115066489,2925279286,26.02.2021 00:56:14
202106,FMCG,Zoo,Гигиена и уход животных,0,Estimation,2581475865,1688628159,26.02.2021 01:02:02
202106,FMCG,Zoo,Фермерское хозяйство - Товары для пчеловодства,0,Estimation,2389178555,1821583239,26.02.2021 01:35:54
202106,FMCG,Zoo,Товары для прогулки и дрессировки животных,1,Estimation,3455654293,3338269222,26.02.2021 01:00:04
202106,FMCG,Zoo,Зоокорм  витамины,0,Estimation,3233277264,1415701130,26.02.2021 01:35:54
202106,FMCG,Zoo,Фермерское хозяйство - Оборудование для птицеводства и животноводства,0,Estimation,1935070697,898695935,26.02.2021 00:56:14
202106,FMCG,Zoo,Спальное место животного,0,Estimation,4076403500,2801879498,26.02.2021 01:02:02
202106,FMCG,Zoo,Фермерское хозяйство - Оборудование для птицеводства и животноводства,0,Estimation,1431740268,2331171428,26.02.2021 01:35:54
202106,FMCG,Zoo,Зоокорм  витамины,0,Estimation,1288269523,2521283845,26.02.2021 00:56:14
202106,FMCG,Zoo,Товары для прогулки и дрессировки животных,0,Estimation,2041460086,840988999,26.02.2021 01:02:02
202106,FMCG,Zoo,Фермерское хозяйство - Товары для пчеловодства,0,Estimation,688552422,3268763828,26.02.2021 00:56:14
202106,FMCG,Zoo,Зоокорм  витамины,0,Estimation,2020683500,871537269,26.02.2021 01:02:02
202106,FMCG,Zoo,Зоокорм  витамины,1,Estimation,58585879,1909538068,26.02.2021 01:00:04
202106,FMCG,Zoo,Фермерское хозяйство - Корма и кормовые добавки для птицеводства и животноводства,0,Estimation,1270933313,4019565852,26.02.2021 01:35:54
202106,FMCG,Zoo,Спальное место животного,0,Estimation,3177924244,661302045,26.02.2021 01:35:54
202106,FMCG,Zoo,Гигиена и уход животных,1,Estimation,2478048055,3684940102,26.02.2021 01:00:04
202106,FMCG,Zoo,Товары для прогулки и дрессировки животных,0,Estimation,1688073541,1893265932,26.02.2021 01:35:54
202106,FMCG,Zoo,Гигиена и уход животных,0,Estimation,596944512,867609388,26.02.2021 00:56:14
202106,FMCG,Zoo,Фермерское хозяйство - Содержание  уход птицы и сельскохозяйственных животных,0,Estimation,753298915,384377383,26.02.2021 01:35:54
202106,FMCG,Zoo,Товары для прогулки и дрессировки животных,0,Estimation,4064675028,987862797,26.01.2021 01:35:54
202106,FMCG,Zoo,Гигиена и уход животных,1,Estimation,861031224,2800641074,26.01.2021 01:00:04
202106,FMCG,Zoo,Фермерское хозяйство - Корма и кормовые добавки для птицеводства и животноводства,0,Estimation,4146200763,398604337,26.01.2021 01:35:54
202106,FMCG,Zoo,Спальное место животного,0,Estimation,2764810561,185872305,26.01.2021 01:35:54
202106,FMCG,Zoo,Зоокорм  витамины,1,Estimation,3698769219,3263128199,26.01.2021 01:00:04
202106,FMCG,Zoo,Гигиена и уход животных,0,Estimation,716150729,1438700699,26.01.2021 00:56:14
202106,FMCG,Zoo,Фермерское хозяйство - Содержание  уход птицы и сельскохозяйственных животных,0,Estimation,2282329557,797444328,26.01.2021 01:35:54
202106,FMCG,Zoo,Фермерское хозяйство - Товары для пчеловодства,0,Estimation,2205217180,3792367368,26.01.2021 00:56:14
202106,FMCG,Zoo,Гигиена и уход животных,0,Estimation,2886671952,150955001,26.01.2021 01:02:02
202106,FMCG,Zoo,Зоокорм  витамины,0,Estimation,4110530154,932802758,26.01.2021 00:56:14
202106,FMCG,Zoo,Товары для прогулки и дрессировки животных,0,Estimation,2811985873,3499839192,26.01.2021 01:02:02
202106,FMCG,Zoo,Товары для прогулки и дрессировки животных,1,Estimation,2883252766,3074083062,26.01.2021 01:00:04
202106,FMCG,Zoo,Спальное место животного,0,Estimation,897655518,3646660904,26.01.2021 01:02:02
202106,FMCG,Zoo,Фермерское хозяйство - Товары для пчеловодства,0,Estimation,894729383,4102075874,26.01.2021 01:35:54
202106,FMCG,Zoo,Зоокорм  витамины,0,Estimation,463254745,2208338333,26.01.2021 01:35:54
202106,FMCG,Zoo,Фермерское хозяйство - Оборудование для птицеводства и животноводства,0,Estimation,2710369959,3336906077,26.01.2021 01:35:54
202106,FMCG,Zoo,Товары для прогулки и дрессировки животных,0,Estimation,653122131,1624690609,26.01.2021 00:56:14
202106,FMCG,Zoo,Спальное место животного,1,Estimation,1875433251,3920083377,26.01.2021 01:00:04
202106,FMCG,Zoo,Гигиена и уход животных,0,Estimation,1393025560,4073606229,26.01.2021 01:35:54
202106,FMCG,Zoo,Фермерское хозяйство - Содержание  уход птицы и сельскохозяйственных животных,0,Estimation,1705261464,240999158,26.01.2021 00:56:14
202106,FMCG,Zoo,Фермерское хозяйство - Оборудование для птицеводства и животноводства,0,Estimation,2045458075,2391492430,26.01.2021 00:56:14
202106,FMCG,Zoo,Спальное место животного,0,Estimation,1059163022,2861717442,26.01.2021 00:56:14
202106,FMCG,Zoo,Зоокорм  витамины,0,Estimation,3370864732,2379703768,26.01.2021 01:02:02
202106,FMCG,Zoo,Фермерское хозяйство - Корма и кормовые добавки для птицеводства и животноводства,0,Estimation,3528415706,2773693533,26.01.2021 00:56:14
202107,Beauty,Apparel,Детская обувь,0,Estimation,3761439104,449793421,25.02.2021 10:58:00
202107,Beauty,Apparel,Взрослая одежда,0,Estimation,2915262593,600430235,25.02.2021 10:58:00
202107,Beauty,Apparel,Детская одежда,0,Estimation,2709557865,1368312591,25.02.2021 10:39:58
202107,Beauty,Apparel,Детская одежда,0,Estimation,2433094964,4093542566,25.02.2021 10:58:00
202107,Beauty,Apparel,Взрослая обувь,0,Estimation,507454576,2426370346,25.02.2021 10:58:00
202107,Beauty,Apparel,Взрослая обувь,0,Estimation,2689932284,2544007861,25.02.2021 10:39:58
202107,Beauty,Apparel,Аксессуары для взрослых и детей,1,Estimation,539104806,1017996255,24.02.2021 16:27:18
202107,Beauty,Apparel,Аксессуары для взрослых и детей,0,Estimation,2881503266,997146823,25.02.2021 10:39:58
202107,Beauty,Apparel,Детская обувь,0,Estimation,1148999437,106910015,25.02.2021 10:39:58
202107,Beauty,Apparel,Аксессуары для взрослых и детей,0,Estimation,3688709305,154505067,25.02.2021 10:58:00
202107,Beauty,Apparel,Взрослая одежда,0,Estimation,602498299,3301167189,25.02.2021 10:39:58
202107,Beauty,Apparel,Бижутерия и часы бижутерные,0,Estimation,3232165859,2135383246,25.02.2021 10:58:00
202107,Beauty,Apparel,Бижутерия и часы бижутерные,0,Estimation,3108346861,2741365008,25.02.2021 10:39:58
202107,Beauty,Apparel,Взрослая одежда,1,Estimation,3901056023,947214742,24.02.2021 16:27:18
202107,Beauty,Apparel,Детская одежда,0,Estimation,155118890,2148784606,25.01.2021 10:58:00
202107,Beauty,Apparel,Бижутерия и часы бижутерные,0,Estimation,1291465426,518858053,25.01.2021 10:39:58
202107,Beauty,Apparel,Взрослая одежда,1,Estimation,3909651870,2108284390,24.01.2021 16:27:18
202107,Beauty,Apparel,Взрослая одежда,0,Estimation,3205820172,2112301509,25.01.2021 10:58:00
202107,Beauty,Apparel,Аксессуары для взрослых и детей,0,Estimation,566924058,523605313,25.01.2021 10:58:00
202107,Beauty,Apparel,Детская обувь,0,Estimation,3050638780,3491153789,25.01.2021 10:58:00
202107,Beauty,Apparel,Взрослая обувь,0,Estimation,2691400853,577102111,25.01.2021 10:58:00
202107,Beauty,Apparel,Детская обувь,0,Estimation,69824749,3405297390,25.01.2021 10:39:58
202107,Beauty,Apparel,Взрослая одежда,0,Estimation,4134045891,3710867429,25.01.2021 10:39:58
202107,Beauty,Apparel,Аксессуары для взрослых и детей,1,Estimation,3745327742,3119966027,24.01.2021 16:27:18
202107,Beauty,Apparel,Аксессуары для взрослых и детей,0,Estimation,153203684,3225865216,25.01.2021 10:39:58
202107,Beauty,Apparel,Взрослая обувь,0,Estimation,2447102587,34684068,25.01.2021 10:39:58
202107,Beauty,Apparel,Детская одежда,0,Estimation,3268218274,3003601287,25.01.2021 10:39:58
202107,Beauty,Apparel,Бижутерия и часы бижутерные,0,Estimation,1843107659,3117311899,25.01.2021 10:58:00
202107,Beauty,Health&Beauty,Косметические средства для детей и беременных,0,Estimation,1374126101,2023065305,25.02.2021 20:57:25
202107,Beauty,Health&Beauty,Косметические аксессуары,0,Estimation,2159111706,1737393062,25.02.2021 20:57:25
202107,Beauty,Health&Beauty,Косметическая техника,1,Estimation,192176652,555440449,24.02.2021 17:44:13
202107,Beauty,Health&Beauty,Косметические средства для детей и беременных,1,Estimation,1496922228,1279766742,24.02.2021 17:44:13
202107,Beauty,Health&Beauty,Косметика для ухода за волосами,0,Estimation,187181803,1559555319,24.02.2021 11:02:28
202107,Beauty,Health&Beauty,Парфюмерия  ароматерапия,1,Estimation,3126940262,2207842696,24.02.2021 17:44:13
202107,Beauty,Health&Beauty,Декоративная косметика,1,Estimation,436141336,2899638699,24.02.2021 17:44:13
202107,Beauty,Health&Beauty,Косметика для ухода за кожей,0,Estimation,3938530369,408948544,25.02.2021 20:57:25
202107,Beauty,Health&Beauty,Косметика для ухода за волосами,1,Estimation,2375461848,355056857,24.02.2021 17:44:13
202107,Beauty,Health&Beauty,Косметическая техника,0,Estimation,2218708772,3101691728,24.02.2021 11:02:28
202107,Beauty,Health&Beauty,Уход и гигиена,0,Estimation,2753415786,1607315249,25.02.2021 20:57:25
202107,Beauty,Health&Beauty,Косметика для ухода за кожей,1,Estimation,323496671,3868758747,24.02.2021 17:44:13
202107,Beauty,Health&Beauty,Декоративная косметика,0,Estimation,663503635,1611387252,24.02.2021 11:02:28
202107,Beauty,Health&Beauty,Косметика для ухода за кожей,0,Estimation,693101746,2224089134,24.02.2021 11:02:28
202107,Beauty,Health&Beauty,Косметические аксессуары,1,Estimation,203791502,3718673300,24.02.2021 17:44:13
202107,Beauty,Health&Beauty,Парфюмерия  ароматерапия,0,Estimation,1731993122,3709484952,24.02.2021 11:02:28
202107,Beauty,Health&Beauty,Косметические аксессуары,0,Estimation,3747182994,1508062650,24.02.2021 11:02:28
202107,Beauty,Health&Beauty,Парфюмерия  ароматерапия,0,Estimation,2077127389,3123021256,25.02.2021 20:57:25
202107,Beauty,Health&Beauty,Косметика для ухода за волосами,0,Estimation,4074164084,182695687,25.02.2021 20:57:25
202107,Beauty,Health&Beauty,Косметическая техника,0,Estimation,104633882,609869067,25.02.2021 20:57:25
202107,Beauty,Health&Beauty,Косметические средства для детей и беременных,0,Estimation,3856739298,186283213,24.02.2021 11:02:28
202107,Beauty,Health&Beauty,Уход и гигиена,0,Estimation,1272515957,4262703920,24.02.2021 11:02:28
202107,Beauty,Health&Beauty,Уход и гигиена,1,Estimation,1061095653,2626144465,24.02.2021 17:44:13
202107,Beauty,Health&Beauty,Декоративная косметика,0,Estimation,3364286525,2571441289,25.02.2021 20:57:25
202107,Beauty,Health&Beauty,Косметическая техника,0,Estimation,1118286293,4175070545,25.01.2021 20:57:25
202107,Beauty,Health&Beauty,Парфюмерия  ароматерапия,1,Estimation,2311519254,249484456,24.01.2021 17:44:13
202107,Beauty,Health&Beauty,Уход и гигиена,0,Estimation,598938062,2660349595,24.01.2021 11:02:28
202107,Beauty,Health&Beauty,Косметика для ухода за кожей,0,Estimation,2346027146,505012006,25.01.2021 20:57:25
202107,Beauty,Health&Beauty,Декоративная косметика,0,Estimation,4146305523,41859854,25.01.2021 20:57:25
202107,Beauty,Health&Beauty,Косметические аксессуары,1,Estimation,3046185433,3438363821,24.01.2021 17:44:13
202107,Beauty,Health&Beauty,Косметические средства для детей и беременных,0,Estimation,3740637132,613481427,25.01.2021 20:57:25
202107,Beauty,Health&Beauty,Косметические средства для детей и беременных,0,Estimation,6810226,2948787682,24.01.2021 11:02:28
202107,Beauty,Health&Beauty,Косметические аксессуары,0,Estimation,1219592933,3212053451,24.01.2021 11:02:28
202107,Beauty,Health&Beauty,Уход и гигиена,1,Estimation,102029913,3486777600,24.01.2021 17:44:13
202107,Beauty,Health&Beauty,Косметика для ухода за волосами,0,Estimation,733587330,3917153996,25.01.2021 20:57:25
202107,Beauty,Health&Beauty,Косметические средства для детей и беременных,1,Estimation,1541803010,2255789570,24.01.2021 17:44:13
202107,Beauty,Health&Beauty,Косметика для ухода за кожей,0,Estimation,4067142166,327643136,24.01.2021 11:02:28
202107,Beauty,Health&Beauty,Декоративная косметика,1,Estimation,1397760443,1479710132,24.01.2021 17:44:13
202107,Beauty,Health&Beauty,Косметика для ухода за волосами,1,Estimation,2545233268,1610614833,24.01.2021 17:44:13
202107,Beauty,Health&Beauty,Декоративная косметика,0,Estimation,1337858636,2218777242,24.01.2021 11:02:28
202107,Beauty,Health&Beauty,Уход и гигиена,0,Estimation,2244545565,3937032970,25.01.2021 20:57:25
202107,Beauty,Health&Beauty,Косметическая техника,1,Estimation,3204196545,2954801139,24.01.2021 17:44:13
202107,Beauty,Health&Beauty,Косметика для ухода за кожей,1,Estimation,943073063,2383892039,24.01.2021 17:44:13
202107,Beauty,Health&Beauty,Косметическая техника,0,Estimation,1145574288,2465674163,24.01.2021 11:02:28
202107,Beauty,Health&Beauty,Парфюмерия  ароматерапия,0,Estimation,3169833169,535320834,24.01.2021 11:02:28
202107,Beauty,Health&Beauty,Косметика для ухода за волосами,0,Estimation,1790401523,2665611811,24.01.2021 11:02:28
202107,Beauty,Health&Beauty,Косметические аксессуары,0,Estimation,165134019,3419869996,25.01.2021 20:57:25
202107,Beauty,Health&Beauty,Парфюмерия  ароматерапия,0,Estimation,3139723618,175857546,25.01.2021 20:57:25
202107,Beauty,Jewelry,Ювелирные изделия,0,Estimation,1179573663,3065153455,25.02.2021 15:11:04
202107,Beauty,Jewelry,Ювелирные изделия,0,Estimation,333566467,3090827235,25.01.2021 15:11:04
202107,Beauty,Pharmacy,Лекарственные средства для животных,0,Estimation,211462079,3977235527,20.02.2021 18:23:40
202107,Beauty,Pharmacy,Медицинские изделия,0,Estimation,1023787862,2965227118,20.02.2021 18:23:40
202107,Beauty,Pharmacy,Оптика,1,Estimation,3473305857,1882469603,24.02.2021 23:38:51
202107,Beauty,Pharmacy,Медицинские изделия,1,Estimation,488220775,4223315655,24.02.2021 23:38:51
202107,Beauty,Pharmacy,Лекарственные средства,0,Estimation,2151534945,2512111662,20.02.2021 18:23:40
202107,Beauty,Pharmacy,Витамины и БАДы,1,Estimation,839468612,3377837255,24.02.2021 23:38:51
202107,Beauty,Pharmacy,Тату,0,Estimation,3519013232,282157084,20.02.2021 18:23:40
202107,Beauty,Pharmacy,Электронные сигареты  парители  кальяны,0,Estimation,4009364620,2621328509,20.02.2021 18:23:40
202107,Beauty,Pharmacy,Средства реабилитации,0,Estimation,508345676,2245949167,20.02.2021 18:23:40
202107,Beauty,Pharmacy,Ортопедия и компрессионный трикотаж,0,Estimation,144453320,2209121830,20.02.2021 18:23:40
202107,Beauty,Pharmacy,Витамины и БАДы,0,Estimation,3546420334,3009570593,20.02.2021 18:23:40
202107,Beauty,Pharmacy,Средства реабилитации,1,Estimation,1241933070,3786476791,24.02.2021 23:38:51
202107,Beauty,Pharmacy,Электронные сигареты  парители  кальяны,1,Estimation,3632885844,4122015128,24.02.2021 23:38:51
202107,Beauty,Pharmacy,Ортопедия и компрессионный трикотаж,1,Estimation,3603128260,1773592175,24.02.2021 23:38:51
202107,Beauty,Pharmacy,Оптика,0,Estimation,1505369532,531892046,20.02.2021 18:23:40
202107,Beauty,Pharmacy,Лекарственные средства,1,Estimation,535839101,1779886186,24.02.2021 23:38:51
202107,Beauty,Pharmacy,Парафармацевтика,0,Estimation,664340542,2975118024,20.02.2021 18:23:40
202107,Beauty,Pharmacy,Профессиональный уход за полостью рта,1,Estimation,1170564400,3950741988,24.02.2021 23:38:51
202107,Beauty,Pharmacy,Антибактериальные  дезинфицирующие средства,1,Estimation,3140007818,3846589192,24.02.2021 23:38:51
202107,Beauty,Pharmacy,Профессиональный уход за полостью рта,0,Estimation,1706752558,3314991635,20.02.2021 18:23:40
202107,Beauty,Pharmacy,Товары для взрослых,1,Estimation,2355097512,1178867300,24.02.2021 23:38:51
202107,Beauty,Pharmacy,Уход и гигиена,0,Estimation,1860231328,1350058070,20.02.2021 18:23:40
202107,Beauty,Pharmacy,Парафармацевтика,1,Estimation,3693335664,2010145372,24.02.2021 23:38:51
202107,Beauty,Pharmacy,Уход и гигиена,1,Estimation,2859114625,1097695107,24.02.2021 23:38:51
202107,Beauty,Pharmacy,Спортивное питание,1,Estimation,2366001825,4207467175,24.02.2021 23:38:51
202107,Beauty,Pharmacy,Антибактериальные  дезинфицирующие средства,0,Estimation,2389582311,3725702541,20.02.2021 18:23:40
202107,Beauty,Pharmacy,Медицинская техника,0,Estimation,1068527760,1860235140,20.02.2021 18:23:40
202107,Beauty,Pharmacy,Товары для взрослых,0,Estimation,2059983291,1864034353,20.02.2021 18:23:40
202107,Beauty,Pharmacy,Спортивное питание,0,Estimation,1109147555,2369844655,20.02.2021 18:23:40
202107,Beauty,Pharmacy,Медицинская техника,1,Estimation,2058718129,120612620,24.02.2021 23:38:51
202107,Beauty,Pharmacy,Витамины и БАДы,0,Estimation,2473438731,2150080107,20.01.2021 18:23:40
202107,Beauty,Pharmacy,Спортивное питание,0,Estimation,647792642,4013268075,20.01.2021 18:23:40
202107,Beauty,Pharmacy,Средства реабилитации,0,Estimation,4121500906,1795564132,20.01.2021 18:23:40
202107,Beauty,Pharmacy,Электронные сигареты  парители  кальяны,0,Estimation,173900114,948526398,20.01.2021 18:23:40
202107,Beauty,Pharmacy,Оптика,0,Estimation,545934907,2449486485,20.01.2021 18:23:40
202107,Beauty,Pharmacy,Антибактериальные  дезинфицирующие средства,0,Estimation,2767013934,3846775222,20.01.2021 18:23:40
202107,Beauty,Pharmacy,Антибактериальные  дезинфицирующие средства,1,Estimation,624893591,1739199969,24.01.2021 23:38:51
202107,Beauty,Pharmacy,Медицинские изделия,0,Estimation,980263562,2989826137,20.01.2021 18:23:40
202107,Beauty,Pharmacy,Медицинские изделия,1,Estimation,1703254459,3545121062,24.01.2021 23:38:51
202107,Beauty,Pharmacy,Витамины и БАДы,1,Estimation,1809573128,2430256725,24.01.2021 23:38:51
202107,Beauty,Pharmacy,Тату,0,Estimation,3835504928,4016919676,20.01.2021 18:23:40
202107,Beauty,Pharmacy,Спортивное питание,1,Estimation,819973413,4049877795,24.01.2021 23:38:51
202107,Beauty,Pharmacy,Оптика,1,Estimation,204845713,251985089,24.01.2021 23:38:51
202107,Beauty,Pharmacy,Медицинская техника,1,Estimation,122734000,492962280,24.01.2021 23:38:51
202107,Beauty,Pharmacy,Электронные сигареты  парители  кальяны,1,Estimation,421895111,299506319,24.01.2021 23:38:51
202107,Beauty,Pharmacy,Средства реабилитации,1,Estimation,1025145571,3357385011,24.01.2021 23:38:51
202107,Beauty,Pharmacy,Медицинская техника,0,Estimation,3691920496,2096377521,20.01.2021 18:23:40
202107,Beauty,Pharmacy,Уход и гигиена,1,Estimation,2369619809,3641038692,24.01.2021 23:38:51
202107,Beauty,Pharmacy,Товары для взрослых,0,Estimation,770457753,590565501,20.01.2021 18:23:40
202107,Beauty,Pharmacy,Лекарственные средства,1,Estimation,3929938432,2170967596,24.01.2021 23:38:51
202107,Beauty,Pharmacy,Уход и гигиена,0,Estimation,721915658,3608594330,20.01.2021 18:23:40
202107,Beauty,Pharmacy,Ортопедия и компрессионный трикотаж,1,Estimation,4029089729,3870732700,24.01.2021 23:38:51
202107,Beauty,Pharmacy,Парафармацевтика,1,Estimation,3391233762,230783612,24.01.2021 23:38:51
202107,Beauty,Pharmacy,Ортопедия и компрессионный трикотаж,0,Estimation,265322977,1435089955,20.01.2021 18:23:40
202107,Beauty,Pharmacy,Профессиональный уход за полостью рта,0,Estimation,2148449044,2842379282,20.01.2021 18:23:40
202107,Beauty,Pharmacy,Парафармацевтика,0,Estimation,501445635,3859731804,20.01.2021 18:23:40
202107,Beauty,Pharmacy,Товары для взрослых,1,Estimation,1821411399,3862494602,24.01.2021 23:38:51
202107,Beauty,Pharmacy,Лекарственные средства,0,Estimation,3786734766,2791750649,20.01.2021 18:23:40
202107,Beauty,Pharmacy,Лекарственные средства для животных,0,Estimation,659370014,814822835,20.01.2021 18:23:40
202107,Beauty,Pharmacy,Профессиональный уход за полостью рта,1,Estimation,3132806555,3385932286,24.01.2021 23:38:51
202107,ES + Home,Auto&Moto,Масла и автохимия,0,Estimation,1289848023,2833500068,18.02.2021 14:15:16
202107,ES + Home,Auto&Moto,Масла и автохимия,1,Estimation,3478689895,1880601090,18.02.2021 14:15:16
202107,ES + Home,Auto&Moto,Автомобили и мототехника,0,Estimation,3482440570,2435746915,18.02.2021 14:15:16
202107,ES + Home,Auto&Moto,Авто и мото запчасти,0,Estimation,541993151,987756559,18.02.2021 14:15:16
202107,ES + Home,Auto&Moto,Шины и диски,0,Estimation,2641044675,974255753,17.02.2021 18:25:32
202107,ES + Home,Auto&Moto,Универсальные авто и мото аксессуары,0,Estimation,2426366165,251566914,17.02.2021 18:25:32
202107,ES + Home,Auto&Moto,Автоинструменты и гаражное оборудование,1,Estimation,3466229526,1149355093,18.02.2021 14:15:16
202107,ES + Home,Auto&Moto,Дополнительное оборудование для авто и мото техники,0,Estimation,818186969,256327404,17.02.2021 18:25:32
202107,ES + Home,Auto&Moto,Автоинструменты и гаражное оборудование,0,Estimation,1494654388,2608397819,18.02.2021 14:15:16
202107,ES + Home,Auto&Moto,Авто и мото запчасти,1,Estimation,2421385681,384156034,18.02.2021 14:15:16
202107,ES + Home,Auto&Moto,Дополнительное оборудование для авто и мото техники,0,Estimation,2378722963,3922120656,18.02.2021 14:15:16
202107,ES + Home,Auto&Moto,Универсальные авто и мото аксессуары,0,Estimation,715172101,468113375,18.02.2021 14:15:16
202107,ES + Home,Auto&Moto,Автомобили и мототехника,0,Estimation,1866757366,457937303,17.02.2021 18:25:32
202107,ES + Home,Auto&Moto,Автоинструменты и гаражное оборудование,0,Estimation,49732253,430629217,17.02.2021 18:25:32
202107,ES + Home,Auto&Moto,Авто и мото запчасти,0,Estimation,2727302836,2336633148,17.02.2021 18:25:32
202107,ES + Home,Auto&Moto,Шины и диски,0,Estimation,323031303,2468684975,18.02.2021 14:15:16
202107,ES + Home,Auto&Moto,Масла и автохимия,0,Estimation,2225411482,3329975501,17.02.2021 18:25:32
202107,ES + Home,Auto&Moto,Универсальные авто и мото аксессуары,1,Estimation,806141640,1065086472,18.02.2021 14:15:16
202107,ES + Home,Auto&Moto,Дополнительное оборудование для авто и мото техники,0,Estimation,3601210795,1030743133,17.01.2021 18:25:32
202107,ES + Home,Auto&Moto,Универсальные авто и мото аксессуары,1,Estimation,424318446,2341794362,18.01.2021 14:15:16
202107,ES + Home,Auto&Moto,Универсальные авто и мото аксессуары,0,Estimation,723897111,1164058433,17.01.2021 18:25:32
202107,ES + Home,Auto&Moto,Дополнительное оборудование для авто и мото техники,0,Estimation,2282013047,662515215,18.01.2021 14:15:16
202107,ES + Home,Auto&Moto,Универсальные авто и мото аксессуары,0,Estimation,1050279016,3941161103,18.01.2021 14:15:16
202107,ES + Home,Auto&Moto,Шины и диски,0,Estimation,1291821896,1922772436,18.01.2021 14:15:16
202107,ES + Home,Auto&Moto,Шины и диски,0,Estimation,2193241825,2094891653,17.01.2021 18:25:32
202107,ES + Home,Auto&Moto,Авто и мото запчасти,0,Estimation,3556765887,3347214307,18.01.2021 14:15:16
202107,ES + Home,Auto&Moto,Автомобили и мототехника,0,Estimation,2057166961,472370182,18.01.2021 14:15:16
202107,ES + Home,Auto&Moto,Авто и мото запчасти,0,Estimation,909155508,895885400,17.01.2021 18:25:32
202107,ES + Home,Auto&Moto,Автомобили и мототехника,0,Estimation,753591709,1957585174,17.01.2021 18:25:32
202107,ES + Home,Auto&Moto,Автоинструменты и гаражное оборудование,1,Estimation,1387074519,3045472790,18.01.2021 14:15:16
202107,ES + Home,Auto&Moto,Автоинструменты и гаражное оборудование,0,Estimation,651652421,678366684,18.01.2021 14:15:16
202107,ES + Home,Auto&Moto,Масла и автохимия,0,Estimation,781243320,653437115,17.01.2021 18:25:32
202107,ES + Home,Auto&Moto,Авто и мото запчасти,1,Estimation,1250786534,524906275,18.01.2021 14:15:16
202107,ES + Home,Auto&Moto,Масла и автохимия,0,Estimation,1193227316,3686802160,18.01.2021 14:15:16
202107,ES + Home,Auto&Moto,Автоинструменты и гаражное оборудование,0,Estimation,2168739575,995955489,17.01.2021 18:25:32
202107,ES + Home,Auto&Moto,Масла и автохимия,1,Estimation,3935696302,1403799307,18.01.2021 14:15:16
202107,ES + Home,Books,Книга по требованию,0,Estimation,3496095277,3869610330,16.02.2021 18:01:08
202107,ES + Home,Books,Современные листовые издания,0,Estimation,2006477381,3812858255,16.02.2021 18:01:08
202107,ES + Home,Books,Книги детям и родителям,1,Estimation,2287194709,3907176088,16.02.2021 18:29:37
202107,ES + Home,Books,Second-hand книга,0,Estimation,4061890783,3390296485,16.02.2021 18:01:08
202107,ES + Home,Books,Second-hand книга,1,Estimation,98531799,1926945416,16.02.2021 18:29:37
202107,ES + Home,Books,Манга,1,Estimation,1432671967,2634452363,16.02.2021 18:29:37
202107,ES + Home,Books,Учебная литература,0,Estimation,481677365,1311107141,16.02.2021 18:01:08
202107,ES + Home,Books,Художественная литература,0,Estimation,1439682952,502870927,16.02.2021 18:01:08
202107,ES + Home,Books,Календари,0,Estimation,1927390408,2563695871,16.02.2021 18:01:08
202107,ES + Home,Books,Антикварное издание,0,Estimation,146614198,3051702763,16.02.2021 18:01:08
202107,ES + Home,Books,Книги детям и родителям,0,Estimation,977888289,2598592910,16.02.2021 18:01:08
202107,ES + Home,Books,Комиксы,1,Estimation,3651226675,2442037971,16.02.2021 18:29:37
202107,ES + Home,Books,Нехудожественная литература,1,Estimation,2235753320,1261361,16.02.2021 18:29:37
202107,ES + Home,Books,Комиксы,0,Estimation,2084531743,2480069213,16.02.2021 18:01:08
202107,ES + Home,Books,Блокноты с ISBN,1,Estimation,89598264,156580574,16.02.2021 18:29:37
202107,ES + Home,Books,Манга,0,Estimation,2845459018,842960843,16.02.2021 18:01:08
202107,ES + Home,Books,Иностранное издание,0,Estimation,4028773815,1746367431,16.02.2021 18:01:08
202107,ES + Home,Books,Художественная литература,1,Estimation,1186051432,3009800310,16.02.2021 18:29:37
202107,ES + Home,Books,Блокноты с ISBN,0,Estimation,2781063156,929471863,16.02.2021 18:01:08
202107,ES + Home,Books,Нехудожественная литература,0,Estimation,700796642,22864927,16.02.2021 18:01:08
202107,ES + Home,Books,Аудиокнига,0,Estimation,1472309089,1240001240,16.02.2021 18:01:08
202107,ES + Home,Books,Литература на иностранном языке,0,Estimation,1123645373,3769888369,16.02.2021 18:01:08
202107,ES + Home,Books,Букинистическое издание,0,Estimation,4118974781,4112968938,16.02.2021 18:01:08
202107,ES + Home,Books,Цифровая книга,0,Estimation,258768902,1612657111,16.02.2021 18:01:08
202107,ES + Home,Books,Современная печатная книга,1,Estimation,4030783674,3834876296,16.02.2021 18:29:37
202107,ES + Home,Books,Бизнес-литература,0,Estimation,203154932,519932410,16.02.2021 18:01:08
202107,ES + Home,Books,ПО на физических носителях,0,Estimation,1523425380,3975914135,16.02.2021 18:01:08
202107,ES + Home,Books,Современные картографические издания,0,Estimation,3777766884,3613996945,16.02.2021 18:01:08
202107,ES + Home,Books,Бизнес-литература,1,Estimation,4143845795,3022906819,16.02.2021 18:29:37
202107,ES + Home,Books,Цифровая аудиокнига,0,Estimation,1110988324,4067350987,16.02.2021 18:01:08
202107,ES + Home,Books,Современная печатная книга,0,Estimation,616632649,3316203622,16.02.2021 18:01:08
202107,ES + Home,Books,Нехудожественная литература,1,Estimation,3894843897,1209854552,16.01.2021 18:29:37
202107,ES + Home,Books,Цифровая аудиокнига,0,Estimation,827335299,2611922128,16.01.2021 18:01:08
202107,ES + Home,Books,Комиксы,1,Estimation,3294289181,3049560003,16.01.2021 18:29:37
202107,ES + Home,Books,Книги детям и родителям,0,Estimation,4120485591,2650323800,16.01.2021 18:01:08
202107,ES + Home,Books,Блокноты с ISBN,1,Estimation,170326041,171335504,16.01.2021 18:29:37
202107,ES + Home,Books,Современные картографические издания,0,Estimation,1572047191,2089082657,16.01.2021 18:01:08
202107,ES + Home,Books,Художественная литература,1,Estimation,146501506,445399756,16.01.2021 18:29:37
202107,ES + Home,Books,Художественная литература,0,Estimation,849141052,2312385894,16.01.2021 18:01:08
202107,ES + Home,Books,Second-hand книга,1,Estimation,4131450719,4230316775,16.01.2021 18:29:37
202107,ES + Home,Books,Аудиокнига,0,Estimation,626090434,3689748463,16.01.2021 18:01:08
202107,ES + Home,Books,Учебная литература,0,Estimation,988013880,2210164015,16.01.2021 18:01:08
202107,ES + Home,Books,Современная печатная книга,0,Estimation,2100152247,3973005772,16.01.2021 18:01:08
202107,ES + Home,Books,Букинистическое издание,0,Estimation,2089485951,3690381887,16.01.2021 18:01:08
202107,ES + Home,Books,Манга,1,Estimation,3652936424,3190468173,16.01.2021 18:29:37
202107,ES + Home,Books,Иностранное издание,0,Estimation,524365372,2330607000,16.01.2021 18:01:08
202107,ES + Home,Books,Блокноты с ISBN,0,Estimation,164772545,102874816,16.01.2021 18:01:08
202107,ES + Home,Books,Нехудожественная литература,0,Estimation,1692601255,931459748,16.01.2021 18:01:08
202107,ES + Home,Books,Антикварное издание,0,Estimation,2799771038,2567079499,16.01.2021 18:01:08
202107,ES + Home,Books,ПО на физических носителях,0,Estimation,3514868251,2391637178,16.01.2021 18:01:08
202107,ES + Home,Books,Календари,0,Estimation,3693108252,1603841592,16.01.2021 18:01:08
202107,ES + Home,Books,Комиксы,0,Estimation,217629511,2840544074,16.01.2021 18:01:08
202107,ES + Home,Books,Бизнес-литература,1,Estimation,2024455149,1715714079,16.01.2021 18:29:37
202107,ES + Home,Books,Бизнес-литература,0,Estimation,122178276,1229400718,16.01.2021 18:01:08
202107,ES + Home,Books,Литература на иностранном языке,0,Estimation,3903812613,680753857,16.01.2021 18:01:08
202107,ES + Home,Books,Цифровая книга,0,Estimation,1887996288,536411787,16.01.2021 18:01:08
202107,ES + Home,Books,Современные листовые издания,0,Estimation,697000057,3419479983,16.01.2021 18:01:08
202107,ES + Home,Books,Манга,0,Estimation,4226006696,4246271732,16.01.2021 18:01:08
202107,ES + Home,Books,Книга по требованию,0,Estimation,591467303,3215390923,16.01.2021 18:01:08
202107,ES + Home,Books,Современная печатная книга,1,Estimation,3677998170,63780459,16.01.2021 18:29:37
202107,ES + Home,Books,Second-hand книга,0,Estimation,3418150828,1693441090,16.01.2021 18:01:08
202107,ES + Home,Books,Книги детям и родителям,1,Estimation,445236963,839275125,16.01.2021 18:29:37
202107,ES + Home,Digital,Програмное обеспечение Digital,0,Estimation,585336654,2434705442,25.02.2021 22:27:30
202107,ES + Home,Digital,Програмное обеспечение Digital,0,Estimation,4028468323,3724180163,25.01.2021 22:27:30
202107,ES + Home,DIY,Ремонт и строительство,0,Estimation,3782955730,1626414114,17.02.2021 18:25:32
202107,ES + Home,DIY,Сад и огород,0,Estimation,1785879178,3192690138,17.02.2021 18:25:32
202107,ES + Home,DIY,Освещение,0,Estimation,1896534016,3145236142,17.02.2021 18:25:32
202107,ES + Home,DIY,Фильтры для воды,0,Estimation,3618486590,2641715949,17.02.2021 18:25:32
202107,ES + Home,DIY,Инструменты,0,Estimation,3849347150,3913111863,17.02.2021 18:25:32
202107,ES + Home,DIY,Фильтры для воды,0,Estimation,2142687419,2427420159,18.02.2021 14:45:14
202107,ES + Home,DIY,Инструменты,1,Estimation,639196399,3589344113,18.02.2021 14:45:14
202107,ES + Home,DIY,Освещение,0,Estimation,3667846827,2605859076,18.02.2021 14:45:14
202107,ES + Home,DIY,Инструменты,0,Estimation,2289458704,2537370426,18.02.2021 14:45:14
202107,ES + Home,DIY,Фильтры для воды,1,Estimation,1554989943,1759021396,18.02.2021 14:45:14
202107,ES + Home,DIY,Ремонт и строительство,1,Estimation,2508128426,1016302847,18.02.2021 14:45:14
202107,ES + Home,DIY,Сантехника,0,Estimation,2054269357,78796889,17.02.2021 18:25:32
202107,ES + Home,DIY,Ремонт и строительство,0,Estimation,1404209133,75879903,18.02.2021 14:45:14
202107,ES + Home,DIY,Сантехника,0,Estimation,1224257405,1644187699,18.02.2021 14:45:14
202107,ES + Home,DIY,Сад и огород,1,Estimation,3394412160,1418237176,18.02.2021 14:45:14
202107,ES + Home,DIY,Освещение,1,Estimation,1196216865,3600242223,18.02.2021 14:45:14
202107,ES + Home,DIY,Сад и огород,0,Estimation,3209245316,77034543,18.02.2021 14:45:14
202107,ES + Home,DIY,Инструменты,0,Estimation,1752881694,1544508275,17.01.2021 18:25:32
202107,ES + Home,DIY,Освещение,0,Estimation,3402734015,2816943361,17.01.2021 18:25:32
202107,ES + Home,DIY,Фильтры для воды,0,Estimation,359149222,1125746048,17.01.2021 18:25:32
202107,ES + Home,DIY,Сад и огород,0,Estimation,3010350738,301990350,17.01.2021 18:25:32
202107,ES + Home,DIY,Ремонт и строительство,0,Estimation,2989472439,1521338372,17.01.2021 18:25:32
202107,ES + Home,DIY,Освещение,0,Estimation,1468972732,4215514203,18.01.2021 14:45:14
202107,ES + Home,DIY,Сантехника,0,Estimation,1953514371,3459347327,17.01.2021 18:25:32
202107,ES + Home,DIY,Сантехника,0,Estimation,2802835179,975624694,18.01.2021 14:45:14
202107,ES + Home,DIY,Инструменты,1,Estimation,3036824449,2238873825,18.01.2021 14:45:14
202107,ES + Home,DIY,Фильтры для воды,0,Estimation,500521141,924807491,18.01.2021 14:45:14
202107,ES + Home,DIY,Ремонт и строительство,1,Estimation,3073464565,3824542011,18.01.2021 14:45:14
202107,ES + Home,DIY,Фильтры для воды,1,Estimation,359657316,2796625376,18.01.2021 14:45:14
202107,ES + Home,DIY,Инструменты,0,Estimation,1801439768,1585252591,18.01.2021 14:45:14
202107,ES + Home,DIY,Сад и огород,1,Estimation,2645933056,2968101721,18.01.2021 14:45:14
202107,ES + Home,DIY,Ремонт и строительство,0,Estimation,3585259064,3868934420,18.01.2021 14:45:14
202107,ES + Home,DIY,Сад и огород,0,Estimation,4225153318,3481409314,18.01.2021 14:45:14
202107,ES + Home,DIY,Освещение,1,Estimation,214424171,3736797996,18.01.2021 14:45:14
202107,ES + Home,Furniture,Мебель для сна,0,Estimation,4019130307,1537938940,17.02.2021 18:25:32
202107,ES + Home,Furniture,Корпусная мебель и мебель для хранения,0,Estimation,3292142286,1527557971,18.02.2021 14:15:16
202107,ES + Home,Furniture,Компьютерная и офисная мебель,0,Estimation,3369439136,1053485719,17.02.2021 18:25:32
202107,ES + Home,Furniture,Мягкая мебель,0,Estimation,958361370,3347904523,18.02.2021 14:15:16
202107,ES + Home,Furniture,Прочая мебель,0,Estimation,1836688398,2720773035,17.02.2021 18:25:32
202107,ES + Home,Furniture,Столы и стулья,0,Estimation,2347770512,3972292601,17.02.2021 18:25:32
202107,ES + Home,Furniture,Мебель для сада,0,Estimation,2496681750,4162919273,17.02.2021 18:25:32
202107,ES + Home,Furniture,Корпусная мебель и мебель для хранения,0,Estimation,1538597912,2585839742,17.02.2021 18:25:32
202107,ES + Home,Furniture,Прочая мебель,0,Estimation,173787645,718933325,18.02.2021 14:15:16
202107,ES + Home,Furniture,Мягкая мебель,0,Estimation,2392346705,2622343658,17.02.2021 18:25:32
202107,ES + Home,Furniture,Мебель для сада,0,Estimation,57814420,1886943390,18.02.2021 14:15:16
202107,ES + Home,Furniture,Столы и стулья,0,Estimation,877272348,2025869786,18.02.2021 14:15:16
202107,ES + Home,Furniture,Компьютерная и офисная мебель,0,Estimation,3024565692,1204833372,18.02.2021 14:15:16
202107,ES + Home,Furniture,Мебель для сна,0,Estimation,2662921008,2392660724,18.02.2021 14:15:16
202107,ES + Home,Furniture,Мебель для сада,0,Estimation,3300290653,3289685991,17.01.2021 18:25:32
202107,ES + Home,Furniture,Столы и стулья,0,Estimation,1862920186,571289957,17.01.2021 18:25:32
202107,ES + Home,Furniture,Мебель для сна,0,Estimation,304899107,1471101947,18.01.2021 14:15:16
202107,ES + Home,Furniture,Прочая мебель,0,Estimation,164554911,1489312357,17.01.2021 18:25:32
202107,ES + Home,Furniture,Прочая мебель,0,Estimation,3749060785,3169275631,18.01.2021 14:15:16
202107,ES + Home,Furniture,Корпусная мебель и мебель для хранения,0,Estimation,1423516325,615245125,17.01.2021 18:25:32
202107,ES + Home,Furniture,Мебель для сна,0,Estimation,2743183571,3707584074,17.01.2021 18:25:32
202107,ES + Home,Furniture,Корпусная мебель и мебель для хранения,0,Estimation,3110043271,2700148178,18.01.2021 14:15:16
202107,ES + Home,Furniture,Мебель для сада,0,Estimation,3832905467,2629553760,18.01.2021 14:15:16
202107,ES + Home,Furniture,Столы и стулья,0,Estimation,691631639,3212703874,18.01.2021 14:15:16
202107,ES + Home,Furniture,Компьютерная и офисная мебель,0,Estimation,3756711728,3649102946,17.01.2021 18:25:32
202107,ES + Home,Furniture,Мягкая мебель,0,Estimation,3896582100,462738966,18.01.2021 14:15:16
202107,ES + Home,Furniture,Компьютерная и офисная мебель,0,Estimation,2772346132,1515047212,18.01.2021 14:15:16
202107,ES + Home,Furniture,Мягкая мебель,0,Estimation,318668976,202458059,17.01.2021 18:25:32
202107,ES + Home,Household,Интерьер и декор,0,Estimation,2668162359,274731761,17.02.2021 18:25:32
202107,ES + Home,Household,Кухня,0,Estimation,877662342,1724589722,17.02.2021 18:25:32
202107,ES + Home,Household,Принадлежности для Нового года,0,Estimation,1986011878,1161257329,18.02.2021 14:45:14
202107,ES + Home,Household,Домашний текстиль,0,Estimation,2438574528,3087837380,17.02.2021 18:25:32
202107,ES + Home,Household,Антиквариат Хоум Декор,0,Estimation,2041012921,4102945059,18.02.2021 14:45:14
202107,ES + Home,Household,Ритуальные изделия,0,Estimation,4113119151,4092357784,18.02.2021 14:45:14
202107,ES + Home,Household,Аксессуары для уборки и стирки,0,Estimation,1124139100,3771550461,18.02.2021 14:45:14
202107,ES + Home,Household,Ванная комната,0,Estimation,1120797447,1625942587,18.02.2021 14:45:14
202107,ES + Home,Household,Хранение,0,Estimation,194177631,3040381072,17.02.2021 18:25:32
202107,ES + Home,Household,Аксессуары для уборки и стирки,1,Estimation,2295655450,4001348387,18.02.2021 14:45:14
202107,ES + Home,Household,Интерьер и декор,0,Estimation,732871966,3173808260,18.02.2021 14:45:14
202107,ES + Home,Household,Принадлежности для Нового года,1,Estimation,1601043609,181684959,18.02.2021 14:45:14
202107,ES + Home,Household,Кухня,1,Estimation,3983724804,1957122656,18.02.2021 14:45:14
202107,ES + Home,Household,Интерьер и декор,1,Estimation,542804802,767802905,18.02.2021 14:45:14
202107,ES + Home,Household,Аксессуары для уборки и стирки,0,Estimation,512734592,2673335082,17.02.2021 18:25:32
202107,ES + Home,Household,Ванная комната,0,Estimation,285583436,3841790942,17.02.2021 18:25:32
202107,ES + Home,Household,Принадлежности для Нового года,1,Estimation,167642176,3026443856,17.02.2021 18:25:32
202107,ES + Home,Household,Хранение,0,Estimation,3075135452,3411121582,18.02.2021 14:45:14
202107,ES + Home,Household,Домашний текстиль,1,Estimation,1463849100,3366563763,18.02.2021 14:45:14
202107,ES + Home,Household,Домашний текстиль,0,Estimation,3496129861,1515381324,18.02.2021 14:45:14
202107,ES + Home,Household,Антиквариат Хоум Декор,0,Estimation,4268657172,3744125388,17.02.2021 18:25:32
202107,ES + Home,Household,Кухня,0,Estimation,237565870,1579658877,18.02.2021 14:45:14
202107,ES + Home,Household,Принадлежности для Нового года,0,Estimation,1702484904,1621319708,17.02.2021 18:25:32
202107,ES + Home,Household,Ритуальные изделия,0,Estimation,3727727776,538233215,17.02.2021 18:25:32
202107,ES + Home,Household,Хранение,0,Estimation,1815946721,3945336705,17.01.2021 18:25:32
202107,ES + Home,Household,Антиквариат Хоум Декор,0,Estimation,618238227,1212809731,18.01.2021 14:45:14
202107,ES + Home,Household,Принадлежности для Нового года,0,Estimation,4225216248,1667929767,18.01.2021 14:45:14
202107,ES + Home,Household,Ритуальные изделия,0,Estimation,2880708937,3606406591,18.01.2021 14:45:14
202107,ES + Home,Household,Интерьер и декор,0,Estimation,2926040947,3657609000,17.01.2021 18:25:32
202107,ES + Home,Household,Интерьер и декор,0,Estimation,3265464235,3207286301,18.01.2021 14:45:14
202107,ES + Home,Household,Ванная комната,0,Estimation,2805331624,2854788190,18.01.2021 14:45:14
202107,ES + Home,Household,Аксессуары для уборки и стирки,0,Estimation,583902554,3154503397,18.01.2021 14:45:14
202107,ES + Home,Household,Принадлежности для Нового года,1,Estimation,437713750,1547790068,18.01.2021 14:45:14
202107,ES + Home,Household,Кухня,0,Estimation,336464493,2742166293,17.01.2021 18:25:32
202107,ES + Home,Household,Домашний текстиль,0,Estimation,3853314066,120945870,17.01.2021 18:25:32
202107,ES + Home,Household,Аксессуары для уборки и стирки,1,Estimation,3207335337,1502189598,18.01.2021 14:45:14
202107,ES + Home,Household,Ритуальные изделия,0,Estimation,1110356105,2194501056,17.01.2021 18:25:32
202107,ES + Home,Household,Кухня,1,Estimation,388429310,1543870288,18.01.2021 14:45:14
202107,ES + Home,Household,Антиквариат Хоум Декор,0,Estimation,112290359,3747354094,17.01.2021 18:25:32
202107,ES + Home,Household,Хранение,0,Estimation,2290034389,1789182023,18.01.2021 14:45:14
202107,ES + Home,Household,Домашний текстиль,1,Estimation,1876908381,2556848360,18.01.2021 14:45:14
202107,ES + Home,Household,Принадлежности для Нового года,0,Estimation,3308690134,2978780821,17.01.2021 18:25:32
202107,ES + Home,Household,Интерьер и декор,1,Estimation,3893834743,3771688153,18.01.2021 14:45:14
202107,ES + Home,Household,Кухня,0,Estimation,2214526204,1427918950,18.01.2021 14:45:14
202107,ES + Home,Household,Принадлежности для Нового года,1,Estimation,3266728385,236378973,17.01.2021 18:25:32
202107,ES + Home,Household,Домашний текстиль,0,Estimation,1623257256,3337198357,18.01.2021 14:45:14
202107,ES + Home,Household,Ванная комната,0,Estimation,3779688089,1769123966,17.01.2021 18:25:32
202107,ES + Home,Household,Аксессуары для уборки и стирки,0,Estimation,4153535720,253770182,17.01.2021 18:25:32
202107,ES + Home,Laptops & Computers,Компьютерная периферия Lap&Comp,1,Estimation,3703350783,2669206910,17.02.2021 13:05:08
202107,ES + Home,Laptops & Computers,Компьютеры Lap&Comp,1,Estimation,2633558185,3926846548,17.02.2021 13:05:08
202107,ES + Home,Laptops & Computers,Компьютеры Lap&Comp,0,Estimation,2057352686,3820686512,17.02.2021 13:05:08
202107,ES + Home,Laptops & Computers,Домашняя Аудио и Видеотехника Lap&Comp,0,Estimation,2409404112,4071804404,17.02.2021 13:05:08
202107,ES + Home,Laptops & Computers,Расходный материал для электроники Lap&Comp,0,Estimation,864826329,3943676803,17.02.2021 13:05:08
202107,ES + Home,Laptops & Computers,Компьютерная офисная техника Lap&Comp,0,Estimation,1444154769,3793292777,17.02.2021 13:05:08
202107,ES + Home,Laptops & Computers,Расходный материал для электроники Lap&Comp,1,Estimation,1130344979,4111456937,17.02.2021 13:05:08
202107,ES + Home,Laptops & Computers,Компьютерная периферия Lap&Comp,0,Estimation,1324841707,2703505053,17.02.2021 13:05:08
202107,ES + Home,Laptops & Computers,Компьютеры Lap&Comp,1,Estimation,2407573252,2131738344,17.01.2021 13:05:08
202107,ES + Home,Laptops & Computers,Расходный материал для электроники Lap&Comp,0,Estimation,970041228,2758473135,17.01.2021 13:05:08
202107,ES + Home,Laptops & Computers,Компьютеры Lap&Comp,0,Estimation,2058276926,72341999,17.01.2021 13:05:08
202107,ES + Home,Laptops & Computers,Компьютерная периферия Lap&Comp,0,Estimation,2095528000,1233755811,17.01.2021 13:05:08
202107,ES + Home,Laptops & Computers,Расходный материал для электроники Lap&Comp,1,Estimation,3882268395,3157632612,17.01.2021 13:05:08
202107,ES + Home,Laptops & Computers,Компьютерная офисная техника Lap&Comp,0,Estimation,3586606761,431139960,17.01.2021 13:05:08
202107,ES + Home,Laptops & Computers,Компьютерная периферия Lap&Comp,1,Estimation,237570806,1344044450,17.01.2021 13:05:08
202107,ES + Home,Laptops & Computers,Домашняя Аудио и Видеотехника Lap&Comp,0,Estimation,2308069573,4085909406,17.01.2021 13:05:08
202107,ES + Home,Major Domestic Appliances,Крупная бытовая техника MDA,0,Estimation,92764113,2572224692,16.02.2021 17:46:45
202107,ES + Home,Major Domestic Appliances,Крупная бытовая техника MDA,0,Estimation,3327584712,1391740483,16.01.2021 17:46:45
202107,ES + Home,Miscellaneous accessories,Компьютеры Access,0,Estimation,3825183530,1635528393,17.02.2021 18:25:32
202107,ES + Home,Miscellaneous accessories,Средства связи Access,0,Estimation,3222773863,2192672643,17.02.2021 18:25:32
202107,ES + Home,Miscellaneous accessories,Фото и видео Access,0,Estimation,3307129403,65249294,17.02.2021 18:25:32
202107,ES + Home,Miscellaneous accessories,Оборудование Access,0,Estimation,1799636465,2133869489,17.02.2021 18:25:32
202107,ES + Home,Miscellaneous accessories,Автомобильная техника Access,0,Estimation,1454504180,2188326948,17.02.2021 18:25:32
202107,ES + Home,Miscellaneous accessories,Компьютеры Access,1,Estimation,2520182528,1881617275,17.02.2021 18:25:32
202107,ES + Home,Miscellaneous accessories,Расходный материал для электроники Access,0,Estimation,4027008745,2912457074,17.02.2021 18:25:32
202107,ES + Home,Miscellaneous accessories,Фото и видео Access,1,Estimation,3226173090,1235861884,17.02.2021 18:25:32
202107,ES + Home,Miscellaneous accessories,Средства связи Access,1,Estimation,561289236,1742042104,17.02.2021 18:25:32
202107,ES + Home,Miscellaneous accessories,Электропитание Access,0,Estimation,3722928943,4248715362,17.02.2021 18:25:32
202107,ES + Home,Miscellaneous accessories,Расходный материал для электроники Access,1,Estimation,3884560056,4177843049,17.02.2021 18:25:32
202107,ES + Home,Miscellaneous accessories,Домашняя Аудио и Видеотехника Access,0,Estimation,2592658788,782138056,17.02.2021 18:25:32
202107,ES + Home,Miscellaneous accessories,Электропитание Access,1,Estimation,3237366831,51532440,17.02.2021 18:25:32
202107,ES + Home,Miscellaneous accessories,Электронные товары хобби и отдых Access,0,Estimation,2656258136,3696011197,17.02.2021 18:25:32
202107,ES + Home,Miscellaneous accessories,Бытовая техника Access,1,Estimation,3259065323,1490024858,17.02.2021 18:25:32
202107,ES + Home,Miscellaneous accessories,Домашняя Аудио и Видеотехника Access,1,Estimation,2769783941,1475221584,17.02.2021 18:25:32
202107,ES + Home,Miscellaneous accessories,Компьютерная периферия Access,0,Estimation,2462695311,787993570,17.02.2021 18:25:32
202107,ES + Home,Miscellaneous accessories,Игровые приставки и аксессуары Access,1,Estimation,3193187378,2218201725,17.02.2021 18:25:32
202107,ES + Home,Miscellaneous accessories,Компьютерная периферия Access,1,Estimation,2359101637,2634357306,17.02.2021 18:25:32
202107,ES + Home,Miscellaneous accessories,Бытовая техника Access,0,Estimation,3160713816,2436951465,17.02.2021 18:25:32
202107,ES + Home,Miscellaneous accessories,Игровые приставки и аксессуары Access,0,Estimation,346055882,3679519168,17.02.2021 18:25:32
202107,ES + Home,Miscellaneous accessories,Электропитание Access,1,Estimation,3082867347,5856167,17.01.2021 18:25:32
202107,ES + Home,Miscellaneous accessories,Расходный материал для электроники Access,1,Estimation,2333189214,3920610255,17.01.2021 18:25:32
202107,ES + Home,Miscellaneous accessories,Фото и видео Access,1,Estimation,326830039,307924853,17.01.2021 18:25:32
202107,ES + Home,Miscellaneous accessories,Электронные товары хобби и отдых Access,0,Estimation,430201523,4094127564,17.01.2021 18:25:32
202107,ES + Home,Miscellaneous accessories,Расходный материал для электроники Access,0,Estimation,1420170684,2897189429,17.01.2021 18:25:32
202107,ES + Home,Miscellaneous accessories,Электропитание Access,0,Estimation,2857232008,3007737590,17.01.2021 18:25:32
202107,ES + Home,Miscellaneous accessories,Средства связи Access,1,Estimation,84170851,2889306931,17.01.2021 18:25:32
202107,ES + Home,Miscellaneous accessories,Компьютеры Access,1,Estimation,507977314,2124385418,17.01.2021 18:25:32
202107,ES + Home,Miscellaneous accessories,Фото и видео Access,0,Estimation,3906429320,268463140,17.01.2021 18:25:32
202107,ES + Home,Miscellaneous accessories,Домашняя Аудио и Видеотехника Access,0,Estimation,387943528,3765506861,17.01.2021 18:25:32
202107,ES + Home,Miscellaneous accessories,Средства связи Access,0,Estimation,1103837212,3509704485,17.01.2021 18:25:32
202107,ES + Home,Miscellaneous accessories,Компьютеры Access,0,Estimation,3371450492,3743957920,17.01.2021 18:25:32
202107,ES + Home,Miscellaneous accessories,Автомобильная техника Access,0,Estimation,2346596555,595765064,17.01.2021 18:25:32
202107,ES + Home,Miscellaneous accessories,Компьютерная периферия Access,1,Estimation,3148068782,2464219392,17.01.2021 18:25:32
202107,ES + Home,Miscellaneous accessories,Игровые приставки и аксессуары Access,0,Estimation,1737406284,35108614,17.01.2021 18:25:32
202107,ES + Home,Miscellaneous accessories,Бытовая техника Access,0,Estimation,2414121450,95190658,17.01.2021 18:25:32
202107,ES + Home,Miscellaneous accessories,Домашняя Аудио и Видеотехника Access,1,Estimation,2056025231,2448902357,17.01.2021 18:25:32
202107,ES + Home,Miscellaneous accessories,Игровые приставки и аксессуары Access,1,Estimation,1723936819,309608583,17.01.2021 18:25:32
202107,ES + Home,Miscellaneous accessories,Оборудование Access,0,Estimation,2395174598,4014592393,17.01.2021 18:25:32
202107,ES + Home,Miscellaneous accessories,Компьютерная периферия Access,0,Estimation,1474080224,3630808253,17.01.2021 18:25:32
202107,ES + Home,Miscellaneous accessories,Бытовая техника Access,1,Estimation,4290339306,2854277607,17.01.2021 18:25:32
202107,ES + Home,Small Domestic Appliances,Мелкая бытовая техника SDA,0,Estimation,2598692647,1407722327,18.02.2021 14:45:14
202107,ES + Home,Small Domestic Appliances,Оборудование SDA,0,Estimation,2278960421,817510161,18.02.2021 14:45:14
202107,ES + Home,Small Domestic Appliances,Мелкая бытовая техника SDA,0,Estimation,2123143412,1303308004,17.02.2021 18:25:32
202107,ES + Home,Small Domestic Appliances,Оборудование SDA,0,Estimation,3612236747,3035156381,17.02.2021 18:25:32
202107,ES + Home,Small Domestic Appliances,Мелкая бытовая техника SDA,1,Estimation,238244982,2365694051,18.02.2021 14:45:14
202107,ES + Home,Small Domestic Appliances,Мелкая бытовая техника SDA,0,Estimation,1806284282,1459579268,17.01.2021 18:25:32
202107,ES + Home,Small Domestic Appliances,Мелкая бытовая техника SDA,0,Estimation,3210658590,1275464580,18.01.2021 14:45:14
202107,ES + Home,Small Domestic Appliances,Оборудование SDA,0,Estimation,1959853614,3514635942,18.01.2021 14:45:14
202107,ES + Home,Small Domestic Appliances,Мелкая бытовая техника SDA,1,Estimation,2248904441,1686251019,18.01.2021 14:45:14
202107,ES + Home,Small Domestic Appliances,Оборудование SDA,0,Estimation,2301838907,3695843349,17.01.2021 18:25:32
202107,ES + Home,Smartphones & Tablets,Компьютеры Smart&Tablets,0,Estimation,4084749646,1476013144,16.02.2021 18:10:45
202107,ES + Home,Smartphones & Tablets,Средства связи Smart&Tablets,0,Estimation,2753211000,1694151627,16.02.2021 18:10:45
202107,ES + Home,Smartphones & Tablets,Компьютеры Smart&Tablets,1,Estimation,610753818,1240013852,16.02.2021 18:29:35
202107,ES + Home,Smartphones & Tablets,Средства связи Smart&Tablets,1,Estimation,3320951079,1123800001,16.02.2021 18:29:35
202107,ES + Home,Smartphones & Tablets,Компьютеры Smart&Tablets,1,Estimation,784075408,1351921115,16.01.2021 18:29:35
202107,ES + Home,Smartphones & Tablets,Компьютеры Smart&Tablets,0,Estimation,862681952,3096040437,16.01.2021 18:10:45
202107,ES + Home,Smartphones & Tablets,Средства связи Smart&Tablets,0,Estimation,301870263,366957041,16.01.2021 18:10:45
202107,ES + Home,Smartphones & Tablets,Средства связи Smart&Tablets,1,Estimation,1507227605,3520715457,16.01.2021 18:29:35
202107,ES + Home,Sport,Туризм,0,Estimation,3138304549,1806590619,17.02.2021 18:25:32
202107,ES + Home,Sport,Летние виды спорта,0,Estimation,717052092,4058274440,17.02.2021 18:25:32
202107,ES + Home,Sport,Цирковое искусство,0,Estimation,1436190017,3798386825,17.02.2021 18:25:32
202107,ES + Home,Sport,Товары для рыбалки,0,Estimation,2038922208,1529137951,17.02.2021 18:25:32
202107,ES + Home,Sport,Туризм,1,Estimation,1952538938,1397569760,17.02.2021 18:25:32
202107,ES + Home,Sport,Страйкбол и пневматика,0,Estimation,2486090639,2297653490,17.02.2021 18:25:32
202107,ES + Home,Sport,Спортивные аксессуары,0,Estimation,117810348,2033627607,17.02.2021 18:25:32
202107,ES + Home,Sport,Зимние виды спорта,0,Estimation,1384314702,3219010941,17.02.2021 18:25:32
202107,ES + Home,Sport,Тренажеры и фитнес,1,Estimation,3288601758,2871797746,17.02.2021 18:25:32
202107,ES + Home,Sport,Спортивные аксессуары,1,Estimation,4224160976,1755148281,17.02.2021 18:25:32
202107,ES + Home,Sport,Тренажеры и фитнес,0,Estimation,500167172,1188049362,17.02.2021 18:25:32
202107,ES + Home,Sport,Товары для охоты,0,Estimation,1808238211,160215658,17.02.2021 18:25:32
202107,ES + Home,Sport,Всесезонные виды спорта,0,Estimation,1230623047,1549613687,17.02.2021 18:25:32
202107,ES + Home,Sport,Единоборства,0,Estimation,2326661973,3568210957,17.02.2021 18:25:32
202107,ES + Home,Sport,Всесезонные виды спорта,1,Estimation,2780212879,2940902096,17.02.2021 18:25:32
202107,ES + Home,Sport,Страйкбол и пневматика,0,Estimation,2420206696,3742364966,17.01.2021 18:25:32
202107,ES + Home,Sport,Зимние виды спорта,0,Estimation,1792113704,424908805,17.01.2021 18:25:32
202107,ES + Home,Sport,Товары для рыбалки,0,Estimation,2897519320,195332869,17.01.2021 18:25:32
202107,ES + Home,Sport,Спортивные аксессуары,1,Estimation,72319699,2836695596,17.01.2021 18:25:32
202107,ES + Home,Sport,Летние виды спорта,0,Estimation,3071164300,3289404404,17.01.2021 18:25:32
202107,ES + Home,Sport,Туризм,1,Estimation,367866811,791330738,17.01.2021 18:25:32
202107,ES + Home,Sport,Спортивные аксессуары,0,Estimation,3157942717,295796841,17.01.2021 18:25:32
202107,ES + Home,Sport,Туризм,0,Estimation,2971034741,1623046195,17.01.2021 18:25:32
202107,ES + Home,Sport,Тренажеры и фитнес,1,Estimation,1725080646,2341323373,17.01.2021 18:25:32
202107,ES + Home,Sport,Единоборства,0,Estimation,3023540493,4111111899,17.01.2021 18:25:32
202107,ES + Home,Sport,Тренажеры и фитнес,0,Estimation,3871960842,2646623575,17.01.2021 18:25:32
202107,ES + Home,Sport,Всесезонные виды спорта,1,Estimation,2599286698,536420461,17.01.2021 18:25:32
202107,ES + Home,Sport,Всесезонные виды спорта,0,Estimation,1272745603,869767760,17.01.2021 18:25:32
202107,ES + Home,Sport,Цирковое искусство,0,Estimation,3332396764,900714439,17.01.2021 18:25:32
202107,ES + Home,Sport,Товары для охоты,0,Estimation,2461979009,2109015570,17.01.2021 18:25:32
202107,ES + Home,TV  audio  Hi-Fi & other electronics,Фото и видео TV&Audio,0,Estimation,4195734231,936097716,17.02.2021 13:01:51
202107,ES + Home,TV  audio  Hi-Fi & other electronics,Домашняя Аудио и Видеотехника TV&Audio,0,Estimation,833032556,3006878742,17.02.2021 13:01:51
202107,ES + Home,TV  audio  Hi-Fi & other electronics,Игровые приставки и аксессуары TV&Audio,0,Estimation,2115169471,1311677762,18.02.2021 14:45:14
202107,ES + Home,TV  audio  Hi-Fi & other electronics,Домашняя Аудио и Видеотехника TV&Audio,0,Estimation,112737283,3205457604,18.02.2021 14:45:14
202107,ES + Home,TV  audio  Hi-Fi & other electronics,Фото и видео TV&Audio,0,Estimation,2066798063,133138841,18.02.2021 14:45:14
202107,ES + Home,TV  audio  Hi-Fi & other electronics,Домашняя Аудио и Видеотехника TV&Audio,1,Estimation,1831257230,2329534397,18.02.2021 14:45:14
202107,ES + Home,TV  audio  Hi-Fi & other electronics,Компьютерная периферия TV&Audio,0,Estimation,1110299032,3633126336,17.02.2021 13:01:51
202107,ES + Home,TV  audio  Hi-Fi & other electronics,Средства связи TV&Audio,0,Estimation,1871095907,281261963,17.02.2021 13:01:51
202107,ES + Home,TV  audio  Hi-Fi & other electronics,Фото и видео TV&Audio,1,Estimation,3888891800,3286486295,18.02.2021 14:45:14
202107,ES + Home,TV  audio  Hi-Fi & other electronics,Средства связи TV&Audio,1,Estimation,3038550236,283367392,18.02.2021 14:45:14
202107,ES + Home,TV  audio  Hi-Fi & other electronics,Система безопасности TV&Audio,0,Estimation,2286685708,2852239855,17.02.2021 13:01:51
202107,ES + Home,TV  audio  Hi-Fi & other electronics,Компьютеры TV&Audio,1,Estimation,4111469453,427919176,18.02.2021 14:45:14
202107,ES + Home,TV  audio  Hi-Fi & other electronics,Игровые приставки и аксессуары TV&Audio,1,Estimation,930217224,3654888258,18.02.2021 14:45:14
202107,ES + Home,TV  audio  Hi-Fi & other electronics,Система безопасности TV&Audio,0,Estimation,195942165,2238989309,18.02.2021 14:45:14
202107,ES + Home,TV  audio  Hi-Fi & other electronics,Система безопасности TV&Audio,1,Estimation,771641142,1415625678,18.02.2021 14:45:14
202107,ES + Home,TV  audio  Hi-Fi & other electronics,Компьютерная периферия TV&Audio,0,Estimation,337068934,1024173921,18.02.2021 14:45:14
202107,ES + Home,TV  audio  Hi-Fi & other electronics,Автомобильная техника TV&Audio,0,Estimation,1785386250,2924724182,17.02.2021 13:01:51
202107,ES + Home,TV  audio  Hi-Fi & other electronics,Music,0,Estimation,2213975968,4257606224,17.02.2021 13:01:51
202107,ES + Home,TV  audio  Hi-Fi & other electronics,Movie,0,Estimation,3076656631,506573536,17.02.2021 13:01:51
202107,ES + Home,TV  audio  Hi-Fi & other electronics,Компьютеры TV&Audio,0,Estimation,983174611,1306029889,18.02.2021 14:45:14
202107,ES + Home,TV  audio  Hi-Fi & other electronics,Movie,0,Estimation,2594308392,2886149704,18.02.2021 14:45:14
202107,ES + Home,TV  audio  Hi-Fi & other electronics,Компьютеры TV&Audio,0,Estimation,3748507373,579479188,17.02.2021 13:01:51
202107,ES + Home,TV  audio  Hi-Fi & other electronics,Средства связи TV&Audio,0,Estimation,1445334068,3610677140,18.02.2021 14:45:14
202107,ES + Home,TV  audio  Hi-Fi & other electronics,Music,0,Estimation,1239755627,1151018294,18.02.2021 14:45:14
202107,ES + Home,TV  audio  Hi-Fi & other electronics,Игровые приставки и аксессуары TV&Audio,0,Estimation,1177068346,1341712328,17.02.2021 13:01:51
202107,ES + Home,TV  audio  Hi-Fi & other electronics,Электронные товары хобби и отдых TV&Audio,1,Estimation,2211845686,1605593410,18.02.2021 14:45:14
202107,ES + Home,TV  audio  Hi-Fi & other electronics,Портативная аудиотехника TV&Audio,0,Estimation,186557663,1745596893,18.02.2021 14:45:14
202107,ES + Home,TV  audio  Hi-Fi & other electronics,Фан атрибутика TV&Audio,0,Estimation,3469414430,1454602083,18.02.2021 14:45:14
202107,ES + Home,TV  audio  Hi-Fi & other electronics,Портативная аудиотехника TV&Audio,0,Estimation,1633590341,676298361,17.02.2021 13:01:51
202107,ES + Home,TV  audio  Hi-Fi & other electronics,Электронные товары хобби и отдых TV&Audio,0,Estimation,1198755679,2512157417,18.02.2021 14:45:14
202107,ES + Home,TV  audio  Hi-Fi & other electronics,Электронные товары хобби и отдых TV&Audio,0,Estimation,1530307454,250711232,17.02.2021 13:01:51
202107,ES + Home,TV  audio  Hi-Fi & other electronics,Портативная аудиотехника TV&Audio,1,Estimation,288748307,2832547209,18.02.2021 14:45:14
202107,ES + Home,TV  audio  Hi-Fi & other electronics,Автомобильная техника TV&Audio,1,Estimation,2366831841,3554035515,18.02.2021 14:45:14
202107,ES + Home,TV  audio  Hi-Fi & other electronics,Програмное обеспечение TV&Audio,0,Estimation,3874160264,2716029741,17.02.2021 13:01:51
202107,ES + Home,TV  audio  Hi-Fi & other electronics,Програмное обеспечение TV&Audio,1,Estimation,3968485238,3791282999,18.02.2021 14:45:14
202107,ES + Home,TV  audio  Hi-Fi & other electronics,Фан атрибутика TV&Audio,0,Estimation,3488547253,2734187484,17.02.2021 13:01:51
202107,ES + Home,TV  audio  Hi-Fi & other electronics,Карты оплаты  страховки TV&Audio,0,Estimation,4146551821,1794441325,18.02.2021 14:45:14
202107,ES + Home,TV  audio  Hi-Fi & other electronics,Автомобильная техника TV&Audio,0,Estimation,1539470768,2162882371,18.02.2021 14:45:14
202107,ES + Home,TV  audio  Hi-Fi & other electronics,Програмное обеспечение TV&Audio,0,Estimation,4203478783,1904077240,18.02.2021 14:45:14
202107,ES + Home,TV  audio  Hi-Fi & other electronics,Домашняя Аудио и Видеотехника TV&Audio,0,Estimation,500077101,2419601022,18.01.2021 14:45:14
202107,ES + Home,TV  audio  Hi-Fi & other electronics,Фото и видео TV&Audio,0,Estimation,2088067047,3602842871,18.01.2021 14:45:14
202107,ES + Home,TV  audio  Hi-Fi & other electronics,Система безопасности TV&Audio,0,Estimation,3834395634,1581585322,17.01.2021 13:01:51
202107,ES + Home,TV  audio  Hi-Fi & other electronics,Компьютеры TV&Audio,0,Estimation,1414763472,4169961799,17.01.2021 13:01:51
202107,ES + Home,TV  audio  Hi-Fi & other electronics,Автомобильная техника TV&Audio,0,Estimation,2448265708,838719299,18.01.2021 14:45:14
202107,ES + Home,TV  audio  Hi-Fi & other electronics,Фан атрибутика TV&Audio,0,Estimation,323658439,1967642839,17.01.2021 13:01:51
202107,ES + Home,TV  audio  Hi-Fi & other electronics,Домашняя Аудио и Видеотехника TV&Audio,1,Estimation,3349233938,768340148,18.01.2021 14:45:14
202107,ES + Home,TV  audio  Hi-Fi & other electronics,Music,0,Estimation,2195348861,406323498,17.01.2021 13:01:51
202107,ES + Home,TV  audio  Hi-Fi & other electronics,Фан атрибутика TV&Audio,0,Estimation,2470134315,1837196492,18.01.2021 14:45:14
202107,ES + Home,TV  audio  Hi-Fi & other electronics,Movie,0,Estimation,275141540,2416046014,17.01.2021 13:01:51
202107,ES + Home,TV  audio  Hi-Fi & other electronics,Програмное обеспечение TV&Audio,0,Estimation,1633242238,125383438,18.01.2021 14:45:14
202107,ES + Home,TV  audio  Hi-Fi & other electronics,Автомобильная техника TV&Audio,0,Estimation,3473910802,1009601322,17.01.2021 13:01:51
202107,ES + Home,TV  audio  Hi-Fi & other electronics,Програмное обеспечение TV&Audio,0,Estimation,677283114,779207576,17.01.2021 13:01:51
202107,ES + Home,TV  audio  Hi-Fi & other electronics,Система безопасности TV&Audio,0,Estimation,848923640,3701061150,18.01.2021 14:45:14
202107,ES + Home,TV  audio  Hi-Fi & other electronics,Фото и видео TV&Audio,1,Estimation,715421024,4070156998,18.01.2021 14:45:14
202107,ES + Home,TV  audio  Hi-Fi & other electronics,Фото и видео TV&Audio,0,Estimation,789103274,1033408821,17.01.2021 13:01:51
202107,ES + Home,TV  audio  Hi-Fi & other electronics,Домашняя Аудио и Видеотехника TV&Audio,0,Estimation,2634425879,1800813337,17.01.2021 13:01:51
202107,ES + Home,TV  audio  Hi-Fi & other electronics,Компьютеры TV&Audio,1,Estimation,660509112,3568848778,18.01.2021 14:45:14
202107,ES + Home,TV  audio  Hi-Fi & other electronics,Movie,0,Estimation,919735212,3990963111,18.01.2021 14:45:14
202107,ES + Home,TV  audio  Hi-Fi & other electronics,Автомобильная техника TV&Audio,1,Estimation,2491478811,3160073714,18.01.2021 14:45:14
202107,ES + Home,TV  audio  Hi-Fi & other electronics,Music,0,Estimation,86616917,1253508830,18.01.2021 14:45:14
202107,ES + Home,TV  audio  Hi-Fi & other electronics,Карты оплаты  страховки TV&Audio,0,Estimation,662977866,3405764514,18.01.2021 14:45:14
202107,ES + Home,TV  audio  Hi-Fi & other electronics,Програмное обеспечение TV&Audio,1,Estimation,4078688530,477264724,18.01.2021 14:45:14
202107,ES + Home,TV  audio  Hi-Fi & other electronics,Система безопасности TV&Audio,1,Estimation,2800116615,54054868,18.01.2021 14:45:14
202107,ES + Home,TV  audio  Hi-Fi & other electronics,Компьютеры TV&Audio,0,Estimation,3647836694,39417707,18.01.2021 14:45:14
202107,ES + Home,TV  audio  Hi-Fi & other electronics,Игровые приставки и аксессуары TV&Audio,1,Estimation,3135545472,2535266667,18.01.2021 14:45:14
202107,ES + Home,TV  audio  Hi-Fi & other electronics,Электронные товары хобби и отдых TV&Audio,1,Estimation,3582210990,1449553827,18.01.2021 14:45:14
202107,ES + Home,TV  audio  Hi-Fi & other electronics,Портативная аудиотехника TV&Audio,0,Estimation,1467828375,624191021,18.01.2021 14:45:14
202107,ES + Home,TV  audio  Hi-Fi & other electronics,Портативная аудиотехника TV&Audio,1,Estimation,722302591,2614654030,18.01.2021 14:45:14
202107,ES + Home,TV  audio  Hi-Fi & other electronics,Игровые приставки и аксессуары TV&Audio,0,Estimation,2200371374,516505464,17.01.2021 13:01:51
202107,ES + Home,TV  audio  Hi-Fi & other electronics,Электронные товары хобби и отдых TV&Audio,0,Estimation,876879597,2933137468,18.01.2021 14:45:14
202107,ES + Home,TV  audio  Hi-Fi & other electronics,Средства связи TV&Audio,0,Estimation,3895751792,3416225203,17.01.2021 13:01:51
202107,ES + Home,TV  audio  Hi-Fi & other electronics,Игровые приставки и аксессуары TV&Audio,0,Estimation,1827078764,290533713,18.01.2021 14:45:14
202107,ES + Home,TV  audio  Hi-Fi & other electronics,Средства связи TV&Audio,0,Estimation,864442723,4106120375,18.01.2021 14:45:14
202107,ES + Home,TV  audio  Hi-Fi & other electronics,Портативная аудиотехника TV&Audio,0,Estimation,1055309416,3438822128,17.01.2021 13:01:51
202107,ES + Home,TV  audio  Hi-Fi & other electronics,Компьютерная периферия TV&Audio,0,Estimation,784837954,3984511436,18.01.2021 14:45:14
202107,ES + Home,TV  audio  Hi-Fi & other electronics,Компьютерная периферия TV&Audio,0,Estimation,3326360540,2249675638,17.01.2021 13:01:51
202107,ES + Home,TV  audio  Hi-Fi & other electronics,Электронные товары хобби и отдых TV&Audio,0,Estimation,4126860474,279822434,17.01.2021 13:01:51
202107,ES + Home,TV  audio  Hi-Fi & other electronics,Средства связи TV&Audio,1,Estimation,4195523762,2578712009,18.01.2021 14:45:14
202107,FMCG,FMCG nonfood,Уход и гигиена,0,Estimation,444805143,4091172946,26.02.2021 01:35:54
202107,FMCG,FMCG nonfood,Уход и гигиена,0,Estimation,2580838565,982781323,26.02.2021 01:05:34
202107,FMCG,FMCG nonfood,Личная гигиена,0,Estimation,1354790064,38434552,26.02.2021 00:57:31
202107,FMCG,FMCG nonfood,Бытовая химия,0,Estimation,740529377,859517697,26.02.2021 01:35:54
202107,FMCG,FMCG nonfood,Бритвы и лезвия,1,Estimation,3092700351,3051146217,26.02.2021 01:04:22
202107,FMCG,FMCG nonfood,Детская продукция,0,Estimation,4162508407,3425191974,26.02.2021 00:57:31
202107,FMCG,FMCG nonfood,Кормление детское,0,Estimation,4223058677,2165613212,26.02.2021 00:57:31
202107,FMCG,FMCG nonfood,Бритвы и лезвия,0,Estimation,3294495360,2540879217,26.02.2021 00:57:31
202107,FMCG,FMCG nonfood,Детская продукция,0,Estimation,1100051324,1052831222,26.02.2021 01:35:54
202107,FMCG,FMCG nonfood,Личная гигиена,1,Estimation,3401359992,114951137,26.02.2021 01:04:22
202107,FMCG,FMCG nonfood,Электроника детская,0,Estimation,2982768086,2503567326,26.02.2021 00:57:31
202107,FMCG,FMCG nonfood,Электроника детская,1,Estimation,2773204371,1877003439,26.02.2021 01:04:22
202107,FMCG,FMCG nonfood,Кормление детское,0,Estimation,2171761239,1726599395,26.02.2021 01:35:54
202107,FMCG,FMCG nonfood,Бытовая химия,0,Estimation,2409800679,4117925366,26.02.2021 00:57:31
202107,FMCG,FMCG nonfood,Уход и гигиена,1,Estimation,767923967,4237181276,26.02.2021 01:04:22
202107,FMCG,FMCG nonfood,Личная гигиена,0,Estimation,2160136259,1212356251,26.02.2021 01:35:54
202107,FMCG,FMCG nonfood,Уход и гигиена,0,Estimation,3484483151,2792333248,26.02.2021 00:57:31
202107,FMCG,FMCG nonfood,Личная гигиена,0,Estimation,2692361908,1456307714,26.02.2021 01:05:34
202107,FMCG,FMCG nonfood,Бытовая химия,1,Estimation,2679041402,3199830476,26.02.2021 01:04:22
202107,FMCG,FMCG nonfood,Детская продукция,0,Estimation,3587190056,16784219,26.02.2021 01:05:34
202107,FMCG,FMCG nonfood,Кормление детское,0,Estimation,510261471,3219255447,26.02.2021 01:05:34
202107,FMCG,FMCG nonfood,Электроника детская,0,Estimation,1403285548,2154194107,26.02.2021 01:35:54
202107,FMCG,FMCG nonfood,Бритвы и лезвия,0,Estimation,1236244593,3942955479,26.02.2021 01:05:34
202107,FMCG,FMCG nonfood,Электроника детская,0,Estimation,3391716260,1058792429,26.02.2021 01:05:34
202107,FMCG,FMCG nonfood,Бритвы и лезвия,0,Estimation,760402189,2296766187,26.02.2021 01:35:54
202107,FMCG,FMCG nonfood,Кормление детское,1,Estimation,3866222393,233662674,26.02.2021 01:04:22
202107,FMCG,FMCG nonfood,Бытовая химия,0,Estimation,2729388773,2401912524,26.02.2021 01:05:34
202107,FMCG,FMCG nonfood,Детская продукция,1,Estimation,1796979146,2624600593,26.02.2021 01:04:22
202107,FMCG,FMCG nonfood,Детская продукция,0,Estimation,1266130069,1585065964,26.01.2021 01:35:54
202107,FMCG,FMCG nonfood,Личная гигиена,0,Estimation,1163211975,1872794849,26.01.2021 01:05:34
202107,FMCG,FMCG nonfood,Бритвы и лезвия,1,Estimation,1980589958,458215239,26.01.2021 01:04:22
202107,FMCG,FMCG nonfood,Кормление детское,0,Estimation,335384513,2020096631,26.01.2021 01:35:54
202107,FMCG,FMCG nonfood,Бритвы и лезвия,0,Estimation,2366948982,1609166216,26.01.2021 00:57:31
202107,FMCG,FMCG nonfood,Электроника детская,0,Estimation,3273796878,181810593,26.01.2021 00:57:31
202107,FMCG,FMCG nonfood,Бритвы и лезвия,0,Estimation,2551911832,1500432889,26.01.2021 01:35:54
202107,FMCG,FMCG nonfood,Электроника детская,0,Estimation,892199549,2503334600,26.01.2021 01:35:54
202107,FMCG,FMCG nonfood,Бытовая химия,1,Estimation,301902846,429052583,26.01.2021 01:04:22
202107,FMCG,FMCG nonfood,Бритвы и лезвия,0,Estimation,1145117872,1936381390,26.01.2021 01:05:34
202107,FMCG,FMCG nonfood,Электроника детская,0,Estimation,4191629534,1495977030,26.01.2021 01:05:34
202107,FMCG,FMCG nonfood,Бытовая химия,0,Estimation,980204659,2405605549,26.01.2021 01:35:54
202107,FMCG,FMCG nonfood,Личная гигиена,0,Estimation,2648878704,1634910211,26.01.2021 00:57:31
202107,FMCG,FMCG nonfood,Детская продукция,1,Estimation,2407953533,2048401588,26.01.2021 01:04:22
202107,FMCG,FMCG nonfood,Электроника детская,1,Estimation,1036671659,4129759025,26.01.2021 01:04:22
202107,FMCG,FMCG nonfood,Кормление детское,1,Estimation,2001430604,3856880197,26.01.2021 01:04:22
202107,FMCG,FMCG nonfood,Личная гигиена,1,Estimation,3744873407,2447402249,26.01.2021 01:04:22
202107,FMCG,FMCG nonfood,Личная гигиена,0,Estimation,1423569694,3854980322,26.01.2021 01:35:54
202107,FMCG,FMCG nonfood,Кормление детское,0,Estimation,4146019275,30745521,26.01.2021 01:05:34
202107,FMCG,FMCG nonfood,Уход и гигиена,0,Estimation,4050546190,358700392,26.01.2021 01:05:34
202107,FMCG,FMCG nonfood,Детская продукция,0,Estimation,2949735513,2365675166,26.01.2021 01:05:34
202107,FMCG,FMCG nonfood,Уход и гигиена,1,Estimation,2603079753,4282771938,26.01.2021 01:04:22
202107,FMCG,FMCG nonfood,Бытовая химия,0,Estimation,400518404,2817295016,26.01.2021 00:57:31
202107,FMCG,FMCG nonfood,Бытовая химия,0,Estimation,1259956322,2330690781,26.01.2021 01:05:34
202107,FMCG,FMCG nonfood,Детская продукция,0,Estimation,3865554948,1990891267,26.01.2021 00:57:31
202107,FMCG,FMCG nonfood,Уход и гигиена,0,Estimation,1752357796,3956182332,26.01.2021 01:35:54
202107,FMCG,FMCG nonfood,Кормление детское,0,Estimation,1680713409,1681545494,26.01.2021 00:57:31
202107,FMCG,FMCG nonfood,Уход и гигиена,0,Estimation,1652135865,297564166,26.01.2021 00:57:31
202107,FMCG,Food,Молочная продукция стерилизованная,0,Estimation,1983501516,1626762583,26.02.2021 00:31:30
202107,FMCG,Food,Молекулярная кухня,0,Estimation,1493674295,3683726899,26.02.2021 01:35:54
202107,FMCG,Food,Напитки,0,Estimation,2942315933,3186541587,26.02.2021 00:31:30
202107,FMCG,Food,Детское питание,0,Estimation,304010017,52391179,26.02.2021 01:35:54
202107,FMCG,Food,Бакалея,0,Estimation,152341776,227879489,26.02.2021 01:35:54
202107,FMCG,Food,Молочная продукция стерилизованная,0,Estimation,1427362582,1917629519,26.02.2021 01:35:54
202107,FMCG,Food,Бакалея,0,Estimation,1189023246,840906141,26.02.2021 00:31:30
202107,FMCG,Food,Детское питание,0,Estimation,2053210672,3401558733,26.02.2021 00:31:30
202107,FMCG,Food,Напитки,0,Estimation,670399489,1915313448,26.02.2021 01:35:54
202107,FMCG,Food,Детское питание,1,Estimation,1762546464,902766117,26.02.2021 00:30:07
202107,FMCG,Food,Кондитерские изделия,1,Estimation,4270429256,1304429118,26.02.2021 00:30:07
202107,FMCG,Food,Напитки,1,Estimation,1874783625,2775562098,26.02.2021 00:30:07
202107,FMCG,Food,Кондитерские изделия,0,Estimation,1163513046,1551554041,26.02.2021 00:31:30
202107,FMCG,Food,Бакалея,0,Estimation,2873212924,1194455114,26.02.2021 00:23:17
202107,FMCG,Food,Детское питание,0,Estimation,1759728602,2405603006,26.02.2021 00:23:17
202107,FMCG,Food,Кондитерские изделия,0,Estimation,2497758918,2178331525,26.02.2021 01:35:54
202107,FMCG,Food,Кондитерские изделия,0,Estimation,2629245853,3045519311,26.02.2021 00:23:17
202107,FMCG,Food,Молекулярная кухня,0,Estimation,4147398433,845730640,26.02.2021 00:23:17
202107,FMCG,Food,Бакалея,1,Estimation,3122048614,1339841640,26.02.2021 00:30:07
202107,FMCG,Food,Молочная продукция стерилизованная,0,Estimation,2425777926,392538221,26.02.2021 00:23:17
202107,FMCG,Food,Молочная продукция стерилизованная,1,Estimation,1357302199,2251207893,26.02.2021 00:30:07
202107,FMCG,Food,Напитки,0,Estimation,15938967,139239854,26.02.2021 00:23:17
202107,FMCG,Food,Кондитерские изделия,0,Estimation,713962730,215671811,26.01.2021 01:35:54
202107,FMCG,Food,Кондитерские изделия,0,Estimation,2634087399,3145846148,26.01.2021 00:23:17
202107,FMCG,Food,Молочная продукция стерилизованная,1,Estimation,3185036997,1818919945,26.01.2021 00:30:07
202107,FMCG,Food,Напитки,0,Estimation,9011871,1576663410,26.01.2021 00:23:17
202107,FMCG,Food,Напитки,0,Estimation,3074471845,3382234633,26.01.2021 01:35:54
202107,FMCG,Food,Бакалея,1,Estimation,1470684293,441108791,26.01.2021 00:30:07
202107,FMCG,Food,Детское питание,0,Estimation,58807551,3873563988,26.01.2021 00:31:30
202107,FMCG,Food,Бакалея,0,Estimation,3548330603,4023123528,26.01.2021 00:31:30
202107,FMCG,Food,Молочная продукция стерилизованная,0,Estimation,496899572,824596475,26.01.2021 01:35:54
202107,FMCG,Food,Молочная продукция стерилизованная,0,Estimation,456474995,3276227536,26.01.2021 00:23:17
202107,FMCG,Food,Кондитерские изделия,1,Estimation,3625964191,1396293326,26.01.2021 00:30:07
202107,FMCG,Food,Бакалея,0,Estimation,2362220277,2951012282,26.01.2021 00:23:17
202107,FMCG,Food,Кондитерские изделия,0,Estimation,2549486520,1178451934,26.01.2021 00:31:30
202107,FMCG,Food,Детское питание,0,Estimation,468697097,687143024,26.01.2021 00:23:17
202107,FMCG,Food,Молекулярная кухня,0,Estimation,1037899597,3126059088,26.01.2021 01:35:54
202107,FMCG,Food,Молекулярная кухня,0,Estimation,1935967902,620984622,26.01.2021 00:23:17
202107,FMCG,Food,Молочная продукция стерилизованная,0,Estimation,1156398783,1337046692,26.01.2021 00:31:30
202107,FMCG,Food,Детское питание,0,Estimation,1140487569,1273675942,26.01.2021 01:35:54
202107,FMCG,Food,Бакалея,0,Estimation,2376071766,1693509512,26.01.2021 01:35:54
202107,FMCG,Food,Детское питание,1,Estimation,3877037175,1961546454,26.01.2021 00:30:07
202107,FMCG,Food,Напитки,0,Estimation,2631008577,3785333777,26.01.2021 00:31:30
202107,FMCG,Food,Напитки,1,Estimation,1567009922,2728702631,26.01.2021 00:30:07
202107,FMCG,FreshFood,Хлебобулочные изделия Fresh,1,Estimation,1252758728,2327852309,26.02.2021 00:30:36
202107,FMCG,FreshFood,Мясная гастрономия,1,Estimation,3451618517,3938306642,26.02.2021 00:30:36
202107,FMCG,FreshFood,Растительные аналоги Fresh,1,Estimation,214481185,191930481,26.02.2021 00:30:36
202107,FMCG,FreshFood,Замороженные продукты,1,Estimation,1545687380,2240874169,26.02.2021 00:30:36
202107,FMCG,FreshFood,Напитки Fresh,1,Estimation,2143515643,3059592927,26.02.2021 00:30:36
202107,FMCG,FreshFood,Овощи  фрукты  зелень свежие,1,Estimation,2727456903,907259439,26.02.2021 00:30:36
202107,FMCG,FreshFood,Мясо  птица,1,Estimation,1254629554,3342627494,26.02.2021 00:30:36
202107,FMCG,FreshFood,Кулинария и полуфабрикаты Fresh,1,Estimation,3025278428,580710430,26.02.2021 00:30:36
202107,FMCG,FreshFood,Рыба  морепродукты,1,Estimation,201012958,1543997798,26.02.2021 00:30:36
202107,FMCG,FreshFood,Молочная продукция и яйца Fresh,1,Estimation,1392169287,751625299,26.02.2021 00:30:36
202107,FMCG,FreshFood,Овощи  фрукты  зелень свежие,1,Estimation,4140264402,1469020149,26.01.2021 00:30:36
202107,FMCG,FreshFood,Кулинария и полуфабрикаты Fresh,1,Estimation,1583406486,3211260931,26.01.2021 00:30:36
202107,FMCG,FreshFood,Молочная продукция и яйца Fresh,1,Estimation,2146157582,302192432,26.01.2021 00:30:36
202107,FMCG,FreshFood,Рыба  морепродукты,1,Estimation,3738364286,3751432686,26.01.2021 00:30:36
202107,FMCG,FreshFood,Растительные аналоги Fresh,1,Estimation,3667547425,1751642931,26.01.2021 00:30:36
202107,FMCG,FreshFood,Замороженные продукты,1,Estimation,3225188605,2218800739,26.01.2021 00:30:36
202107,FMCG,FreshFood,Хлебобулочные изделия Fresh,1,Estimation,3342429357,3213401990,26.01.2021 00:30:36
202107,FMCG,FreshFood,Мясная гастрономия,1,Estimation,1286311357,2972711881,26.01.2021 00:30:36
202107,FMCG,FreshFood,Напитки Fresh,1,Estimation,1334886262,2478613994,26.01.2021 00:30:36
202107,FMCG,FreshFood,Мясо  птица,1,Estimation,3784385877,2307434407,26.01.2021 00:30:36
202107,FMCG,Moms&Kids,Товары для школы  канцелярия  оборудование,0,Estimation,3165908994,3369292224,25.02.2021 14:13:39
202107,FMCG,Moms&Kids,Игрушки,0,Estimation,447034641,3568187835,25.02.2021 13:53:11
202107,FMCG,Moms&Kids,КГТ и спорт для детей,0,Estimation,3345080590,1138315191,25.02.2021 14:13:39
202107,FMCG,Moms&Kids,Творчество  хобби и игры,0,Estimation,4062375890,3868597955,25.02.2021 14:13:39
202107,FMCG,Moms&Kids,КГТ и спорт для детей,0,Estimation,1245457250,2144062124,26.02.2021 01:35:54
202107,FMCG,Moms&Kids,Товары для школы  канцелярия  оборудование,0,Estimation,2162709317,815546038,26.02.2021 01:35:54
202107,FMCG,Moms&Kids,Игрушки,1,Estimation,692232452,317067000,25.02.2021 13:53:11
202107,FMCG,Moms&Kids,КГТ и спорт для детей,1,Estimation,602247608,2597969620,25.02.2021 13:53:11
202107,FMCG,Moms&Kids,Творчество  хобби и игры,1,Estimation,4013867892,3676345115,25.02.2021 13:53:11
202107,FMCG,Moms&Kids,Творчество  хобби и игры,0,Estimation,3153616402,4040165702,26.02.2021 01:35:54
202107,FMCG,Moms&Kids,Игрушки,0,Estimation,2798855025,10444249,26.02.2021 01:35:54
202107,FMCG,Moms&Kids,Товары для школы  канцелярия  оборудование,1,Estimation,732800271,1063404664,25.02.2021 13:53:11
202107,FMCG,Moms&Kids,Творчество  хобби и игры,0,Estimation,3887078738,3030099088,25.02.2021 13:53:11
202107,FMCG,Moms&Kids,Игрушки,0,Estimation,2759928635,948201111,25.02.2021 14:13:39
202107,FMCG,Moms&Kids,Товары для школы  канцелярия  оборудование,0,Estimation,129629823,2319528031,25.02.2021 13:53:11
202107,FMCG,Moms&Kids,КГТ и спорт для детей,0,Estimation,2373428990,4117865971,25.02.2021 13:53:11
202107,FMCG,Moms&Kids,Игрушки,0,Estimation,2022744573,410101844,25.01.2021 14:13:39
202107,FMCG,Moms&Kids,Творчество  хобби и игры,1,Estimation,3227216796,4117574629,25.01.2021 13:53:11
202107,FMCG,Moms&Kids,Творчество  хобби и игры,0,Estimation,2364599592,649704986,25.01.2021 13:53:11
202107,FMCG,Moms&Kids,Игрушки,0,Estimation,1088353652,560815535,25.01.2021 13:53:11
202107,FMCG,Moms&Kids,Творчество  хобби и игры,0,Estimation,3752936422,2673604743,25.01.2021 14:13:39
202107,FMCG,Moms&Kids,Игрушки,0,Estimation,3933156234,3738960344,26.01.2021 01:35:54
202107,FMCG,Moms&Kids,Игрушки,1,Estimation,58913521,3395924941,25.01.2021 13:53:11
202107,FMCG,Moms&Kids,Товары для школы  канцелярия  оборудование,0,Estimation,3838746658,3145160225,26.01.2021 01:35:54
202107,FMCG,Moms&Kids,Товары для школы  канцелярия  оборудование,1,Estimation,1011650064,1183525171,25.01.2021 13:53:11
202107,FMCG,Moms&Kids,КГТ и спорт для детей,0,Estimation,2898398994,1303981372,26.01.2021 01:35:54
202107,FMCG,Moms&Kids,КГТ и спорт для детей,1,Estimation,4232940444,1091733228,25.01.2021 13:53:11
202107,FMCG,Moms&Kids,КГТ и спорт для детей,0,Estimation,935655784,1450756169,25.01.2021 13:53:11
202107,FMCG,Moms&Kids,Товары для школы  канцелярия  оборудование,0,Estimation,454469163,3924855925,25.01.2021 14:13:39
202107,FMCG,Moms&Kids,Творчество  хобби и игры,0,Estimation,1256390773,334169871,26.01.2021 01:35:54
202107,FMCG,Moms&Kids,КГТ и спорт для детей,0,Estimation,2508629627,1081908201,25.01.2021 14:13:39
202107,FMCG,Moms&Kids,Товары для школы  канцелярия  оборудование,0,Estimation,618925488,469998708,25.01.2021 13:53:11
202107,FMCG,Zoo,Гигиена и уход животных,0,Estimation,4167282722,2216950008,26.02.2021 01:35:54
202107,FMCG,Zoo,Фермерское хозяйство - Оборудование для птицеводства и животноводства,0,Estimation,3282473881,4137819811,26.02.2021 00:56:14
202107,FMCG,Zoo,Спальное место животного,1,Estimation,1652546595,1979417586,26.02.2021 01:00:04
202107,FMCG,Zoo,Фермерское хозяйство - Оборудование для птицеводства и животноводства,0,Estimation,4005282520,2984208931,26.02.2021 01:35:54
202107,FMCG,Zoo,Спальное место животного,0,Estimation,3234612104,1464854291,26.02.2021 00:56:14
202107,FMCG,Zoo,Товары для прогулки и дрессировки животных,0,Estimation,2461681342,100445027,26.02.2021 01:02:02
202107,FMCG,Zoo,Гигиена и уход животных,0,Estimation,1223138132,1886933505,26.02.2021 01:02:02
202107,FMCG,Zoo,Фермерское хозяйство - Товары для пчеловодства,0,Estimation,2011515859,1239609048,26.02.2021 01:35:54
202107,FMCG,Zoo,Фермерское хозяйство - Корма и кормовые добавки для птицеводства и животноводства,0,Estimation,3414595681,3379339471,26.02.2021 00:56:14
202107,FMCG,Zoo,Зоокорм  витамины,0,Estimation,3934632407,361300559,26.02.2021 01:35:54
202107,FMCG,Zoo,Товары для прогулки и дрессировки животных,0,Estimation,2185439892,3109040772,26.02.2021 01:35:54
202107,FMCG,Zoo,Фермерское хозяйство - Содержание  уход птицы и сельскохозяйственных животных,0,Estimation,3102490813,2313521063,26.02.2021 00:56:14
202107,FMCG,Zoo,Фермерское хозяйство - Содержание  уход птицы и сельскохозяйственных животных,0,Estimation,1987201446,2815325785,26.02.2021 01:35:54
202107,FMCG,Zoo,Спальное место животного,0,Estimation,1544861117,1728353745,26.02.2021 01:02:02
202107,FMCG,Zoo,Товары для прогулки и дрессировки животных,0,Estimation,895474426,3681604110,26.02.2021 00:56:14
202107,FMCG,Zoo,Зоокорм  витамины,0,Estimation,3774733745,2210122987,26.02.2021 01:02:02
202107,FMCG,Zoo,Зоокорм  витамины,0,Estimation,3697498733,1400944942,26.02.2021 00:56:14
202107,FMCG,Zoo,Фермерское хозяйство - Товары для пчеловодства,0,Estimation,1222261219,3318077551,26.02.2021 00:56:14
202107,FMCG,Zoo,Фермерское хозяйство - Корма и кормовые добавки для птицеводства и животноводства,0,Estimation,1228538918,2643185365,26.02.2021 01:35:54
202107,FMCG,Zoo,Гигиена и уход животных,1,Estimation,2844300393,3258757239,26.02.2021 01:00:04
202107,FMCG,Zoo,Спальное место животного,0,Estimation,821850511,1520419860,26.02.2021 01:35:54
202107,FMCG,Zoo,Зоокорм  витамины,1,Estimation,4077840163,3984258041,26.02.2021 01:00:04
202107,FMCG,Zoo,Товары для прогулки и дрессировки животных,1,Estimation,2242641796,1707431268,26.02.2021 01:00:04
202107,FMCG,Zoo,Гигиена и уход животных,0,Estimation,3494415794,3118642541,26.02.2021 00:56:14
202107,FMCG,Zoo,Товары для прогулки и дрессировки животных,0,Estimation,1265656910,1900481187,26.01.2021 01:02:02
202107,FMCG,Zoo,Гигиена и уход животных,1,Estimation,1740626394,2232064054,26.01.2021 01:00:04
202107,FMCG,Zoo,Зоокорм  витамины,1,Estimation,2986945188,2936142006,26.01.2021 01:00:04
202107,FMCG,Zoo,Товары для прогулки и дрессировки животных,1,Estimation,1350865110,1173027958,26.01.2021 01:00:04
202107,FMCG,Zoo,Гигиена и уход животных,0,Estimation,2198819558,1956156983,26.01.2021 00:56:14
202107,FMCG,Zoo,Фермерское хозяйство - Содержание  уход птицы и сельскохозяйственных животных,0,Estimation,2877629870,3286122450,26.01.2021 01:35:54
202107,FMCG,Zoo,Спальное место животного,0,Estimation,4055138954,3395473908,26.01.2021 01:35:54
202107,FMCG,Zoo,Зоокорм  витамины,0,Estimation,1061213650,4217508223,26.01.2021 00:56:14
202107,FMCG,Zoo,Фермерское хозяйство - Оборудование для птицеводства и животноводства,0,Estimation,1375450129,2370321618,26.01.2021 01:35:54
202107,FMCG,Zoo,Товары для прогулки и дрессировки животных,0,Estimation,1188105823,2666778440,26.01.2021 00:56:14
202107,FMCG,Zoo,Фермерское хозяйство - Корма и кормовые добавки для птицеводства и животноводства,0,Estimation,2903655147,3885724928,26.01.2021 01:35:54
202107,FMCG,Zoo,Гигиена и уход животных,0,Estimation,1589565311,2551559088,26.01.2021 01:02:02
202107,FMCG,Zoo,Фермерское хозяйство - Оборудование для птицеводства и животноводства,0,Estimation,767639681,1781305456,26.01.2021 00:56:14
202107,FMCG,Zoo,Фермерское хозяйство - Товары для пчеловодства,0,Estimation,3251696713,2066508783,26.01.2021 00:56:14
202107,FMCG,Zoo,Фермерское хозяйство - Корма и кормовые добавки для птицеводства и животноводства,0,Estimation,2816673627,3831443809,26.01.2021 00:56:14
202107,FMCG,Zoo,Товары для прогулки и дрессировки животных,0,Estimation,2828599964,2541744277,26.01.2021 01:35:54
202107,FMCG,Zoo,Фермерское хозяйство - Содержание  уход птицы и сельскохозяйственных животных,0,Estimation,304828817,1961225926,26.01.2021 00:56:14
202107,FMCG,Zoo,Фермерское хозяйство - Товары для пчеловодства,0,Estimation,2744729324,3396843745,26.01.2021 01:35:54
202107,FMCG,Zoo,Спальное место животного,0,Estimation,2519908371,2822474573,26.01.2021 01:02:02
202107,FMCG,Zoo,Зоокорм  витамины,0,Estimation,1050884659,143597027,26.01.2021 01:02:02
202107,FMCG,Zoo,Спальное место животного,1,Estimation,4147650608,4272429850,26.01.2021 01:00:04
202107,FMCG,Zoo,Спальное место животного,0,Estimation,760290197,3552619413,26.01.2021 00:56:14
202107,FMCG,Zoo,Зоокорм  витамины,0,Estimation,1912842954,2718971695,26.01.2021 01:35:54
202107,FMCG,Zoo,Гигиена и уход животных,0,Estimation,910701417,2542735992,26.01.2021 01:35:54
202108,Beauty,Apparel,Аксессуары для взрослых и детей,1,Estimation,1539647956,1026939832,24.02.2021 16:27:18
202108,Beauty,Apparel,Взрослая одежда,1,Estimation,564303570,1622858293,24.02.2021 16:27:18
202108,Beauty,Apparel,Детская обувь,0,Estimation,4276683086,3566042534,25.02.2021 10:39:58
202108,Beauty,Apparel,Взрослая одежда,0,Estimation,3118564074,3766303708,25.02.2021 10:39:58
202108,Beauty,Apparel,Детская одежда,0,Estimation,1081794937,1229147342,25.02.2021 10:39:58
202108,Beauty,Apparel,Детская одежда,0,Estimation,2321384634,766890100,25.02.2021 10:58:00
202108,Beauty,Apparel,Взрослая обувь,0,Estimation,3612876213,3740023069,25.02.2021 10:58:00
202108,Beauty,Apparel,Взрослая обувь,0,Estimation,1387379759,2519030829,25.02.2021 10:39:58
202108,Beauty,Apparel,Бижутерия и часы бижутерные,0,Estimation,2582928804,4156102474,25.02.2021 10:58:00
202108,Beauty,Apparel,Детская обувь,0,Estimation,2431623402,2692611451,25.02.2021 10:58:00
202108,Beauty,Apparel,Бижутерия и часы бижутерные,0,Estimation,1188571714,2062253838,25.02.2021 10:39:58
202108,Beauty,Apparel,Аксессуары для взрослых и детей,0,Estimation,2596875284,3405608443,25.02.2021 10:58:00
202108,Beauty,Apparel,Взрослая одежда,0,Estimation,4037275280,3915363683,25.02.2021 10:58:00
202108,Beauty,Apparel,Аксессуары для взрослых и детей,0,Estimation,2878067814,59889995,25.02.2021 10:39:58
202108,Beauty,Apparel,Взрослая обувь,0,Estimation,101110438,1377847452,25.01.2021 10:39:58
202108,Beauty,Apparel,Детская одежда,0,Estimation,3868963000,1793997345,25.01.2021 10:39:58
202108,Beauty,Apparel,Аксессуары для взрослых и детей,0,Estimation,788405515,3065477326,25.01.2021 10:58:00
202108,Beauty,Apparel,Бижутерия и часы бижутерные,0,Estimation,2273971795,3421118277,25.01.2021 10:39:58
202108,Beauty,Apparel,Детская обувь,0,Estimation,1710700072,2026750985,25.01.2021 10:39:58
202108,Beauty,Apparel,Бижутерия и часы бижутерные,0,Estimation,3348653500,2129318926,25.01.2021 10:58:00
202108,Beauty,Apparel,Взрослая одежда,0,Estimation,3750696353,4060896394,25.01.2021 10:39:58
202108,Beauty,Apparel,Аксессуары для взрослых и детей,0,Estimation,4162173030,4243160089,25.01.2021 10:39:58
202108,Beauty,Apparel,Детская одежда,0,Estimation,3526599289,2918569658,25.01.2021 10:58:00
202108,Beauty,Apparel,Взрослая одежда,0,Estimation,3215952889,2491837206,25.01.2021 10:58:00
202108,Beauty,Apparel,Взрослая одежда,1,Estimation,3645252716,3674473530,24.01.2021 16:27:18
202108,Beauty,Apparel,Детская обувь,0,Estimation,2675315147,3497092885,25.01.2021 10:58:00
202108,Beauty,Apparel,Аксессуары для взрослых и детей,1,Estimation,3762846565,971499415,24.01.2021 16:27:18
202108,Beauty,Apparel,Взрослая обувь,0,Estimation,3532776272,2066873175,25.01.2021 10:58:00
202108,Beauty,Health&Beauty,Косметика для ухода за кожей,0,Estimation,2050420775,3250455833,24.02.2021 11:02:28
202108,Beauty,Health&Beauty,Уход и гигиена,0,Estimation,2623570219,1609205820,24.02.2021 11:02:28
202108,Beauty,Health&Beauty,Уход и гигиена,1,Estimation,1809258528,461881540,24.02.2021 17:44:13
202108,Beauty,Health&Beauty,Косметические средства для детей и беременных,0,Estimation,692699189,1855418592,24.02.2021 11:02:28
202108,Beauty,Health&Beauty,Декоративная косметика,1,Estimation,3887261062,2777623315,24.02.2021 17:44:13
202108,Beauty,Health&Beauty,Косметика для ухода за кожей,1,Estimation,1046129431,1680581894,24.02.2021 17:44:13
202108,Beauty,Health&Beauty,Косметическая техника,1,Estimation,2214204808,2143734410,24.02.2021 17:44:13
202108,Beauty,Health&Beauty,Парфюмерия  ароматерапия,1,Estimation,1172224423,1298854615,24.02.2021 17:44:13
202108,Beauty,Health&Beauty,Косметика для ухода за волосами,1,Estimation,1403257349,2890916985,24.02.2021 17:44:13
202108,Beauty,Health&Beauty,Косметика для ухода за кожей,0,Estimation,1103208821,2111813090,25.02.2021 20:57:25
202108,Beauty,Health&Beauty,Косметика для ухода за волосами,0,Estimation,70142629,3715832519,24.02.2021 11:02:28
202108,Beauty,Health&Beauty,Косметическая техника,0,Estimation,2666039415,3806102315,24.02.2021 11:02:28
202108,Beauty,Health&Beauty,Косметические аксессуары,0,Estimation,3660171383,2669111574,25.02.2021 20:57:25
202108,Beauty,Health&Beauty,Декоративная косметика,0,Estimation,1068856329,4173414095,24.02.2021 11:02:28
202108,Beauty,Health&Beauty,Уход и гигиена,0,Estimation,1522552892,1951134102,25.02.2021 20:57:25
202108,Beauty,Health&Beauty,Косметика для ухода за волосами,0,Estimation,2916172604,3099240136,25.02.2021 20:57:25
202108,Beauty,Health&Beauty,Косметические средства для детей и беременных,0,Estimation,4262261109,2446931690,25.02.2021 20:57:25
202108,Beauty,Health&Beauty,Косметическая техника,0,Estimation,3480375380,2661560172,25.02.2021 20:57:25
202108,Beauty,Health&Beauty,Декоративная косметика,0,Estimation,3403181260,940817736,25.02.2021 20:57:25
202108,Beauty,Health&Beauty,Парфюмерия  ароматерапия,0,Estimation,1075573037,1295648006,24.02.2021 11:02:28
202108,Beauty,Health&Beauty,Парфюмерия  ароматерапия,0,Estimation,1472727770,2309008359,25.02.2021 20:57:25
202108,Beauty,Health&Beauty,Косметические аксессуары,0,Estimation,3555445676,2575067333,24.02.2021 11:02:28
202108,Beauty,Health&Beauty,Косметические средства для детей и беременных,1,Estimation,390309360,4249488,24.02.2021 17:44:13
202108,Beauty,Health&Beauty,Косметические аксессуары,1,Estimation,779319189,3512460456,24.02.2021 17:44:13
202108,Beauty,Health&Beauty,Косметика для ухода за волосами,0,Estimation,426244643,1475054149,25.01.2021 20:57:25
202108,Beauty,Health&Beauty,Косметические аксессуары,0,Estimation,312715819,4233296542,24.01.2021 11:02:28
202108,Beauty,Health&Beauty,Косметическая техника,0,Estimation,3158348341,2269111112,25.01.2021 20:57:25
202108,Beauty,Health&Beauty,Декоративная косметика,0,Estimation,2330064967,1207579141,25.01.2021 20:57:25
202108,Beauty,Health&Beauty,Уход и гигиена,0,Estimation,2267105103,456311268,25.01.2021 20:57:25
202108,Beauty,Health&Beauty,Косметические аксессуары,1,Estimation,177787899,375336978,24.01.2021 17:44:13
202108,Beauty,Health&Beauty,Косметика для ухода за кожей,0,Estimation,3634702310,1817524730,25.01.2021 20:57:25
202108,Beauty,Health&Beauty,Парфюмерия  ароматерапия,1,Estimation,1044443732,2983933405,24.01.2021 17:44:13
202108,Beauty,Health&Beauty,Косметические средства для детей и беременных,1,Estimation,753248290,4165729812,24.01.2021 17:44:13
202108,Beauty,Health&Beauty,Парфюмерия  ароматерапия,0,Estimation,2034033441,147890602,25.01.2021 20:57:25
202108,Beauty,Health&Beauty,Косметическая техника,1,Estimation,2881218444,4119198660,24.01.2021 17:44:13
202108,Beauty,Health&Beauty,Косметические средства для детей и беременных,0,Estimation,2006514670,4218636068,24.01.2021 11:02:28
202108,Beauty,Health&Beauty,Декоративная косметика,1,Estimation,3330916711,3052092658,24.01.2021 17:44:13
202108,Beauty,Health&Beauty,Декоративная косметика,0,Estimation,3665776960,1884976700,24.01.2021 11:02:28
202108,Beauty,Health&Beauty,Косметическая техника,0,Estimation,1703463613,63513494,24.01.2021 11:02:28
202108,Beauty,Health&Beauty,Косметические аксессуары,0,Estimation,4042779150,899409029,25.01.2021 20:57:25
202108,Beauty,Health&Beauty,Косметика для ухода за волосами,0,Estimation,2708029984,2207259103,24.01.2021 11:02:28
202108,Beauty,Health&Beauty,Уход и гигиена,1,Estimation,2596866743,3225810810,24.01.2021 17:44:13
202108,Beauty,Health&Beauty,Парфюмерия  ароматерапия,0,Estimation,3992062716,222848197,24.01.2021 11:02:28
202108,Beauty,Health&Beauty,Косметика для ухода за кожей,1,Estimation,1981825280,3110527436,24.01.2021 17:44:13
202108,Beauty,Health&Beauty,Косметические средства для детей и беременных,0,Estimation,1639117740,3470582557,25.01.2021 20:57:25
202108,Beauty,Health&Beauty,Косметика для ухода за волосами,1,Estimation,1959047204,3049377864,24.01.2021 17:44:13
202108,Beauty,Health&Beauty,Косметика для ухода за кожей,0,Estimation,2123032267,2103811026,24.01.2021 11:02:28
202108,Beauty,Health&Beauty,Уход и гигиена,0,Estimation,144451724,1890614053,24.01.2021 11:02:28
202108,Beauty,Jewelry,Ювелирные изделия,0,Estimation,3892261333,3747214819,25.02.2021 15:11:04
202108,Beauty,Jewelry,Ювелирные изделия,0,Estimation,1964547957,1539419269,25.01.2021 15:11:04
202108,Beauty,Pharmacy,Профессиональный уход за полостью рта,0,Estimation,1457068047,2288741286,20.02.2021 18:23:40
202108,Beauty,Pharmacy,Медицинские изделия,1,Estimation,2800394721,3540654186,24.02.2021 23:38:51
202108,Beauty,Pharmacy,Электронные сигареты  парители  кальяны,1,Estimation,3010172462,2424512499,24.02.2021 23:38:51
202108,Beauty,Pharmacy,Профессиональный уход за полостью рта,1,Estimation,85019647,450555070,24.02.2021 23:38:51
202108,Beauty,Pharmacy,Оптика,0,Estimation,696985601,367769817,20.02.2021 18:23:40
202108,Beauty,Pharmacy,Средства реабилитации,0,Estimation,2900950744,2580538147,20.02.2021 18:23:40
202108,Beauty,Pharmacy,Тату,0,Estimation,2871994062,2277928749,20.02.2021 18:23:40
202108,Beauty,Pharmacy,Лекарственные средства,0,Estimation,305554808,2568143105,20.02.2021 18:23:40
202108,Beauty,Pharmacy,Медицинские изделия,0,Estimation,1728191626,2524245119,20.02.2021 18:23:40
202108,Beauty,Pharmacy,Средства реабилитации,1,Estimation,133531026,923536372,24.02.2021 23:38:51
202108,Beauty,Pharmacy,Оптика,1,Estimation,1466666458,2563797729,24.02.2021 23:38:51
202108,Beauty,Pharmacy,Парафармацевтика,0,Estimation,1437782665,1913410456,20.02.2021 18:23:40
202108,Beauty,Pharmacy,Парафармацевтика,1,Estimation,188318280,3250279164,24.02.2021 23:38:51
202108,Beauty,Pharmacy,Лекарственные средства,1,Estimation,2138966407,3717555883,24.02.2021 23:38:51
202108,Beauty,Pharmacy,Уход и гигиена,1,Estimation,3781115884,659907417,24.02.2021 23:38:51
202108,Beauty,Pharmacy,Уход и гигиена,0,Estimation,3540569720,4019898142,20.02.2021 18:23:40
202108,Beauty,Pharmacy,Электронные сигареты  парители  кальяны,0,Estimation,2797453913,1725540865,20.02.2021 18:23:40
202108,Beauty,Pharmacy,Товары для взрослых,1,Estimation,3755715840,1274526540,24.02.2021 23:38:51
202108,Beauty,Pharmacy,Витамины и БАДы,0,Estimation,2031116809,946144449,20.02.2021 18:23:40
202108,Beauty,Pharmacy,Лекарственные средства для животных,0,Estimation,2285839413,2953395240,20.02.2021 18:23:40
202108,Beauty,Pharmacy,Антибактериальные  дезинфицирующие средства,1,Estimation,3900253971,2931795869,24.02.2021 23:38:51
202108,Beauty,Pharmacy,Спортивное питание,1,Estimation,2654383747,1875231512,24.02.2021 23:38:51
202108,Beauty,Pharmacy,Ортопедия и компрессионный трикотаж,0,Estimation,3922230134,622474696,20.02.2021 18:23:40
202108,Beauty,Pharmacy,Антибактериальные  дезинфицирующие средства,0,Estimation,2396285051,589820606,20.02.2021 18:23:40
202108,Beauty,Pharmacy,Спортивное питание,0,Estimation,957674546,3122015288,20.02.2021 18:23:40
202108,Beauty,Pharmacy,Медицинская техника,1,Estimation,2087644607,125316180,24.02.2021 23:38:51
202108,Beauty,Pharmacy,Медицинская техника,0,Estimation,3796111185,302305193,20.02.2021 18:23:40
202108,Beauty,Pharmacy,Товары для взрослых,0,Estimation,1259232748,3374391281,20.02.2021 18:23:40
202108,Beauty,Pharmacy,Ортопедия и компрессионный трикотаж,1,Estimation,41567544,595127761,24.02.2021 23:38:51
202108,Beauty,Pharmacy,Витамины и БАДы,1,Estimation,3983510880,2161371440,24.02.2021 23:38:51
202108,Beauty,Pharmacy,Парафармацевтика,0,Estimation,3924981220,1034802559,20.01.2021 18:23:40
202108,Beauty,Pharmacy,Парафармацевтика,1,Estimation,3398371624,2295184712,24.01.2021 23:38:51
202108,Beauty,Pharmacy,Ортопедия и компрессионный трикотаж,1,Estimation,2776386914,2159852926,24.01.2021 23:38:51
202108,Beauty,Pharmacy,Средства реабилитации,0,Estimation,2175580415,272857079,20.01.2021 18:23:40
202108,Beauty,Pharmacy,Спортивное питание,0,Estimation,1621256360,2696154754,20.01.2021 18:23:40
202108,Beauty,Pharmacy,Антибактериальные  дезинфицирующие средства,0,Estimation,3915283330,3089206036,20.01.2021 18:23:40
202108,Beauty,Pharmacy,Оптика,1,Estimation,3188965390,1451844095,24.01.2021 23:38:51
202108,Beauty,Pharmacy,Уход и гигиена,1,Estimation,1989621667,3072921063,24.01.2021 23:38:51
202108,Beauty,Pharmacy,Антибактериальные  дезинфицирующие средства,1,Estimation,1283322488,26417235,24.01.2021 23:38:51
202108,Beauty,Pharmacy,Спортивное питание,1,Estimation,2220431008,705032125,24.01.2021 23:38:51
202108,Beauty,Pharmacy,Ортопедия и компрессионный трикотаж,0,Estimation,1162546269,148921155,20.01.2021 18:23:40
202108,Beauty,Pharmacy,Профессиональный уход за полостью рта,0,Estimation,4218812010,15983088,20.01.2021 18:23:40
202108,Beauty,Pharmacy,Профессиональный уход за полостью рта,1,Estimation,1025066381,2355996138,24.01.2021 23:38:51
202108,Beauty,Pharmacy,Медицинские изделия,0,Estimation,3979235274,1542805613,20.01.2021 18:23:40
202108,Beauty,Pharmacy,Электронные сигареты  парители  кальяны,0,Estimation,2694166454,474663118,20.01.2021 18:23:40
202108,Beauty,Pharmacy,Уход и гигиена,0,Estimation,2907778218,3861174538,20.01.2021 18:23:40
202108,Beauty,Pharmacy,Лекарственные средства для животных,0,Estimation,3553783884,2870776355,20.01.2021 18:23:40
202108,Beauty,Pharmacy,Медицинские изделия,1,Estimation,3129284035,4037390816,24.01.2021 23:38:51
202108,Beauty,Pharmacy,Оптика,0,Estimation,1464472851,2087940828,20.01.2021 18:23:40
202108,Beauty,Pharmacy,Тату,0,Estimation,1997307617,4243482631,20.01.2021 18:23:40
202108,Beauty,Pharmacy,Витамины и БАДы,1,Estimation,1276566593,802348618,24.01.2021 23:38:51
202108,Beauty,Pharmacy,Средства реабилитации,1,Estimation,3904503925,485635451,24.01.2021 23:38:51
202108,Beauty,Pharmacy,Медицинская техника,1,Estimation,52518644,2643668434,24.01.2021 23:38:51
202108,Beauty,Pharmacy,Лекарственные средства,1,Estimation,3832224855,3889534128,24.01.2021 23:38:51
202108,Beauty,Pharmacy,Медицинская техника,0,Estimation,257401437,1953608420,20.01.2021 18:23:40
202108,Beauty,Pharmacy,Товары для взрослых,0,Estimation,2959965657,59284926,20.01.2021 18:23:40
202108,Beauty,Pharmacy,Витамины и БАДы,0,Estimation,1934308038,1136752881,20.01.2021 18:23:40
202108,Beauty,Pharmacy,Электронные сигареты  парители  кальяны,1,Estimation,2484504837,3637712043,24.01.2021 23:38:51
202108,Beauty,Pharmacy,Лекарственные средства,0,Estimation,4196743500,3417234052,20.01.2021 18:23:40
202108,Beauty,Pharmacy,Товары для взрослых,1,Estimation,2097306924,2610842157,24.01.2021 23:38:51
202108,ES + Home,Auto&Moto,Дополнительное оборудование для авто и мото техники,0,Estimation,4124271795,1073930297,17.02.2021 18:25:32
202108,ES + Home,Auto&Moto,Масла и автохимия,1,Estimation,4185391609,2213758592,18.02.2021 14:15:16
202108,ES + Home,Auto&Moto,Универсальные авто и мото аксессуары,0,Estimation,2512605990,1368586154,18.02.2021 14:15:16
202108,ES + Home,Auto&Moto,Шины и диски,0,Estimation,2025746415,3452436447,18.02.2021 14:15:16
202108,ES + Home,Auto&Moto,Автоинструменты и гаражное оборудование,1,Estimation,1834305534,3482925978,18.02.2021 14:15:16
202108,ES + Home,Auto&Moto,Автоинструменты и гаражное оборудование,0,Estimation,2278195060,1223130725,18.02.2021 14:15:16
202108,ES + Home,Auto&Moto,Авто и мото запчасти,0,Estimation,3189651286,2266586789,18.02.2021 14:15:16
202108,ES + Home,Auto&Moto,Масла и автохимия,0,Estimation,279010985,1134064895,18.02.2021 14:15:16
202108,ES + Home,Auto&Moto,Автомобили и мототехника,0,Estimation,2955460750,2253075265,18.02.2021 14:15:16
202108,ES + Home,Auto&Moto,Авто и мото запчасти,1,Estimation,1521040568,3718502907,18.02.2021 14:15:16
202108,ES + Home,Auto&Moto,Универсальные авто и мото аксессуары,1,Estimation,465528492,1573088038,18.02.2021 14:15:16
202108,ES + Home,Auto&Moto,Шины и диски,0,Estimation,2263961947,2457407981,17.02.2021 18:25:32
202108,ES + Home,Auto&Moto,Универсальные авто и мото аксессуары,0,Estimation,4248715963,163168561,17.02.2021 18:25:32
202108,ES + Home,Auto&Moto,Авто и мото запчасти,0,Estimation,464097913,2333720465,17.02.2021 18:25:32
202108,ES + Home,Auto&Moto,Дополнительное оборудование для авто и мото техники,0,Estimation,3234217045,3161855096,18.02.2021 14:15:16
202108,ES + Home,Auto&Moto,Автомобили и мототехника,0,Estimation,4064209014,1304058247,17.02.2021 18:25:32
202108,ES + Home,Auto&Moto,Масла и автохимия,0,Estimation,2335256465,266485784,17.02.2021 18:25:32
202108,ES + Home,Auto&Moto,Автоинструменты и гаражное оборудование,0,Estimation,3623454049,1376852621,17.02.2021 18:25:32
202108,ES + Home,Auto&Moto,Дополнительное оборудование для авто и мото техники,0,Estimation,1231621058,2780270933,18.01.2021 14:15:16
202108,ES + Home,Auto&Moto,Дополнительное оборудование для авто и мото техники,0,Estimation,3655121351,3539033197,17.01.2021 18:25:32
202108,ES + Home,Auto&Moto,Авто и мото запчасти,0,Estimation,1641095067,2027474699,17.01.2021 18:25:32
202108,ES + Home,Auto&Moto,Авто и мото запчасти,0,Estimation,1849373561,606997575,18.01.2021 14:15:16
202108,ES + Home,Auto&Moto,Автоинструменты и гаражное оборудование,0,Estimation,770275630,951614274,17.01.2021 18:25:32
202108,ES + Home,Auto&Moto,Масла и автохимия,0,Estimation,3265317032,3253753782,17.01.2021 18:25:32
202108,ES + Home,Auto&Moto,Универсальные авто и мото аксессуары,0,Estimation,1289199121,3591534954,17.01.2021 18:25:32
202108,ES + Home,Auto&Moto,Шины и диски,0,Estimation,1455072300,3102124133,17.01.2021 18:25:32
202108,ES + Home,Auto&Moto,Универсальные авто и мото аксессуары,1,Estimation,45543067,3074959813,18.01.2021 14:15:16
202108,ES + Home,Auto&Moto,Шины и диски,0,Estimation,1097260580,3662315489,18.01.2021 14:15:16
202108,ES + Home,Auto&Moto,Масла и автохимия,1,Estimation,3742186098,3288792948,18.01.2021 14:15:16
202108,ES + Home,Auto&Moto,Универсальные авто и мото аксессуары,0,Estimation,3717916630,418543671,18.01.2021 14:15:16
202108,ES + Home,Auto&Moto,Авто и мото запчасти,1,Estimation,1204212041,3784652781,18.01.2021 14:15:16
202108,ES + Home,Auto&Moto,Автоинструменты и гаражное оборудование,1,Estimation,4030998624,2352907349,18.01.2021 14:15:16
202108,ES + Home,Auto&Moto,Автоинструменты и гаражное оборудование,0,Estimation,3958107148,1885202088,18.01.2021 14:15:16
202108,ES + Home,Auto&Moto,Автомобили и мототехника,0,Estimation,3182463378,3025871298,17.01.2021 18:25:32
202108,ES + Home,Auto&Moto,Масла и автохимия,0,Estimation,3713671206,2097332181,18.01.2021 14:15:16
202108,ES + Home,Auto&Moto,Автомобили и мототехника,0,Estimation,2917634141,1961455681,18.01.2021 14:15:16
202108,ES + Home,Books,Комиксы,1,Estimation,23170183,1045926072,16.02.2021 18:29:37
202108,ES + Home,Books,Учебная литература,0,Estimation,2349239482,630222904,16.02.2021 18:01:08
202108,ES + Home,Books,Нехудожественная литература,0,Estimation,3458840537,2366602150,16.02.2021 18:01:08
202108,ES + Home,Books,Комиксы,0,Estimation,1834836602,230923209,16.02.2021 18:01:08
202108,ES + Home,Books,Книги детям и родителям,1,Estimation,2015616752,788694138,16.02.2021 18:29:37
202108,ES + Home,Books,Художественная литература,1,Estimation,67072985,3023930596,16.02.2021 18:29:37
202108,ES + Home,Books,Книга по требованию,0,Estimation,2760871504,3096157070,16.02.2021 18:01:08
202108,ES + Home,Books,Нехудожественная литература,1,Estimation,2027156327,1050666071,16.02.2021 18:29:37
202108,ES + Home,Books,Манга,0,Estimation,3045614968,1171985497,16.02.2021 18:01:08
202108,ES + Home,Books,Художественная литература,0,Estimation,1893137317,3776740391,16.02.2021 18:01:08
202108,ES + Home,Books,Современные картографические издания,0,Estimation,1778925631,3773107506,16.02.2021 18:01:08
202108,ES + Home,Books,Иностранное издание,0,Estimation,4202659431,3499598529,16.02.2021 18:01:08
202108,ES + Home,Books,Цифровая книга,0,Estimation,386563156,792283250,16.02.2021 18:01:08
202108,ES + Home,Books,Аудиокнига,0,Estimation,1095468027,2646373266,16.02.2021 18:01:08
202108,ES + Home,Books,Книги детям и родителям,0,Estimation,1674354237,229228329,16.02.2021 18:01:08
202108,ES + Home,Books,Антикварное издание,0,Estimation,3461658656,2481555054,16.02.2021 18:01:08
202108,ES + Home,Books,Манга,1,Estimation,1457079667,1065991063,16.02.2021 18:29:37
202108,ES + Home,Books,Современные листовые издания,0,Estimation,2299549408,7598588,16.02.2021 18:01:08
202108,ES + Home,Books,Современная печатная книга,0,Estimation,1247559636,706349059,16.02.2021 18:01:08
202108,ES + Home,Books,Букинистическое издание,0,Estimation,3511927813,1768511044,16.02.2021 18:01:08
202108,ES + Home,Books,Блокноты с ISBN,1,Estimation,2445853678,3365919464,16.02.2021 18:29:37
202108,ES + Home,Books,Бизнес-литература,0,Estimation,2513278449,973075847,16.02.2021 18:01:08
202108,ES + Home,Books,Блокноты с ISBN,0,Estimation,599106774,1683215446,16.02.2021 18:01:08
202108,ES + Home,Books,ПО на физических носителях,0,Estimation,595675833,2560707367,16.02.2021 18:01:08
202108,ES + Home,Books,Бизнес-литература,1,Estimation,3235145368,451104900,16.02.2021 18:29:37
202108,ES + Home,Books,Современная печатная книга,1,Estimation,1434600881,1591188288,16.02.2021 18:29:37
202108,ES + Home,Books,Цифровая аудиокнига,0,Estimation,4075927317,773812889,16.02.2021 18:01:08
202108,ES + Home,Books,Second-hand книга,0,Estimation,2844815577,1457104703,16.02.2021 18:01:08
202108,ES + Home,Books,Second-hand книга,1,Estimation,4265646024,379712511,16.02.2021 18:29:37
202108,ES + Home,Books,Календари,0,Estimation,3749627950,4051295184,16.02.2021 18:01:08
202108,ES + Home,Books,Литература на иностранном языке,0,Estimation,4050979955,2799250976,16.02.2021 18:01:08
202108,ES + Home,Books,Современная печатная книга,0,Estimation,1648456241,3448940640,16.01.2021 18:01:08
202108,ES + Home,Books,Цифровая книга,0,Estimation,3659880848,2759116597,16.01.2021 18:01:08
202108,ES + Home,Books,Книги детям и родителям,0,Estimation,119689871,695571185,16.01.2021 18:01:08
202108,ES + Home,Books,Second-hand книга,0,Estimation,241814849,3313027575,16.01.2021 18:01:08
202108,ES + Home,Books,Цифровая аудиокнига,0,Estimation,1111087581,2810885597,16.01.2021 18:01:08
202108,ES + Home,Books,Манга,1,Estimation,1081239434,470437184,16.01.2021 18:29:37
202108,ES + Home,Books,Художественная литература,1,Estimation,2548163787,3130529617,16.01.2021 18:29:37
202108,ES + Home,Books,Художественная литература,0,Estimation,1000175646,3782977172,16.01.2021 18:01:08
202108,ES + Home,Books,Учебная литература,0,Estimation,762698318,164894434,16.01.2021 18:01:08
202108,ES + Home,Books,Блокноты с ISBN,0,Estimation,2276218320,575861426,16.01.2021 18:01:08
202108,ES + Home,Books,Комиксы,1,Estimation,1276991126,1089742572,16.01.2021 18:29:37
202108,ES + Home,Books,Букинистическое издание,0,Estimation,2762201739,1471527696,16.01.2021 18:01:08
202108,ES + Home,Books,Календари,0,Estimation,1870567561,1370054945,16.01.2021 18:01:08
202108,ES + Home,Books,Нехудожественная литература,1,Estimation,2727905551,1447331323,16.01.2021 18:29:37
202108,ES + Home,Books,Антикварное издание,0,Estimation,862592617,1642881314,16.01.2021 18:01:08
202108,ES + Home,Books,Современные листовые издания,0,Estimation,463396819,364986153,16.01.2021 18:01:08
202108,ES + Home,Books,Современная печатная книга,1,Estimation,2795863350,772213416,16.01.2021 18:29:37
202108,ES + Home,Books,Second-hand книга,1,Estimation,2564923128,4280578175,16.01.2021 18:29:37
202108,ES + Home,Books,Литература на иностранном языке,0,Estimation,3038803643,3094494312,16.01.2021 18:01:08
202108,ES + Home,Books,Иностранное издание,0,Estimation,2980989584,2289191703,16.01.2021 18:01:08
202108,ES + Home,Books,Современные картографические издания,0,Estimation,1828429962,3599297654,16.01.2021 18:01:08
202108,ES + Home,Books,Манга,0,Estimation,3420551856,1073989998,16.01.2021 18:01:08
202108,ES + Home,Books,Аудиокнига,0,Estimation,2687066127,3990866250,16.01.2021 18:01:08
202108,ES + Home,Books,ПО на физических носителях,0,Estimation,2283844919,1192694094,16.01.2021 18:01:08
202108,ES + Home,Books,Книга по требованию,0,Estimation,2331592640,1226105137,16.01.2021 18:01:08
202108,ES + Home,Books,Блокноты с ISBN,1,Estimation,3940642628,2663917732,16.01.2021 18:29:37
202108,ES + Home,Books,Книги детям и родителям,1,Estimation,3659688858,1894966398,16.01.2021 18:29:37
202108,ES + Home,Books,Комиксы,0,Estimation,1242060980,2651511510,16.01.2021 18:01:08
202108,ES + Home,Books,Бизнес-литература,0,Estimation,1084628202,1294471802,16.01.2021 18:01:08
202108,ES + Home,Books,Бизнес-литература,1,Estimation,1679351810,2642223632,16.01.2021 18:29:37
202108,ES + Home,Books,Нехудожественная литература,0,Estimation,3430335340,573251761,16.01.2021 18:01:08
202108,ES + Home,Digital,Програмное обеспечение Digital,0,Estimation,967338681,179044897,25.02.2021 22:27:30
202108,ES + Home,Digital,Програмное обеспечение Digital,0,Estimation,1137254739,549970053,25.01.2021 22:27:30
202108,ES + Home,DIY,Сад и огород,1,Estimation,2541599036,162584318,18.02.2021 14:45:14
202108,ES + Home,DIY,Освещение,0,Estimation,2482080267,3328695262,17.02.2021 18:25:32
202108,ES + Home,DIY,Сантехника,0,Estimation,1404962001,795209550,18.02.2021 14:45:14
202108,ES + Home,DIY,Сад и огород,0,Estimation,2326677710,2288176093,18.02.2021 14:45:14
202108,ES + Home,DIY,Ремонт и строительство,0,Estimation,3990804928,2727701629,17.02.2021 18:25:32
202108,ES + Home,DIY,Инструменты,1,Estimation,2525974888,2374396407,18.02.2021 14:45:14
202108,ES + Home,DIY,Фильтры для воды,0,Estimation,1302740498,2520599954,18.02.2021 14:45:14
202108,ES + Home,DIY,Сантехника,0,Estimation,107704971,1763569823,17.02.2021 18:25:32
202108,ES + Home,DIY,Инструменты,0,Estimation,3765147431,2075843330,18.02.2021 14:45:14
202108,ES + Home,DIY,Фильтры для воды,1,Estimation,2852578342,639479183,18.02.2021 14:45:14
202108,ES + Home,DIY,Фильтры для воды,0,Estimation,1785555907,4003724807,17.02.2021 18:25:32
202108,ES + Home,DIY,Ремонт и строительство,1,Estimation,2938675951,2050263543,18.02.2021 14:45:14
202108,ES + Home,DIY,Инструменты,0,Estimation,1099382779,4241338459,17.02.2021 18:25:32
202108,ES + Home,DIY,Освещение,1,Estimation,108436458,2311989208,18.02.2021 14:45:14
202108,ES + Home,DIY,Освещение,0,Estimation,3429352309,679962121,18.02.2021 14:45:14
202108,ES + Home,DIY,Ремонт и строительство,0,Estimation,3753095012,1471741771,18.02.2021 14:45:14
202108,ES + Home,DIY,Сад и огород,0,Estimation,1264602885,3484624315,17.02.2021 18:25:32
202108,ES + Home,DIY,Сад и огород,1,Estimation,971345168,957856742,18.01.2021 14:45:14
202108,ES + Home,DIY,Сад и огород,0,Estimation,2954816357,3578554450,18.01.2021 14:45:14
202108,ES + Home,DIY,Инструменты,1,Estimation,1477200035,324614078,18.01.2021 14:45:14
202108,ES + Home,DIY,Фильтры для воды,0,Estimation,1905991527,578804020,18.01.2021 14:45:14
202108,ES + Home,DIY,Ремонт и строительство,0,Estimation,396380129,3134309060,17.01.2021 18:25:32
202108,ES + Home,DIY,Сантехника,0,Estimation,2260036648,22156203,17.01.2021 18:25:32
202108,ES + Home,DIY,Сантехника,0,Estimation,3176848612,431447122,18.01.2021 14:45:14
202108,ES + Home,DIY,Инструменты,0,Estimation,3346854862,1398953809,18.01.2021 14:45:14
202108,ES + Home,DIY,Фильтры для воды,1,Estimation,3128894168,1479567958,18.01.2021 14:45:14
202108,ES + Home,DIY,Освещение,0,Estimation,1825790219,2677509345,17.01.2021 18:25:32
202108,ES + Home,DIY,Ремонт и строительство,1,Estimation,1367362570,2321737939,18.01.2021 14:45:14
202108,ES + Home,DIY,Сад и огород,0,Estimation,2997247626,3587024899,17.01.2021 18:25:32
202108,ES + Home,DIY,Освещение,1,Estimation,1384806901,2377375680,18.01.2021 14:45:14
202108,ES + Home,DIY,Инструменты,0,Estimation,965657039,1861906094,17.01.2021 18:25:32
202108,ES + Home,DIY,Освещение,0,Estimation,3099282476,1939778845,18.01.2021 14:45:14
202108,ES + Home,DIY,Фильтры для воды,0,Estimation,2882466129,4085147718,17.01.2021 18:25:32
202108,ES + Home,DIY,Ремонт и строительство,0,Estimation,2837150878,2251238884,18.01.2021 14:45:14
202108,ES + Home,Furniture,Мебель для сна,0,Estimation,1258409093,436475144,18.02.2021 14:15:16
202108,ES + Home,Furniture,Компьютерная и офисная мебель,0,Estimation,1277807045,1007521742,17.02.2021 18:25:32
202108,ES + Home,Furniture,Мягкая мебель,0,Estimation,1864116885,929507071,17.02.2021 18:25:32
202108,ES + Home,Furniture,Корпусная мебель и мебель для хранения,0,Estimation,4290920934,2295613640,18.02.2021 14:15:16
202108,ES + Home,Furniture,Прочая мебель,0,Estimation,2434359532,3866542930,18.02.2021 14:15:16
202108,ES + Home,Furniture,Столы и стулья,0,Estimation,4072392258,3596576969,18.02.2021 14:15:16
202108,ES + Home,Furniture,Мебель для сада,0,Estimation,1288109184,2951762279,18.02.2021 14:15:16
202108,ES + Home,Furniture,Прочая мебель,0,Estimation,3001392295,3692885195,17.02.2021 18:25:32
202108,ES + Home,Furniture,Мягкая мебель,0,Estimation,67026836,2139790682,18.02.2021 14:15:16
202108,ES + Home,Furniture,Мебель для сада,0,Estimation,3321217657,2746411890,17.02.2021 18:25:32
202108,ES + Home,Furniture,Столы и стулья,0,Estimation,275908546,365280952,17.02.2021 18:25:32
202108,ES + Home,Furniture,Компьютерная и офисная мебель,0,Estimation,3055309336,1038549550,18.02.2021 14:15:16
202108,ES + Home,Furniture,Корпусная мебель и мебель для хранения,0,Estimation,3421780732,2978011530,17.02.2021 18:25:32
202108,ES + Home,Furniture,Мебель для сна,0,Estimation,1576754900,1675581109,17.02.2021 18:25:32
202108,ES + Home,Furniture,Корпусная мебель и мебель для хранения,0,Estimation,2679789438,3257890737,17.01.2021 18:25:32
202108,ES + Home,Furniture,Мягкая мебель,0,Estimation,891366861,2812494183,17.01.2021 18:25:32
202108,ES + Home,Furniture,Корпусная мебель и мебель для хранения,0,Estimation,1232276924,4291648918,18.01.2021 14:15:16
202108,ES + Home,Furniture,Мягкая мебель,0,Estimation,295603732,1985014315,18.01.2021 14:15:16
202108,ES + Home,Furniture,Прочая мебель,0,Estimation,185331993,2976380363,18.01.2021 14:15:16
202108,ES + Home,Furniture,Столы и стулья,0,Estimation,1800067843,3244038471,18.01.2021 14:15:16
202108,ES + Home,Furniture,Мебель для сада,0,Estimation,415618862,3932745072,18.01.2021 14:15:16
202108,ES + Home,Furniture,Мебель для сна,0,Estimation,3381227526,2032611356,17.01.2021 18:25:32
202108,ES + Home,Furniture,Мебель для сна,0,Estimation,717275352,3250354513,18.01.2021 14:15:16
202108,ES + Home,Furniture,Столы и стулья,0,Estimation,2891749892,3721895544,17.01.2021 18:25:32
202108,ES + Home,Furniture,Мебель для сада,0,Estimation,2170367687,4023019471,17.01.2021 18:25:32
202108,ES + Home,Furniture,Компьютерная и офисная мебель,0,Estimation,265734810,3816290853,18.01.2021 14:15:16
202108,ES + Home,Furniture,Прочая мебель,0,Estimation,4144099435,797130646,17.01.2021 18:25:32
202108,ES + Home,Furniture,Компьютерная и офисная мебель,0,Estimation,72918696,678610652,17.01.2021 18:25:32
202108,ES + Home,Household,Антиквариат Хоум Декор,0,Estimation,2883781138,2770450859,18.02.2021 14:45:14
202108,ES + Home,Household,Принадлежности для Нового года,1,Estimation,2876304427,685187151,18.02.2021 14:45:14
202108,ES + Home,Household,Аксессуары для уборки и стирки,1,Estimation,1727962991,139273663,18.02.2021 14:45:14
202108,ES + Home,Household,Ритуальные изделия,0,Estimation,612635932,1743890226,18.02.2021 14:45:14
202108,ES + Home,Household,Интерьер и декор,0,Estimation,1458549050,3217108710,17.02.2021 18:25:32
202108,ES + Home,Household,Аксессуары для уборки и стирки,0,Estimation,1245362408,4070667210,18.02.2021 14:45:14
202108,ES + Home,Household,Домашний текстиль,0,Estimation,3097597311,1102690294,17.02.2021 18:25:32
202108,ES + Home,Household,Ванная комната,0,Estimation,822158202,2446608183,17.02.2021 18:25:32
202108,ES + Home,Household,Интерьер и декор,0,Estimation,3643168707,771343327,18.02.2021 14:45:14
202108,ES + Home,Household,Кухня,0,Estimation,2871285895,1192920090,17.02.2021 18:25:32
202108,ES + Home,Household,Хранение,0,Estimation,190723597,2092241970,18.02.2021 14:45:14
202108,ES + Home,Household,Принадлежности для Нового года,0,Estimation,2049197942,2653108610,18.02.2021 14:45:14
202108,ES + Home,Household,Кухня,0,Estimation,224019083,3516924095,18.02.2021 14:45:14
202108,ES + Home,Household,Домашний текстиль,1,Estimation,3411802020,2155709203,18.02.2021 14:45:14
202108,ES + Home,Household,Ванная комната,0,Estimation,4005351838,3248895567,18.02.2021 14:45:14
202108,ES + Home,Household,Принадлежности для Нового года,0,Estimation,3961529603,3084179409,17.02.2021 18:25:32
202108,ES + Home,Household,Интерьер и декор,1,Estimation,1113830724,1130643319,18.02.2021 14:45:14
202108,ES + Home,Household,Хранение,0,Estimation,3289191254,54382962,17.02.2021 18:25:32
202108,ES + Home,Household,Ритуальные изделия,0,Estimation,3542741171,3829093751,17.02.2021 18:25:32
202108,ES + Home,Household,Кухня,1,Estimation,2422277245,1787147696,18.02.2021 14:45:14
202108,ES + Home,Household,Антиквариат Хоум Декор,0,Estimation,2773922524,3949562224,17.02.2021 18:25:32
202108,ES + Home,Household,Принадлежности для Нового года,1,Estimation,2896135236,3229012676,17.02.2021 18:25:32
202108,ES + Home,Household,Аксессуары для уборки и стирки,0,Estimation,2808900346,1888810920,17.02.2021 18:25:32
202108,ES + Home,Household,Домашний текстиль,0,Estimation,1355694272,3759588681,18.02.2021 14:45:14
202108,ES + Home,Household,Аксессуары для уборки и стирки,1,Estimation,1092055997,2734560865,18.01.2021 14:45:14
202108,ES + Home,Household,Ритуальные изделия,0,Estimation,2141125377,1944229730,18.01.2021 14:45:14
202108,ES + Home,Household,Интерьер и декор,0,Estimation,420856566,1173813694,17.01.2021 18:25:32
202108,ES + Home,Household,Интерьер и декор,0,Estimation,2124255976,2257889288,18.01.2021 14:45:14
202108,ES + Home,Household,Антиквариат Хоум Декор,0,Estimation,2718044353,4057166503,18.01.2021 14:45:14
202108,ES + Home,Household,Принадлежности для Нового года,1,Estimation,4050952252,326632632,18.01.2021 14:45:14
202108,ES + Home,Household,Аксессуары для уборки и стирки,0,Estimation,3716976299,1617452120,18.01.2021 14:45:14
202108,ES + Home,Household,Ванная комната,0,Estimation,1210925794,86183138,17.01.2021 18:25:32
202108,ES + Home,Household,Кухня,0,Estimation,4261958277,4138767394,17.01.2021 18:25:32
202108,ES + Home,Household,Домашний текстиль,0,Estimation,589977410,2523549710,17.01.2021 18:25:32
202108,ES + Home,Household,Принадлежности для Нового года,0,Estimation,3959165406,3208384625,18.01.2021 14:45:14
202108,ES + Home,Household,Хранение,0,Estimation,2348943757,3834104773,18.01.2021 14:45:14
202108,ES + Home,Household,Домашний текстиль,1,Estimation,3115687061,2720937402,18.01.2021 14:45:14
202108,ES + Home,Household,Ванная комната,0,Estimation,3701796105,396578673,18.01.2021 14:45:14
202108,ES + Home,Household,Аксессуары для уборки и стирки,0,Estimation,2662064018,1603075417,17.01.2021 18:25:32
202108,ES + Home,Household,Кухня,0,Estimation,324608034,1496541419,18.01.2021 14:45:14
202108,ES + Home,Household,Ритуальные изделия,0,Estimation,1517163539,674277112,17.01.2021 18:25:32
202108,ES + Home,Household,Принадлежности для Нового года,1,Estimation,44560595,2586637570,17.01.2021 18:25:32
202108,ES + Home,Household,Антиквариат Хоум Декор,0,Estimation,2267795682,3439401975,17.01.2021 18:25:32
202108,ES + Home,Household,Кухня,1,Estimation,3112803839,2936110020,18.01.2021 14:45:14
202108,ES + Home,Household,Принадлежности для Нового года,0,Estimation,2642946449,1682718759,17.01.2021 18:25:32
202108,ES + Home,Household,Хранение,0,Estimation,1085800992,1411918652,17.01.2021 18:25:32
202108,ES + Home,Household,Интерьер и декор,1,Estimation,3168811090,3956802330,18.01.2021 14:45:14
202108,ES + Home,Household,Домашний текстиль,0,Estimation,2972632211,2978603348,18.01.2021 14:45:14
202108,ES + Home,Laptops & Computers,Компьютеры Lap&Comp,1,Estimation,2674618795,3211820692,17.02.2021 13:05:08
202108,ES + Home,Laptops & Computers,Домашняя Аудио и Видеотехника Lap&Comp,0,Estimation,1269853052,2310488821,17.02.2021 13:05:08
202108,ES + Home,Laptops & Computers,Компьютеры Lap&Comp,0,Estimation,547792915,4273294696,17.02.2021 13:05:08
202108,ES + Home,Laptops & Computers,Компьютерная периферия Lap&Comp,0,Estimation,2862127721,1341079825,17.02.2021 13:05:08
202108,ES + Home,Laptops & Computers,Компьютерная периферия Lap&Comp,1,Estimation,2523143530,3203282885,17.02.2021 13:05:08
202108,ES + Home,Laptops & Computers,Компьютерная офисная техника Lap&Comp,0,Estimation,1098610728,907428618,17.02.2021 13:05:08
202108,ES + Home,Laptops & Computers,Расходный материал для электроники Lap&Comp,0,Estimation,3962377274,621969644,17.02.2021 13:05:08
202108,ES + Home,Laptops & Computers,Расходный материал для электроники Lap&Comp,1,Estimation,2854353627,1727983841,17.02.2021 13:05:08
202108,ES + Home,Laptops & Computers,Расходный материал для электроники Lap&Comp,0,Estimation,916238004,1958849988,17.01.2021 13:05:08
202108,ES + Home,Laptops & Computers,Компьютеры Lap&Comp,1,Estimation,3908318561,3263620753,17.01.2021 13:05:08
202108,ES + Home,Laptops & Computers,Компьютерная периферия Lap&Comp,1,Estimation,810351870,874911472,17.01.2021 13:05:08
202108,ES + Home,Laptops & Computers,Компьютеры Lap&Comp,0,Estimation,3106731552,4286990512,17.01.2021 13:05:08
202108,ES + Home,Laptops & Computers,Компьютерная офисная техника Lap&Comp,0,Estimation,112037911,2251577445,17.01.2021 13:05:08
202108,ES + Home,Laptops & Computers,Расходный материал для электроники Lap&Comp,1,Estimation,2042337498,2650335603,17.01.2021 13:05:08
202108,ES + Home,Laptops & Computers,Домашняя Аудио и Видеотехника Lap&Comp,0,Estimation,2189306774,338987407,17.01.2021 13:05:08
202108,ES + Home,Laptops & Computers,Компьютерная периферия Lap&Comp,0,Estimation,49910322,408923714,17.01.2021 13:05:08
202108,ES + Home,Major Domestic Appliances,Крупная бытовая техника MDA,0,Estimation,2025652380,1691230452,16.02.2021 17:46:45
202108,ES + Home,Major Domestic Appliances,Крупная бытовая техника MDA,0,Estimation,1217629325,4041564013,16.01.2021 17:46:45
202108,ES + Home,Miscellaneous accessories,Компьютеры Access,0,Estimation,4026857968,4132705200,17.02.2021 18:25:32
202108,ES + Home,Miscellaneous accessories,Электропитание Access,1,Estimation,3606192516,3495915588,17.02.2021 18:25:32
202108,ES + Home,Miscellaneous accessories,Электропитание Access,0,Estimation,2846270938,3344474216,17.02.2021 18:25:32
202108,ES + Home,Miscellaneous accessories,Компьютеры Access,1,Estimation,1180752203,4275379753,17.02.2021 18:25:32
202108,ES + Home,Miscellaneous accessories,Средства связи Access,1,Estimation,3176529707,331764868,17.02.2021 18:25:32
202108,ES + Home,Miscellaneous accessories,Компьютерная периферия Access,0,Estimation,3615377655,570034475,17.02.2021 18:25:32
202108,ES + Home,Miscellaneous accessories,Фото и видео Access,1,Estimation,1392706807,2730310563,17.02.2021 18:25:32
202108,ES + Home,Miscellaneous accessories,Домашняя Аудио и Видеотехника Access,0,Estimation,2926365154,3464269465,17.02.2021 18:25:32
202108,ES + Home,Miscellaneous accessories,Компьютерная периферия Access,1,Estimation,1950415165,83610600,17.02.2021 18:25:32
202108,ES + Home,Miscellaneous accessories,Оборудование Access,0,Estimation,1750408900,2293691974,17.02.2021 18:25:32
202108,ES + Home,Miscellaneous accessories,Фото и видео Access,0,Estimation,560984762,2904069685,17.02.2021 18:25:32
202108,ES + Home,Miscellaneous accessories,Электронные товары хобби и отдых Access,0,Estimation,2075105786,3276813,17.02.2021 18:25:32
202108,ES + Home,Miscellaneous accessories,Средства связи Access,0,Estimation,67004493,1735577583,17.02.2021 18:25:32
202108,ES + Home,Miscellaneous accessories,Автомобильная техника Access,0,Estimation,130894913,1237746557,17.02.2021 18:25:32
202108,ES + Home,Miscellaneous accessories,Бытовая техника Access,0,Estimation,1027266856,826499022,17.02.2021 18:25:32
202108,ES + Home,Miscellaneous accessories,Домашняя Аудио и Видеотехника Access,1,Estimation,1330573956,423968674,17.02.2021 18:25:32
202108,ES + Home,Miscellaneous accessories,Расходный материал для электроники Access,0,Estimation,847528916,2986933669,17.02.2021 18:25:32
202108,ES + Home,Miscellaneous accessories,Расходный материал для электроники Access,1,Estimation,525524792,3184717509,17.02.2021 18:25:32
202108,ES + Home,Miscellaneous accessories,Игровые приставки и аксессуары Access,1,Estimation,1901676448,2128539051,17.02.2021 18:25:32
202108,ES + Home,Miscellaneous accessories,Игровые приставки и аксессуары Access,0,Estimation,477797385,3268527507,17.02.2021 18:25:32
202108,ES + Home,Miscellaneous accessories,Бытовая техника Access,1,Estimation,2818181846,1835576682,17.02.2021 18:25:32
202108,ES + Home,Miscellaneous accessories,Электронные товары хобби и отдых Access,0,Estimation,2027753241,3147036241,17.01.2021 18:25:32
202108,ES + Home,Miscellaneous accessories,Средства связи Access,0,Estimation,718045833,2357292165,17.01.2021 18:25:32
202108,ES + Home,Miscellaneous accessories,Компьютерная периферия Access,1,Estimation,3052470898,3969973058,17.01.2021 18:25:32
202108,ES + Home,Miscellaneous accessories,Фото и видео Access,0,Estimation,102691920,4212868217,17.01.2021 18:25:32
202108,ES + Home,Miscellaneous accessories,Компьютерная периферия Access,0,Estimation,690996810,900875539,17.01.2021 18:25:32
202108,ES + Home,Miscellaneous accessories,Средства связи Access,1,Estimation,581575640,2189936810,17.01.2021 18:25:32
202108,ES + Home,Miscellaneous accessories,Электропитание Access,0,Estimation,3205410255,2055599018,17.01.2021 18:25:32
202108,ES + Home,Miscellaneous accessories,Компьютеры Access,1,Estimation,1593439340,3050145221,17.01.2021 18:25:32
202108,ES + Home,Miscellaneous accessories,Домашняя Аудио и Видеотехника Access,0,Estimation,2254798240,3648255415,17.01.2021 18:25:32
202108,ES + Home,Miscellaneous accessories,Фото и видео Access,1,Estimation,471925231,3260119949,17.01.2021 18:25:32
202108,ES + Home,Miscellaneous accessories,Компьютеры Access,0,Estimation,1368615862,1146813570,17.01.2021 18:25:32
202108,ES + Home,Miscellaneous accessories,Электропитание Access,1,Estimation,1290814589,808771237,17.01.2021 18:25:32
202108,ES + Home,Miscellaneous accessories,Бытовая техника Access,1,Estimation,204745807,1973209049,17.01.2021 18:25:32
202108,ES + Home,Miscellaneous accessories,Игровые приставки и аксессуары Access,0,Estimation,2407287955,3147168163,17.01.2021 18:25:32
202108,ES + Home,Miscellaneous accessories,Домашняя Аудио и Видеотехника Access,1,Estimation,3699563633,2249501378,17.01.2021 18:25:32
202108,ES + Home,Miscellaneous accessories,Оборудование Access,0,Estimation,3754564784,3737817236,17.01.2021 18:25:32
202108,ES + Home,Miscellaneous accessories,Игровые приставки и аксессуары Access,1,Estimation,1769114127,495303562,17.01.2021 18:25:32
202108,ES + Home,Miscellaneous accessories,Расходный материал для электроники Access,1,Estimation,597762612,299894081,17.01.2021 18:25:32
202108,ES + Home,Miscellaneous accessories,Бытовая техника Access,0,Estimation,2551776457,2836417850,17.01.2021 18:25:32
202108,ES + Home,Miscellaneous accessories,Автомобильная техника Access,0,Estimation,3525785927,278355749,17.01.2021 18:25:32
202108,ES + Home,Miscellaneous accessories,Расходный материал для электроники Access,0,Estimation,2800575786,3664202415,17.01.2021 18:25:32
202108,ES + Home,Small Domestic Appliances,Оборудование SDA,0,Estimation,2704651200,2113374201,18.02.2021 14:45:14
202108,ES + Home,Small Domestic Appliances,Мелкая бытовая техника SDA,1,Estimation,3651993037,3721363809,18.02.2021 14:45:14
202108,ES + Home,Small Domestic Appliances,Оборудование SDA,0,Estimation,569788837,2711923100,17.02.2021 18:25:32
202108,ES + Home,Small Domestic Appliances,Мелкая бытовая техника SDA,0,Estimation,1803694649,1576177168,18.02.2021 14:45:14
202108,ES + Home,Small Domestic Appliances,Мелкая бытовая техника SDA,0,Estimation,3838948773,1079279459,17.02.2021 18:25:32
202108,ES + Home,Small Domestic Appliances,Мелкая бытовая техника SDA,1,Estimation,283218698,2270308214,18.01.2021 14:45:14
202108,ES + Home,Small Domestic Appliances,Оборудование SDA,0,Estimation,2474469335,3965669035,18.01.2021 14:45:14
202108,ES + Home,Small Domestic Appliances,Мелкая бытовая техника SDA,0,Estimation,3997944512,2125921583,17.01.2021 18:25:32
202108,ES + Home,Small Domestic Appliances,Мелкая бытовая техника SDA,0,Estimation,660348677,4134811078,18.01.2021 14:45:14
202108,ES + Home,Small Domestic Appliances,Оборудование SDA,0,Estimation,637816757,1428160758,17.01.2021 18:25:32
202108,ES + Home,Smartphones & Tablets,Средства связи Smart&Tablets,0,Estimation,3838891107,4230654626,16.02.2021 18:10:45
202108,ES + Home,Smartphones & Tablets,Компьютеры Smart&Tablets,0,Estimation,2450427735,2026474402,16.02.2021 18:10:45
202108,ES + Home,Smartphones & Tablets,Средства связи Smart&Tablets,1,Estimation,3852995121,2958628272,16.02.2021 18:29:35
202108,ES + Home,Smartphones & Tablets,Компьютеры Smart&Tablets,1,Estimation,4286430707,2932773694,16.02.2021 18:29:35
202108,ES + Home,Smartphones & Tablets,Средства связи Smart&Tablets,1,Estimation,3952296809,913201033,16.01.2021 18:29:35
202108,ES + Home,Smartphones & Tablets,Компьютеры Smart&Tablets,0,Estimation,2411668789,2356947669,16.01.2021 18:10:45
202108,ES + Home,Smartphones & Tablets,Средства связи Smart&Tablets,0,Estimation,4204460064,324600353,16.01.2021 18:10:45
202108,ES + Home,Smartphones & Tablets,Компьютеры Smart&Tablets,1,Estimation,1077051629,2956395717,16.01.2021 18:29:35
202108,ES + Home,Sport,Товары для рыбалки,0,Estimation,655028893,2419724606,17.02.2021 18:25:32
202108,ES + Home,Sport,Зимние виды спорта,0,Estimation,3224299975,877706109,17.02.2021 18:25:32
202108,ES + Home,Sport,Страйкбол и пневматика,0,Estimation,3971296419,3913354595,17.02.2021 18:25:32
202108,ES + Home,Sport,Цирковое искусство,0,Estimation,2461427092,3922456119,17.02.2021 18:25:32
202108,ES + Home,Sport,Спортивные аксессуары,0,Estimation,3440030827,2415091960,17.02.2021 18:25:32
202108,ES + Home,Sport,Летние виды спорта,0,Estimation,2090252649,3369898098,17.02.2021 18:25:32
202108,ES + Home,Sport,Единоборства,0,Estimation,1266285383,4134512802,17.02.2021 18:25:32
202108,ES + Home,Sport,Туризм,0,Estimation,1845422433,3838118390,17.02.2021 18:25:32
202108,ES + Home,Sport,Товары для охоты,0,Estimation,2621354274,3371015627,17.02.2021 18:25:32
202108,ES + Home,Sport,Спортивные аксессуары,1,Estimation,3079524634,4211770512,17.02.2021 18:25:32
202108,ES + Home,Sport,Тренажеры и фитнес,1,Estimation,3816256951,1223767520,17.02.2021 18:25:32
202108,ES + Home,Sport,Туризм,1,Estimation,142149270,980488743,17.02.2021 18:25:32
202108,ES + Home,Sport,Тренажеры и фитнес,0,Estimation,1020524584,1999278360,17.02.2021 18:25:32
202108,ES + Home,Sport,Всесезонные виды спорта,0,Estimation,1576217551,763455681,17.02.2021 18:25:32
202108,ES + Home,Sport,Всесезонные виды спорта,1,Estimation,1466376380,2809972031,17.02.2021 18:25:32
202108,ES + Home,Sport,Товары для охоты,0,Estimation,148792624,1008719787,17.01.2021 18:25:32
202108,ES + Home,Sport,Туризм,1,Estimation,3775110627,93304423,17.01.2021 18:25:32
202108,ES + Home,Sport,Летние виды спорта,0,Estimation,3252340701,3275253754,17.01.2021 18:25:32
202108,ES + Home,Sport,Страйкбол и пневматика,0,Estimation,2414552307,1601392722,17.01.2021 18:25:32
202108,ES + Home,Sport,Зимние виды спорта,0,Estimation,1406926454,831342504,17.01.2021 18:25:32
202108,ES + Home,Sport,Товары для рыбалки,0,Estimation,1152102502,2696512180,17.01.2021 18:25:32
202108,ES + Home,Sport,Туризм,0,Estimation,1717482930,3359859452,17.01.2021 18:25:32
202108,ES + Home,Sport,Спортивные аксессуары,1,Estimation,2434531153,991013140,17.01.2021 18:25:32
202108,ES + Home,Sport,Тренажеры и фитнес,1,Estimation,3207758834,1179556579,17.01.2021 18:25:32
202108,ES + Home,Sport,Единоборства,0,Estimation,3310862424,1381796246,17.01.2021 18:25:32
202108,ES + Home,Sport,Спортивные аксессуары,0,Estimation,216542662,2897998319,17.01.2021 18:25:32
202108,ES + Home,Sport,Всесезонные виды спорта,1,Estimation,2792135570,1706622976,17.01.2021 18:25:32
202108,ES + Home,Sport,Всесезонные виды спорта,0,Estimation,2900628093,2881097125,17.01.2021 18:25:32
202108,ES + Home,Sport,Тренажеры и фитнес,0,Estimation,2818181544,245990641,17.01.2021 18:25:32
202108,ES + Home,Sport,Цирковое искусство,0,Estimation,2629739374,2862228913,17.01.2021 18:25:32
202108,ES + Home,TV  audio  Hi-Fi & other electronics,Компьютеры TV&Audio,0,Estimation,3651668936,4125955687,17.02.2021 13:01:51
202108,ES + Home,TV  audio  Hi-Fi & other electronics,Система безопасности TV&Audio,0,Estimation,4110169291,4247868597,17.02.2021 13:01:51
202108,ES + Home,TV  audio  Hi-Fi & other electronics,Игровые приставки и аксессуары TV&Audio,1,Estimation,2867241442,3235199833,18.02.2021 14:45:14
202108,ES + Home,TV  audio  Hi-Fi & other electronics,Компьютеры TV&Audio,0,Estimation,242254630,3400421571,18.02.2021 14:45:14
202108,ES + Home,TV  audio  Hi-Fi & other electronics,Фан атрибутика TV&Audio,0,Estimation,1498072147,2888032491,18.02.2021 14:45:14
202108,ES + Home,TV  audio  Hi-Fi & other electronics,Система безопасности TV&Audio,0,Estimation,59432134,688956847,18.02.2021 14:45:14
202108,ES + Home,TV  audio  Hi-Fi & other electronics,Компьютерная периферия TV&Audio,0,Estimation,19743533,964005939,17.02.2021 13:01:51
202108,ES + Home,TV  audio  Hi-Fi & other electronics,Система безопасности TV&Audio,1,Estimation,752965436,571002764,18.02.2021 14:45:14
202108,ES + Home,TV  audio  Hi-Fi & other electronics,Компьютеры TV&Audio,1,Estimation,1472024673,2214084511,18.02.2021 14:45:14
202108,ES + Home,TV  audio  Hi-Fi & other electronics,Фото и видео TV&Audio,1,Estimation,2451062728,2070816057,18.02.2021 14:45:14
202108,ES + Home,TV  audio  Hi-Fi & other electronics,Music,0,Estimation,1314883186,1287753594,17.02.2021 13:01:51
202108,ES + Home,TV  audio  Hi-Fi & other electronics,Игровые приставки и аксессуары TV&Audio,0,Estimation,1671541392,4103164954,18.02.2021 14:45:14
202108,ES + Home,TV  audio  Hi-Fi & other electronics,Movie,0,Estimation,3035340698,117175653,17.02.2021 13:01:51
202108,ES + Home,TV  audio  Hi-Fi & other electronics,Movie,0,Estimation,3599864009,31579911,18.02.2021 14:45:14
202108,ES + Home,TV  audio  Hi-Fi & other electronics,Music,0,Estimation,3920582477,1464907128,18.02.2021 14:45:14
202108,ES + Home,TV  audio  Hi-Fi & other electronics,Фан атрибутика TV&Audio,0,Estimation,2257624102,3656110968,17.02.2021 13:01:51
202108,ES + Home,TV  audio  Hi-Fi & other electronics,Фото и видео TV&Audio,0,Estimation,3707967977,3410305486,18.02.2021 14:45:14
202108,ES + Home,TV  audio  Hi-Fi & other electronics,Компьютерная периферия TV&Audio,0,Estimation,2690371131,404319162,18.02.2021 14:45:14
202108,ES + Home,TV  audio  Hi-Fi & other electronics,Автомобильная техника TV&Audio,0,Estimation,1669886043,3793378653,17.02.2021 13:01:51
202108,ES + Home,TV  audio  Hi-Fi & other electronics,Фото и видео TV&Audio,0,Estimation,1279222399,1331279025,17.02.2021 13:01:51
202108,ES + Home,TV  audio  Hi-Fi & other electronics,Портативная аудиотехника TV&Audio,0,Estimation,675207268,1965388004,18.02.2021 14:45:14
202108,ES + Home,TV  audio  Hi-Fi & other electronics,Портативная аудиотехника TV&Audio,0,Estimation,1757052663,3172789649,17.02.2021 13:01:51
202108,ES + Home,TV  audio  Hi-Fi & other electronics,Средства связи TV&Audio,0,Estimation,2027413184,773516172,17.02.2021 13:01:51
202108,ES + Home,TV  audio  Hi-Fi & other electronics,Програмное обеспечение TV&Audio,0,Estimation,3776182821,2118423234,17.02.2021 13:01:51
202108,ES + Home,TV  audio  Hi-Fi & other electronics,Автомобильная техника TV&Audio,1,Estimation,1851897781,980363422,18.02.2021 14:45:14
202108,ES + Home,TV  audio  Hi-Fi & other electronics,Портативная аудиотехника TV&Audio,1,Estimation,3188281181,4274301692,18.02.2021 14:45:14
202108,ES + Home,TV  audio  Hi-Fi & other electronics,Домашняя Аудио и Видеотехника TV&Audio,0,Estimation,2819812684,918156802,18.02.2021 14:45:14
202108,ES + Home,TV  audio  Hi-Fi & other electronics,Програмное обеспечение TV&Audio,1,Estimation,3718995363,1535451162,18.02.2021 14:45:14
202108,ES + Home,TV  audio  Hi-Fi & other electronics,Средства связи TV&Audio,1,Estimation,1007766762,575699473,18.02.2021 14:45:14
202108,ES + Home,TV  audio  Hi-Fi & other electronics,Домашняя Аудио и Видеотехника TV&Audio,0,Estimation,2321658995,3741817084,17.02.2021 13:01:51
202108,ES + Home,TV  audio  Hi-Fi & other electronics,Карты оплаты  страховки TV&Audio,0,Estimation,1325368241,3446973283,18.02.2021 14:45:14
202108,ES + Home,TV  audio  Hi-Fi & other electronics,Электронные товары хобби и отдых TV&Audio,1,Estimation,2398082097,2911864124,18.02.2021 14:45:14
202108,ES + Home,TV  audio  Hi-Fi & other electronics,Игровые приставки и аксессуары TV&Audio,0,Estimation,1369873657,3174627027,17.02.2021 13:01:51
202108,ES + Home,TV  audio  Hi-Fi & other electronics,Средства связи TV&Audio,0,Estimation,341443597,2029016034,18.02.2021 14:45:14
202108,ES + Home,TV  audio  Hi-Fi & other electronics,Электронные товары хобби и отдых TV&Audio,0,Estimation,3652872016,3680483432,17.02.2021 13:01:51
202108,ES + Home,TV  audio  Hi-Fi & other electronics,Электронные товары хобби и отдых TV&Audio,0,Estimation,3260871005,1184771315,18.02.2021 14:45:14
202108,ES + Home,TV  audio  Hi-Fi & other electronics,Домашняя Аудио и Видеотехника TV&Audio,1,Estimation,29554901,4025728094,18.02.2021 14:45:14
202108,ES + Home,TV  audio  Hi-Fi & other electronics,Програмное обеспечение TV&Audio,0,Estimation,1142627832,1052213446,18.02.2021 14:45:14
202108,ES + Home,TV  audio  Hi-Fi & other electronics,Автомобильная техника TV&Audio,0,Estimation,1670048696,753503332,18.02.2021 14:45:14
202108,ES + Home,TV  audio  Hi-Fi & other electronics,Компьютеры TV&Audio,0,Estimation,643458529,1795481173,18.01.2021 14:45:14
202108,ES + Home,TV  audio  Hi-Fi & other electronics,Система безопасности TV&Audio,0,Estimation,2268992860,1792123166,18.01.2021 14:45:14
202108,ES + Home,TV  audio  Hi-Fi & other electronics,Music,0,Estimation,1027218283,4008223422,17.01.2021 13:01:51
202108,ES + Home,TV  audio  Hi-Fi & other electronics,Movie,0,Estimation,2174911762,2150449655,17.01.2021 13:01:51
202108,ES + Home,TV  audio  Hi-Fi & other electronics,Автомобильная техника TV&Audio,0,Estimation,2511411630,2514589179,18.01.2021 14:45:14
202108,ES + Home,TV  audio  Hi-Fi & other electronics,Компьютеры TV&Audio,1,Estimation,2940851321,1197319707,18.01.2021 14:45:14
202108,ES + Home,TV  audio  Hi-Fi & other electronics,Фото и видео TV&Audio,0,Estimation,978385879,3043563698,17.01.2021 13:01:51
202108,ES + Home,TV  audio  Hi-Fi & other electronics,Фото и видео TV&Audio,1,Estimation,1389269127,1783431484,18.01.2021 14:45:14
202108,ES + Home,TV  audio  Hi-Fi & other electronics,Система безопасности TV&Audio,1,Estimation,4050391853,1073000378,18.01.2021 14:45:14
202108,ES + Home,TV  audio  Hi-Fi & other electronics,Програмное обеспечение TV&Audio,0,Estimation,2657907272,4184876707,17.01.2021 13:01:51
202108,ES + Home,TV  audio  Hi-Fi & other electronics,Автомобильная техника TV&Audio,0,Estimation,2890197919,4234397997,17.01.2021 13:01:51
202108,ES + Home,TV  audio  Hi-Fi & other electronics,Movie,0,Estimation,3778614146,2419035103,18.01.2021 14:45:14
202108,ES + Home,TV  audio  Hi-Fi & other electronics,Music,0,Estimation,2096171226,531542775,18.01.2021 14:45:14
202108,ES + Home,TV  audio  Hi-Fi & other electronics,Програмное обеспечение TV&Audio,0,Estimation,2535001660,2116503400,18.01.2021 14:45:14
202108,ES + Home,TV  audio  Hi-Fi & other electronics,Компьютеры TV&Audio,0,Estimation,856919118,1462277638,17.01.2021 13:01:51
202108,ES + Home,TV  audio  Hi-Fi & other electronics,Средства связи TV&Audio,0,Estimation,1945594847,3136658723,18.01.2021 14:45:14
202108,ES + Home,TV  audio  Hi-Fi & other electronics,Система безопасности TV&Audio,0,Estimation,2582052921,3691872574,17.01.2021 13:01:51
202108,ES + Home,TV  audio  Hi-Fi & other electronics,Средства связи TV&Audio,0,Estimation,476140085,3083969765,17.01.2021 13:01:51
202108,ES + Home,TV  audio  Hi-Fi & other electronics,Карты оплаты  страховки TV&Audio,0,Estimation,2908303828,2111915064,18.01.2021 14:45:14
202108,ES + Home,TV  audio  Hi-Fi & other electronics,Автомобильная техника TV&Audio,1,Estimation,2589431767,3766478260,18.01.2021 14:45:14
202108,ES + Home,TV  audio  Hi-Fi & other electronics,Средства связи TV&Audio,1,Estimation,2752365146,3519472649,18.01.2021 14:45:14
202108,ES + Home,TV  audio  Hi-Fi & other electronics,Фото и видео TV&Audio,0,Estimation,1113932680,2322210312,18.01.2021 14:45:14
202108,ES + Home,TV  audio  Hi-Fi & other electronics,Програмное обеспечение TV&Audio,1,Estimation,3711028685,121239302,18.01.2021 14:45:14
202108,ES + Home,TV  audio  Hi-Fi & other electronics,Домашняя Аудио и Видеотехника TV&Audio,0,Estimation,3323883758,3126429703,17.01.2021 13:01:51
202108,ES + Home,TV  audio  Hi-Fi & other electronics,Игровые приставки и аксессуары TV&Audio,0,Estimation,2584628357,336222164,18.01.2021 14:45:14
202108,ES + Home,TV  audio  Hi-Fi & other electronics,Портативная аудиотехника TV&Audio,0,Estimation,2696132641,654760754,18.01.2021 14:45:14
202108,ES + Home,TV  audio  Hi-Fi & other electronics,Фан атрибутика TV&Audio,0,Estimation,243023287,3366510929,18.01.2021 14:45:14
202108,ES + Home,TV  audio  Hi-Fi & other electronics,Портативная аудиотехника TV&Audio,1,Estimation,997678853,3058638724,18.01.2021 14:45:14
202108,ES + Home,TV  audio  Hi-Fi & other electronics,Фан атрибутика TV&Audio,0,Estimation,1192286679,1586198298,17.01.2021 13:01:51
202108,ES + Home,TV  audio  Hi-Fi & other electronics,Электронные товары хобби и отдых TV&Audio,0,Estimation,3799531845,1242021890,17.01.2021 13:01:51
202108,ES + Home,TV  audio  Hi-Fi & other electronics,Портативная аудиотехника TV&Audio,0,Estimation,2070564729,455953360,17.01.2021 13:01:51
202108,ES + Home,TV  audio  Hi-Fi & other electronics,Электронные товары хобби и отдых TV&Audio,1,Estimation,2344243632,2789118104,18.01.2021 14:45:14
202108,ES + Home,TV  audio  Hi-Fi & other electronics,Домашняя Аудио и Видеотехника TV&Audio,0,Estimation,3106138946,222157341,18.01.2021 14:45:14
202108,ES + Home,TV  audio  Hi-Fi & other electronics,Компьютерная периферия TV&Audio,0,Estimation,357434214,4037291856,17.01.2021 13:01:51
202108,ES + Home,TV  audio  Hi-Fi & other electronics,Игровые приставки и аксессуары TV&Audio,1,Estimation,3330606673,3888223289,18.01.2021 14:45:14
202108,ES + Home,TV  audio  Hi-Fi & other electronics,Компьютерная периферия TV&Audio,0,Estimation,183020879,771819471,18.01.2021 14:45:14
202108,ES + Home,TV  audio  Hi-Fi & other electronics,Электронные товары хобби и отдых TV&Audio,0,Estimation,1405144147,3477056487,18.01.2021 14:45:14
202108,ES + Home,TV  audio  Hi-Fi & other electronics,Домашняя Аудио и Видеотехника TV&Audio,1,Estimation,369499850,2291990180,18.01.2021 14:45:14
202108,ES + Home,TV  audio  Hi-Fi & other electronics,Игровые приставки и аксессуары TV&Audio,0,Estimation,1289925696,3948955436,17.01.2021 13:01:51
202108,FMCG,FMCG nonfood,Бритвы и лезвия,0,Estimation,2147339047,921319654,26.02.2021 01:05:34
202108,FMCG,FMCG nonfood,Бритвы и лезвия,0,Estimation,3988355560,2471280524,26.02.2021 01:35:54
202108,FMCG,FMCG nonfood,Детская продукция,0,Estimation,2891165875,1688705166,26.02.2021 00:57:31
202108,FMCG,FMCG nonfood,Кормление детское,0,Estimation,76395953,32140882,26.02.2021 00:57:31
202108,FMCG,FMCG nonfood,Бытовая химия,0,Estimation,2412038138,390303800,26.02.2021 01:05:34
202108,FMCG,FMCG nonfood,Личная гигиена,0,Estimation,3872162913,746959171,26.02.2021 01:35:54
202108,FMCG,FMCG nonfood,Личная гигиена,0,Estimation,2962523040,259873907,26.02.2021 01:05:34
202108,FMCG,FMCG nonfood,Уход и гигиена,0,Estimation,1780160915,1923228693,26.02.2021 00:57:31
202108,FMCG,FMCG nonfood,Уход и гигиена,1,Estimation,4014568103,181845571,26.02.2021 01:04:22
202108,FMCG,FMCG nonfood,Детская продукция,0,Estimation,8223237,1394009142,26.02.2021 01:35:54
202108,FMCG,FMCG nonfood,Электроника детская,1,Estimation,1133282141,441596562,26.02.2021 01:04:22
202108,FMCG,FMCG nonfood,Электроника детская,0,Estimation,1255432854,1390004911,26.02.2021 00:57:31
202108,FMCG,FMCG nonfood,Кормление детское,0,Estimation,2965927288,3301716430,26.02.2021 01:35:54
202108,FMCG,FMCG nonfood,Бытовая химия,1,Estimation,3271283126,2863550862,26.02.2021 01:04:22
202108,FMCG,FMCG nonfood,Детская продукция,0,Estimation,2040813371,3132861131,26.02.2021 01:05:34
202108,FMCG,FMCG nonfood,Бритвы и лезвия,0,Estimation,2189260330,3831513745,26.02.2021 00:57:31
202108,FMCG,FMCG nonfood,Кормление детское,0,Estimation,3017523102,3224934502,26.02.2021 01:05:34
202108,FMCG,FMCG nonfood,Личная гигиена,1,Estimation,488529956,3704887328,26.02.2021 01:04:22
202108,FMCG,FMCG nonfood,Бытовая химия,0,Estimation,601298927,3136563291,26.02.2021 00:57:31
202108,FMCG,FMCG nonfood,Бытовая химия,0,Estimation,18770050,1617887921,26.02.2021 01:35:54
202108,FMCG,FMCG nonfood,Кормление детское,1,Estimation,3292148186,341835884,26.02.2021 01:04:22
202108,FMCG,FMCG nonfood,Уход и гигиена,0,Estimation,274112916,813545414,26.02.2021 01:35:54
202108,FMCG,FMCG nonfood,Личная гигиена,0,Estimation,4126129537,993976957,26.02.2021 00:57:31
202108,FMCG,FMCG nonfood,Детская продукция,1,Estimation,3465813447,1210563785,26.02.2021 01:04:22
202108,FMCG,FMCG nonfood,Уход и гигиена,0,Estimation,1155746766,3058486250,26.02.2021 01:05:34
202108,FMCG,FMCG nonfood,Бритвы и лезвия,1,Estimation,1945056897,412805141,26.02.2021 01:04:22
202108,FMCG,FMCG nonfood,Электроника детская,0,Estimation,1187072540,2267775427,26.02.2021 01:35:54
202108,FMCG,FMCG nonfood,Электроника детская,0,Estimation,1523829415,2110391421,26.02.2021 01:05:34
202108,FMCG,FMCG nonfood,Электроника детская,0,Estimation,2710995443,4154102367,26.01.2021 00:57:31
202108,FMCG,FMCG nonfood,Электроника детская,0,Estimation,2241274261,756941890,26.01.2021 01:35:54
202108,FMCG,FMCG nonfood,Бытовая химия,0,Estimation,3551416296,2564901211,26.01.2021 01:05:34
202108,FMCG,FMCG nonfood,Уход и гигиена,0,Estimation,1065908508,3551683605,26.01.2021 00:57:31
202108,FMCG,FMCG nonfood,Детская продукция,0,Estimation,2001871557,474251093,26.01.2021 01:35:54
202108,FMCG,FMCG nonfood,Кормление детское,0,Estimation,752353848,3861677950,26.01.2021 01:35:54
202108,FMCG,FMCG nonfood,Уход и гигиена,0,Estimation,3640653922,1737139795,26.01.2021 01:35:54
202108,FMCG,FMCG nonfood,Уход и гигиена,0,Estimation,3818055529,3821077781,26.01.2021 01:05:34
202108,FMCG,FMCG nonfood,Детская продукция,1,Estimation,1652316076,452568014,26.01.2021 01:04:22
202108,FMCG,FMCG nonfood,Электроника детская,1,Estimation,3750646767,2590828602,26.01.2021 01:04:22
202108,FMCG,FMCG nonfood,Кормление детское,1,Estimation,387457734,167082706,26.01.2021 01:04:22
202108,FMCG,FMCG nonfood,Уход и гигиена,1,Estimation,1831880330,77892761,26.01.2021 01:04:22
202108,FMCG,FMCG nonfood,Бытовая химия,0,Estimation,3668443272,3720203975,26.01.2021 00:57:31
202108,FMCG,FMCG nonfood,Электроника детская,0,Estimation,383365857,1793428008,26.01.2021 01:05:34
202108,FMCG,FMCG nonfood,Бытовая химия,0,Estimation,1133987355,4021174111,26.01.2021 01:35:54
202108,FMCG,FMCG nonfood,Бритвы и лезвия,0,Estimation,3356619121,1585441651,26.01.2021 01:05:34
202108,FMCG,FMCG nonfood,Личная гигиена,1,Estimation,1830620901,3882163321,26.01.2021 01:04:22
202108,FMCG,FMCG nonfood,Личная гигиена,0,Estimation,2472155293,944991176,26.01.2021 01:35:54
202108,FMCG,FMCG nonfood,Кормление детское,0,Estimation,3846032234,2265737995,26.01.2021 01:05:34
202108,FMCG,FMCG nonfood,Личная гигиена,0,Estimation,122577137,1273011369,26.01.2021 00:57:31
202108,FMCG,FMCG nonfood,Детская продукция,0,Estimation,507052041,809162835,26.01.2021 01:05:34
202108,FMCG,FMCG nonfood,Бритвы и лезвия,1,Estimation,3974732236,3108643899,26.01.2021 01:04:22
202108,FMCG,FMCG nonfood,Детская продукция,0,Estimation,1118279442,4228083251,26.01.2021 00:57:31
202108,FMCG,FMCG nonfood,Личная гигиена,0,Estimation,3260809215,3957780700,26.01.2021 01:05:34
202108,FMCG,FMCG nonfood,Кормление детское,0,Estimation,2107006694,2135376410,26.01.2021 00:57:31
202108,FMCG,FMCG nonfood,Бритвы и лезвия,0,Estimation,3279584704,2562882679,26.01.2021 01:35:54
202108,FMCG,FMCG nonfood,Бытовая химия,1,Estimation,1159504921,2409166042,26.01.2021 01:04:22
202108,FMCG,FMCG nonfood,Бритвы и лезвия,0,Estimation,560188445,4191632435,26.01.2021 00:57:31
202108,FMCG,Food,Бакалея,0,Estimation,1959327800,847150234,26.02.2021 01:35:54
202108,FMCG,Food,Молочная продукция стерилизованная,0,Estimation,1257697294,1872380952,26.02.2021 01:35:54
202108,FMCG,Food,Напитки,0,Estimation,1858249862,1500451887,26.02.2021 00:31:30
202108,FMCG,Food,Детское питание,1,Estimation,553578539,2770914177,26.02.2021 00:30:07
202108,FMCG,Food,Молекулярная кухня,0,Estimation,497554268,3094993669,26.02.2021 00:23:17
202108,FMCG,Food,Напитки,0,Estimation,1306497781,1393886912,26.02.2021 01:35:54
202108,FMCG,Food,Молочная продукция стерилизованная,0,Estimation,1700933831,1452366614,26.02.2021 00:31:30
202108,FMCG,Food,Детское питание,0,Estimation,465275366,1629181458,26.02.2021 00:23:17
202108,FMCG,Food,Бакалея,0,Estimation,2271053709,2191818354,26.02.2021 00:31:30
202108,FMCG,Food,Кондитерские изделия,0,Estimation,2998365804,2994941915,26.02.2021 01:35:54
202108,FMCG,Food,Молочная продукция стерилизованная,1,Estimation,902228372,2037962224,26.02.2021 00:30:07
202108,FMCG,Food,Кондитерские изделия,0,Estimation,340055602,3549166346,26.02.2021 00:23:17
202108,FMCG,Food,Напитки,1,Estimation,3280963696,364956875,26.02.2021 00:30:07
202108,FMCG,Food,Кондитерские изделия,1,Estimation,3764518117,76282937,26.02.2021 00:30:07
202108,FMCG,Food,Молочная продукция стерилизованная,0,Estimation,3681267797,3769585533,26.02.2021 00:23:17
202108,FMCG,Food,Бакалея,0,Estimation,2125917779,2172977551,26.02.2021 00:23:17
202108,FMCG,Food,Детское питание,0,Estimation,621233989,821067994,26.02.2021 00:31:30
202108,FMCG,Food,Кондитерские изделия,0,Estimation,2982668386,1614032389,26.02.2021 00:31:30
202108,FMCG,Food,Бакалея,1,Estimation,2804202221,859090287,26.02.2021 00:30:07
202108,FMCG,Food,Детское питание,0,Estimation,4063366278,3821133798,26.02.2021 01:35:54
202108,FMCG,Food,Молекулярная кухня,0,Estimation,2721667718,2008126681,26.02.2021 01:35:54
202108,FMCG,Food,Напитки,0,Estimation,3258572028,1903711077,26.02.2021 00:23:17
202108,FMCG,Food,Молекулярная кухня,0,Estimation,4292327785,2979274574,26.01.2021 00:23:17
202108,FMCG,Food,Детское питание,0,Estimation,2368671645,3109461365,26.01.2021 01:35:54
202108,FMCG,Food,Кондитерские изделия,0,Estimation,2762349105,3769759725,26.01.2021 00:23:17
202108,FMCG,Food,Детское питание,0,Estimation,724885666,2901007340,26.01.2021 00:23:17
202108,FMCG,Food,Молекулярная кухня,0,Estimation,1297920093,3185113630,26.01.2021 01:35:54
202108,FMCG,Food,Кондитерские изделия,0,Estimation,3039546429,657424982,26.01.2021 01:35:54
202108,FMCG,Food,Детское питание,1,Estimation,2899418178,632114229,26.01.2021 00:30:07
202108,FMCG,Food,Детское питание,0,Estimation,192024056,3623105399,26.01.2021 00:31:30
202108,FMCG,Food,Напитки,0,Estimation,1714673511,189848759,26.01.2021 01:35:54
202108,FMCG,Food,Напитки,0,Estimation,2792615409,1949570904,26.01.2021 00:23:17
202108,FMCG,Food,Кондитерские изделия,1,Estimation,1411180388,2242459459,26.01.2021 00:30:07
202108,FMCG,Food,Молочная продукция стерилизованная,0,Estimation,2893323227,2681594565,26.01.2021 00:31:30
202108,FMCG,Food,Бакалея,0,Estimation,874947642,2241007272,26.01.2021 00:31:30
202108,FMCG,Food,Бакалея,1,Estimation,1411605978,1431334164,26.01.2021 00:30:07
202108,FMCG,Food,Бакалея,0,Estimation,205772795,1348667867,26.01.2021 01:35:54
202108,FMCG,Food,Молочная продукция стерилизованная,0,Estimation,3017539004,1666645856,26.01.2021 00:23:17
202108,FMCG,Food,Молочная продукция стерилизованная,0,Estimation,2607916005,792047498,26.01.2021 01:35:54
202108,FMCG,Food,Бакалея,0,Estimation,2577764251,1535747905,26.01.2021 00:23:17
202108,FMCG,Food,Кондитерские изделия,0,Estimation,8800947,805556008,26.01.2021 00:31:30
202108,FMCG,Food,Молочная продукция стерилизованная,1,Estimation,741007815,19474007,26.01.2021 00:30:07
202108,FMCG,Food,Напитки,1,Estimation,3951743390,2809052893,26.01.2021 00:30:07
202108,FMCG,Food,Напитки,0,Estimation,1436755897,533637595,26.01.2021 00:31:30
202108,FMCG,FreshFood,Кулинария и полуфабрикаты Fresh,1,Estimation,2356491419,2337630324,26.02.2021 00:30:36
202108,FMCG,FreshFood,Молочная продукция и яйца Fresh,1,Estimation,3484966351,731522696,26.02.2021 00:30:36
202108,FMCG,FreshFood,Хлебобулочные изделия Fresh,1,Estimation,3572086188,1107025960,26.02.2021 00:30:36
202108,FMCG,FreshFood,Замороженные продукты,1,Estimation,3360335249,3436638403,26.02.2021 00:30:36
202108,FMCG,FreshFood,Овощи  фрукты  зелень свежие,1,Estimation,2710512235,1769250717,26.02.2021 00:30:36
202108,FMCG,FreshFood,Мясная гастрономия,1,Estimation,2383055270,2326526794,26.02.2021 00:30:36
202108,FMCG,FreshFood,Растительные аналоги Fresh,1,Estimation,3997141287,1900500179,26.02.2021 00:30:36
202108,FMCG,FreshFood,Рыба  морепродукты,1,Estimation,918200747,2961299138,26.02.2021 00:30:36
202108,FMCG,FreshFood,Напитки Fresh,1,Estimation,2358639729,1803098170,26.02.2021 00:30:36
202108,FMCG,FreshFood,Мясо  птица,1,Estimation,1113706997,540936095,26.02.2021 00:30:36
202108,FMCG,FreshFood,Мясная гастрономия,1,Estimation,833116385,2927136771,26.01.2021 00:30:36
202108,FMCG,FreshFood,Растительные аналоги Fresh,1,Estimation,767302621,809825481,26.01.2021 00:30:36
202108,FMCG,FreshFood,Напитки Fresh,1,Estimation,2067247733,324216918,26.01.2021 00:30:36
202108,FMCG,FreshFood,Мясо  птица,1,Estimation,3431055456,1571906448,26.01.2021 00:30:36
202108,FMCG,FreshFood,Кулинария и полуфабрикаты Fresh,1,Estimation,3014744235,582500945,26.01.2021 00:30:36
202108,FMCG,FreshFood,Овощи  фрукты  зелень свежие,1,Estimation,2864653994,3292738262,26.01.2021 00:30:36
202108,FMCG,FreshFood,Рыба  морепродукты,1,Estimation,4187324799,1833801686,26.01.2021 00:30:36
202108,FMCG,FreshFood,Молочная продукция и яйца Fresh,1,Estimation,1852005423,3618625737,26.01.2021 00:30:36
202108,FMCG,FreshFood,Хлебобулочные изделия Fresh,1,Estimation,3325631834,3433911935,26.01.2021 00:30:36
202108,FMCG,FreshFood,Замороженные продукты,1,Estimation,1993645109,3903338528,26.01.2021 00:30:36
202108,FMCG,Moms&Kids,КГТ и спорт для детей,0,Estimation,2957751700,3255962508,25.02.2021 14:13:39
202108,FMCG,Moms&Kids,Товары для школы  канцелярия  оборудование,0,Estimation,3157791240,2293356756,26.02.2021 01:35:54
202108,FMCG,Moms&Kids,Игрушки,1,Estimation,3472986507,3824024359,25.02.2021 13:53:11
202108,FMCG,Moms&Kids,Игрушки,0,Estimation,3318978434,3654764264,25.02.2021 13:53:11
202108,FMCG,Moms&Kids,Товары для школы  канцелярия  оборудование,0,Estimation,607548042,4273377211,25.02.2021 14:13:39
202108,FMCG,Moms&Kids,Творчество  хобби и игры,0,Estimation,3998202160,274570351,25.02.2021 14:13:39
202108,FMCG,Moms&Kids,КГТ и спорт для детей,0,Estimation,675778869,959452402,26.02.2021 01:35:54
202108,FMCG,Moms&Kids,Игрушки,0,Estimation,216080688,847831472,25.02.2021 14:13:39
202108,FMCG,Moms&Kids,Творчество  хобби и игры,0,Estimation,3688745803,1280924298,26.02.2021 01:35:54
202108,FMCG,Moms&Kids,Творчество  хобби и игры,1,Estimation,1601651457,1445628201,25.02.2021 13:53:11
202108,FMCG,Moms&Kids,Товары для школы  канцелярия  оборудование,0,Estimation,1010683214,962648632,25.02.2021 13:53:11
202108,FMCG,Moms&Kids,Творчество  хобби и игры,0,Estimation,2409839209,3985455413,25.02.2021 13:53:11
202108,FMCG,Moms&Kids,КГТ и спорт для детей,1,Estimation,27845609,611163283,25.02.2021 13:53:11
202108,FMCG,Moms&Kids,КГТ и спорт для детей,0,Estimation,1044389610,3455827691,25.02.2021 13:53:11
202108,FMCG,Moms&Kids,Товары для школы  канцелярия  оборудование,1,Estimation,3125276149,3547474985,25.02.2021 13:53:11
202108,FMCG,Moms&Kids,Игрушки,0,Estimation,3953706041,1468310437,26.02.2021 01:35:54
202108,FMCG,Moms&Kids,Творчество  хобби и игры,1,Estimation,2110950643,1129304552,25.01.2021 13:53:11
202108,FMCG,Moms&Kids,Игрушки,1,Estimation,2475673605,496363164,25.01.2021 13:53:11
202108,FMCG,Moms&Kids,Игрушки,0,Estimation,1556081440,3670832832,26.01.2021 01:35:54
202108,FMCG,Moms&Kids,Творчество  хобби и игры,0,Estimation,3082411707,404114430,25.01.2021 14:13:39
202108,FMCG,Moms&Kids,Творчество  хобби и игры,0,Estimation,3226883283,118532955,25.01.2021 13:53:11
202108,FMCG,Moms&Kids,Игрушки,0,Estimation,3109957032,2790902452,25.01.2021 14:13:39
202108,FMCG,Moms&Kids,Игрушки,0,Estimation,2222398329,94979213,25.01.2021 13:53:11
202108,FMCG,Moms&Kids,КГТ и спорт для детей,0,Estimation,2432738246,2019586509,26.01.2021 01:35:54
202108,FMCG,Moms&Kids,Товары для школы  канцелярия  оборудование,0,Estimation,3301005507,85976295,25.01.2021 14:13:39
202108,FMCG,Moms&Kids,КГТ и спорт для детей,1,Estimation,547183762,2111105748,25.01.2021 13:53:11
202108,FMCG,Moms&Kids,Товары для школы  канцелярия  оборудование,0,Estimation,3742742338,694916418,25.01.2021 13:53:11
202108,FMCG,Moms&Kids,Творчество  хобби и игры,0,Estimation,4160506345,3192425454,26.01.2021 01:35:54
202108,FMCG,Moms&Kids,КГТ и спорт для детей,0,Estimation,2685092460,3811096068,25.01.2021 14:13:39
202108,FMCG,Moms&Kids,Товары для школы  канцелярия  оборудование,0,Estimation,2385032626,716797089,26.01.2021 01:35:54
202108,FMCG,Moms&Kids,Товары для школы  канцелярия  оборудование,1,Estimation,1215681573,224269698,25.01.2021 13:53:11
202108,FMCG,Moms&Kids,КГТ и спорт для детей,0,Estimation,4224399133,1880403099,25.01.2021 13:53:11
202108,FMCG,Zoo,Спальное место животного,0,Estimation,3964961605,1483951240,26.02.2021 00:56:14
202108,FMCG,Zoo,Фермерское хозяйство - Товары для пчеловодства,0,Estimation,3330425216,3393814646,26.02.2021 01:35:54
202108,FMCG,Zoo,Товары для прогулки и дрессировки животных,0,Estimation,1307894050,3381586448,26.02.2021 00:56:14
202108,FMCG,Zoo,Фермерское хозяйство - Корма и кормовые добавки для птицеводства и животноводства,0,Estimation,3696477646,2116248594,26.02.2021 00:56:14
202108,FMCG,Zoo,Гигиена и уход животных,0,Estimation,2673300306,909100295,26.02.2021 01:35:54
202108,FMCG,Zoo,Зоокорм  витамины,1,Estimation,1064583580,1872483159,26.02.2021 01:00:04
202108,FMCG,Zoo,Фермерское хозяйство - Содержание  уход птицы и сельскохозяйственных животных,0,Estimation,2146886501,1525559944,26.02.2021 00:56:14
202108,FMCG,Zoo,Спальное место животного,1,Estimation,3265278793,204225482,26.02.2021 01:00:04
202108,FMCG,Zoo,Зоокорм  витамины,0,Estimation,4003387999,431670398,26.02.2021 01:02:02
202108,FMCG,Zoo,Зоокорм  витамины,0,Estimation,1342089847,3548282418,26.02.2021 00:56:14
202108,FMCG,Zoo,Гигиена и уход животных,0,Estimation,46621910,1700821908,26.02.2021 01:02:02
202108,FMCG,Zoo,Товары для прогулки и дрессировки животных,1,Estimation,35451047,2026199532,26.02.2021 01:00:04
202108,FMCG,Zoo,Зоокорм  витамины,0,Estimation,541096607,952533635,26.02.2021 01:35:54
202108,FMCG,Zoo,Фермерское хозяйство - Оборудование для птицеводства и животноводства,0,Estimation,3641201438,2307603381,26.02.2021 01:35:54
202108,FMCG,Zoo,Фермерское хозяйство - Оборудование для птицеводства и животноводства,0,Estimation,3473371968,556822143,26.02.2021 00:56:14
202108,FMCG,Zoo,Спальное место животного,0,Estimation,3267954266,3216691615,26.02.2021 01:02:02
202108,FMCG,Zoo,Товары для прогулки и дрессировки животных,0,Estimation,1225559338,3442943345,26.02.2021 01:02:02
202108,FMCG,Zoo,Гигиена и уход животных,0,Estimation,1717386483,2127769518,26.02.2021 00:56:14
202108,FMCG,Zoo,Фермерское хозяйство - Содержание  уход птицы и сельскохозяйственных животных,0,Estimation,4148666016,3232990121,26.02.2021 01:35:54
202108,FMCG,Zoo,Фермерское хозяйство - Корма и кормовые добавки для птицеводства и животноводства,0,Estimation,2688193830,2462315585,26.02.2021 01:35:54
202108,FMCG,Zoo,Гигиена и уход животных,1,Estimation,904294730,1136964762,26.02.2021 01:00:04
202108,FMCG,Zoo,Спальное место животного,0,Estimation,1995047441,74894483,26.02.2021 01:35:54
202108,FMCG,Zoo,Фермерское хозяйство - Товары для пчеловодства,0,Estimation,764085395,2076876090,26.02.2021 00:56:14
202108,FMCG,Zoo,Товары для прогулки и дрессировки животных,0,Estimation,934865673,3222572963,26.02.2021 01:35:54
202108,FMCG,Zoo,Фермерское хозяйство - Корма и кормовые добавки для птицеводства и животноводства,0,Estimation,1534384796,1402548980,26.01.2021 01:35:54
202108,FMCG,Zoo,Зоокорм  витамины,0,Estimation,4273362985,4176862013,26.01.2021 01:02:02
202108,FMCG,Zoo,Гигиена и уход животных,0,Estimation,578674603,2228642348,26.01.2021 00:56:14
202108,FMCG,Zoo,Товары для прогулки и дрессировки животных,0,Estimation,3121487033,1343967421,26.01.2021 01:35:54
202108,FMCG,Zoo,Спальное место животного,0,Estimation,599556309,1107936419,26.01.2021 01:35:54
202108,FMCG,Zoo,Гигиена и уход животных,1,Estimation,1005313959,112897945,26.01.2021 01:00:04
202108,FMCG,Zoo,Зоокорм  витамины,0,Estimation,1998761483,522279103,26.01.2021 01:35:54
202108,FMCG,Zoo,Фермерское хозяйство - Товары для пчеловодства,0,Estimation,429207825,1006822648,26.01.2021 00:56:14
202108,FMCG,Zoo,Гигиена и уход животных,0,Estimation,988417254,1933780329,26.01.2021 01:02:02
202108,FMCG,Zoo,Фермерское хозяйство - Содержание  уход птицы и сельскохозяйственных животных,0,Estimation,612207892,2612979419,26.01.2021 01:35:54
202108,FMCG,Zoo,Товары для прогулки и дрессировки животных,0,Estimation,1968840788,1617823295,26.01.2021 01:02:02
202108,FMCG,Zoo,Зоокорм  витамины,0,Estimation,1666942464,19582721,26.01.2021 00:56:14
202108,FMCG,Zoo,Спальное место животного,0,Estimation,1937418404,665736309,26.01.2021 01:02:02
202108,FMCG,Zoo,Товары для прогулки и дрессировки животных,1,Estimation,4020867647,3873882281,26.01.2021 01:00:04
202108,FMCG,Zoo,Спальное место животного,0,Estimation,3125037043,2617883606,26.01.2021 00:56:14
202108,FMCG,Zoo,Фермерское хозяйство - Оборудование для птицеводства и животноводства,0,Estimation,1152186537,3916447830,26.01.2021 01:35:54
202108,FMCG,Zoo,Зоокорм  витамины,1,Estimation,1749260037,672458081,26.01.2021 01:00:04
202108,FMCG,Zoo,Товары для прогулки и дрессировки животных,0,Estimation,4194059356,396639785,26.01.2021 00:56:14
202108,FMCG,Zoo,Гигиена и уход животных,0,Estimation,3958188968,4221416051,26.01.2021 01:35:54
202108,FMCG,Zoo,Фермерское хозяйство - Содержание  уход птицы и сельскохозяйственных животных,0,Estimation,1821250543,1211039589,26.01.2021 00:56:14
202108,FMCG,Zoo,Фермерское хозяйство - Корма и кормовые добавки для птицеводства и животноводства,0,Estimation,258729323,2871553140,26.01.2021 00:56:14
202108,FMCG,Zoo,Фермерское хозяйство - Товары для пчеловодства,0,Estimation,2103635193,299721706,26.01.2021 01:35:54
202108,FMCG,Zoo,Фермерское хозяйство - Оборудование для птицеводства и животноводства,0,Estimation,3694441936,1500886830,26.01.2021 00:56:14
202108,FMCG,Zoo,Спальное место животного,1,Estimation,2629572972,1173530960,26.01.2021 01:00:04
202109,Beauty,Apparel,Бижутерия и часы бижутерные,0,Estimation,3442881770,1939017539,25.02.2021 10:39:58
202109,Beauty,Apparel,Взрослая одежда,1,Estimation,1124607903,3821058196,24.02.2021 16:27:18
202109,Beauty,Apparel,Бижутерия и часы бижутерные,0,Estimation,657221773,2171042136,25.02.2021 10:58:00
202109,Beauty,Apparel,Детская обувь,0,Estimation,3584419086,1942456724,25.02.2021 10:39:58
202109,Beauty,Apparel,Взрослая одежда,0,Estimation,1578748921,4103541526,25.02.2021 10:39:58
202109,Beauty,Apparel,Аксессуары для взрослых и детей,1,Estimation,3331193911,2918104193,24.02.2021 16:27:18
202109,Beauty,Apparel,Детская обувь,0,Estimation,4006232467,2934342618,25.02.2021 10:58:00
202109,Beauty,Apparel,Аксессуары для взрослых и детей,0,Estimation,2737884386,1928278717,25.02.2021 10:39:58
202109,Beauty,Apparel,Взрослая обувь,0,Estimation,1310573945,2650001801,25.02.2021 10:39:58
202109,Beauty,Apparel,Аксессуары для взрослых и детей,0,Estimation,419866051,2289099523,25.02.2021 10:58:00
202109,Beauty,Apparel,Взрослая обувь,0,Estimation,303156953,2278835897,25.02.2021 10:58:00
202109,Beauty,Apparel,Детская одежда,0,Estimation,1276240928,4270460815,25.02.2021 10:58:00
202109,Beauty,Apparel,Детская одежда,0,Estimation,3877903623,1047434784,25.02.2021 10:39:58
202109,Beauty,Apparel,Взрослая одежда,0,Estimation,4124568526,2738160076,25.02.2021 10:58:00
202109,Beauty,Apparel,Детская одежда,0,Estimation,3864120149,1937229010,25.01.2021 10:39:58
202109,Beauty,Apparel,Аксессуары для взрослых и детей,0,Estimation,2628917082,2286539014,25.01.2021 10:58:00
202109,Beauty,Apparel,Взрослая обувь,0,Estimation,811166974,2374289764,25.01.2021 10:39:58
202109,Beauty,Apparel,Бижутерия и часы бижутерные,0,Estimation,1062814543,4035063734,25.01.2021 10:58:00
202109,Beauty,Apparel,Взрослая одежда,0,Estimation,1206586417,3153618641,25.01.2021 10:39:58
202109,Beauty,Apparel,Аксессуары для взрослых и детей,1,Estimation,1522772730,1666555394,24.01.2021 16:27:18
202109,Beauty,Apparel,Детская обувь,0,Estimation,2242805936,605884362,25.01.2021 10:58:00
202109,Beauty,Apparel,Аксессуары для взрослых и детей,0,Estimation,1055257254,1793232159,25.01.2021 10:39:58
202109,Beauty,Apparel,Бижутерия и часы бижутерные,0,Estimation,2715218281,878672010,25.01.2021 10:39:58
202109,Beauty,Apparel,Детская обувь,0,Estimation,781665201,2613831941,25.01.2021 10:39:58
202109,Beauty,Apparel,Взрослая обувь,0,Estimation,1370226387,4049162466,25.01.2021 10:58:00
202109,Beauty,Apparel,Взрослая одежда,0,Estimation,2967429502,3008634564,25.01.2021 10:58:00
202109,Beauty,Apparel,Взрослая одежда,1,Estimation,1335225805,740032254,24.01.2021 16:27:18
202109,Beauty,Apparel,Детская одежда,0,Estimation,2026399914,4115993788,25.01.2021 10:58:00
202109,Beauty,Health&Beauty,Декоративная косметика,0,Estimation,816428274,301275471,24.02.2021 11:02:28
202109,Beauty,Health&Beauty,Косметические средства для детей и беременных,1,Estimation,2488538706,2786742337,24.02.2021 17:44:13
202109,Beauty,Health&Beauty,Уход и гигиена,1,Estimation,3910026507,1700100908,24.02.2021 17:44:13
202109,Beauty,Health&Beauty,Косметические средства для детей и беременных,0,Estimation,3965862195,2464313519,25.02.2021 20:57:25
202109,Beauty,Health&Beauty,Косметические аксессуары,0,Estimation,362480509,425203379,24.02.2021 11:02:28
202109,Beauty,Health&Beauty,Парфюмерия  ароматерапия,0,Estimation,3540067101,168565730,25.02.2021 20:57:25
202109,Beauty,Health&Beauty,Уход и гигиена,0,Estimation,1155924351,2223342774,24.02.2021 11:02:28
202109,Beauty,Health&Beauty,Парфюмерия  ароматерапия,0,Estimation,1160964749,2749319635,24.02.2021 11:02:28
202109,Beauty,Health&Beauty,Косметика для ухода за волосами,0,Estimation,3888105731,1732606461,24.02.2021 11:02:28
202109,Beauty,Health&Beauty,Косметические аксессуары,1,Estimation,1625473876,2639373745,24.02.2021 17:44:13
202109,Beauty,Health&Beauty,Косметика для ухода за кожей,0,Estimation,1176849726,4245211935,25.02.2021 20:57:25
202109,Beauty,Health&Beauty,Косметическая техника,0,Estimation,3473577908,2182564180,24.02.2021 11:02:28
202109,Beauty,Health&Beauty,Косметика для ухода за волосами,1,Estimation,1572027033,433523145,24.02.2021 17:44:13
202109,Beauty,Health&Beauty,Декоративная косметика,1,Estimation,2742525491,3063696402,24.02.2021 17:44:13
202109,Beauty,Health&Beauty,Косметическая техника,1,Estimation,928658068,3575164736,24.02.2021 17:44:13
202109,Beauty,Health&Beauty,Косметика для ухода за кожей,1,Estimation,991036123,1136952177,24.02.2021 17:44:13
202109,Beauty,Health&Beauty,Косметика для ухода за кожей,0,Estimation,1394714176,1110408745,24.02.2021 11:02:28
202109,Beauty,Health&Beauty,Парфюмерия  ароматерапия,1,Estimation,2686761971,2761259083,24.02.2021 17:44:13
202109,Beauty,Health&Beauty,Декоративная косметика,0,Estimation,3148075656,2726911719,25.02.2021 20:57:25
202109,Beauty,Health&Beauty,Уход и гигиена,0,Estimation,3709981796,658619272,25.02.2021 20:57:25
202109,Beauty,Health&Beauty,Косметические аксессуары,0,Estimation,272885741,3952264551,25.02.2021 20:57:25
202109,Beauty,Health&Beauty,Косметическая техника,0,Estimation,701238040,1977439546,25.02.2021 20:57:25
202109,Beauty,Health&Beauty,Косметика для ухода за волосами,0,Estimation,1427474158,1795752174,25.02.2021 20:57:25
202109,Beauty,Health&Beauty,Косметические средства для детей и беременных,0,Estimation,2561787005,1617776418,24.02.2021 11:02:28
202109,Beauty,Health&Beauty,Косметические средства для детей и беременных,0,Estimation,1137435314,4099384398,25.01.2021 20:57:25
202109,Beauty,Health&Beauty,Косметика для ухода за кожей,0,Estimation,42948654,1699614723,25.01.2021 20:57:25
202109,Beauty,Health&Beauty,Декоративная косметика,0,Estimation,3731506444,9833742,25.01.2021 20:57:25
202109,Beauty,Health&Beauty,Парфюмерия  ароматерапия,0,Estimation,2256703975,4219684013,25.01.2021 20:57:25
202109,Beauty,Health&Beauty,Косметические аксессуары,0,Estimation,81303433,1246326649,25.01.2021 20:57:25
202109,Beauty,Health&Beauty,Уход и гигиена,0,Estimation,1642276613,3302325696,25.01.2021 20:57:25
202109,Beauty,Health&Beauty,Косметика для ухода за волосами,0,Estimation,876178228,3612531016,25.01.2021 20:57:25
202109,Beauty,Health&Beauty,Парфюмерия  ароматерапия,0,Estimation,1529528930,2705901456,24.01.2021 11:02:28
202109,Beauty,Health&Beauty,Косметическая техника,0,Estimation,2750647691,3321611948,25.01.2021 20:57:25
202109,Beauty,Health&Beauty,Косметические средства для детей и беременных,0,Estimation,1340529703,3777781376,24.01.2021 11:02:28
202109,Beauty,Health&Beauty,Косметические аксессуары,1,Estimation,2004846341,3044782921,24.01.2021 17:44:13
202109,Beauty,Health&Beauty,Косметика для ухода за кожей,0,Estimation,2094919189,2339094964,24.01.2021 11:02:28
202109,Beauty,Health&Beauty,Косметика для ухода за волосами,1,Estimation,3461365946,1018129196,24.01.2021 17:44:13
202109,Beauty,Health&Beauty,Уход и гигиена,1,Estimation,52927151,494150570,24.01.2021 17:44:13
202109,Beauty,Health&Beauty,Парфюмерия  ароматерапия,1,Estimation,3652948715,108378343,24.01.2021 17:44:13
202109,Beauty,Health&Beauty,Косметика для ухода за кожей,1,Estimation,3991598882,1858613683,24.01.2021 17:44:13
202109,Beauty,Health&Beauty,Косметические средства для детей и беременных,1,Estimation,2854196783,4268730507,24.01.2021 17:44:13
202109,Beauty,Health&Beauty,Косметическая техника,0,Estimation,4231065201,1105001429,24.01.2021 11:02:28
202109,Beauty,Health&Beauty,Косметика для ухода за волосами,0,Estimation,3370788324,2788468273,24.01.2021 11:02:28
202109,Beauty,Health&Beauty,Уход и гигиена,0,Estimation,1594295678,348873664,24.01.2021 11:02:28
202109,Beauty,Health&Beauty,Косметические аксессуары,0,Estimation,3009545354,3777772256,24.01.2021 11:02:28
202109,Beauty,Health&Beauty,Косметическая техника,1,Estimation,559333135,1039688189,24.01.2021 17:44:13
202109,Beauty,Health&Beauty,Декоративная косметика,1,Estimation,3104812661,120179598,24.01.2021 17:44:13
202109,Beauty,Health&Beauty,Декоративная косметика,0,Estimation,453058818,2543242515,24.01.2021 11:02:28
202109,Beauty,Jewelry,Ювелирные изделия,0,Estimation,1094945596,983320064,25.02.2021 15:11:04
202109,Beauty,Jewelry,Ювелирные изделия,0,Estimation,610117973,897896041,25.01.2021 15:11:04
202109,Beauty,Pharmacy,Медицинские изделия,1,Estimation,3252442712,2090508099,24.02.2021 23:38:51
202109,Beauty,Pharmacy,Лекарственные средства,1,Estimation,3757015649,938909502,24.02.2021 23:38:51
202109,Beauty,Pharmacy,Электронные сигареты  парители  кальяны,1,Estimation,1285581503,3241729339,24.02.2021 23:38:51
202109,Beauty,Pharmacy,Антибактериальные  дезинфицирующие средства,0,Estimation,4034578441,2170069451,20.02.2021 18:23:40
202109,Beauty,Pharmacy,Лекарственные средства для животных,0,Estimation,2823053380,965173561,20.02.2021 18:23:40
202109,Beauty,Pharmacy,Ортопедия и компрессионный трикотаж,0,Estimation,4007973901,2906884143,20.02.2021 18:23:40
202109,Beauty,Pharmacy,Средства реабилитации,1,Estimation,3596621567,4036677781,24.02.2021 23:38:51
202109,Beauty,Pharmacy,Тату,0,Estimation,802703162,797821906,20.02.2021 18:23:40
202109,Beauty,Pharmacy,Медицинские изделия,0,Estimation,3560121648,3722869607,20.02.2021 18:23:40
202109,Beauty,Pharmacy,Антибактериальные  дезинфицирующие средства,1,Estimation,541076388,3473520894,24.02.2021 23:38:51
202109,Beauty,Pharmacy,Парафармацевтика,1,Estimation,3881508646,4252839772,24.02.2021 23:38:51
202109,Beauty,Pharmacy,Уход и гигиена,1,Estimation,864534296,975558295,24.02.2021 23:38:51
202109,Beauty,Pharmacy,Средства реабилитации,0,Estimation,1789703843,290473867,20.02.2021 18:23:40
202109,Beauty,Pharmacy,Уход и гигиена,0,Estimation,2757570333,763296735,20.02.2021 18:23:40
202109,Beauty,Pharmacy,Лекарственные средства,0,Estimation,2531686240,2952821333,20.02.2021 18:23:40
202109,Beauty,Pharmacy,Электронные сигареты  парители  кальяны,0,Estimation,978794615,2574051625,20.02.2021 18:23:40
202109,Beauty,Pharmacy,Ортопедия и компрессионный трикотаж,1,Estimation,2208582348,3376724507,24.02.2021 23:38:51
202109,Beauty,Pharmacy,Парафармацевтика,0,Estimation,1404722086,234638247,20.02.2021 18:23:40
202109,Beauty,Pharmacy,Профессиональный уход за полостью рта,0,Estimation,3616746722,3778234764,20.02.2021 18:23:40
202109,Beauty,Pharmacy,Оптика,1,Estimation,2814364147,1661252253,24.02.2021 23:38:51
202109,Beauty,Pharmacy,Товары для взрослых,1,Estimation,1224079224,2882766493,24.02.2021 23:38:51
202109,Beauty,Pharmacy,Профессиональный уход за полостью рта,1,Estimation,2478922059,1574565632,24.02.2021 23:38:51
202109,Beauty,Pharmacy,Спортивное питание,1,Estimation,3675221611,2641135506,24.02.2021 23:38:51
202109,Beauty,Pharmacy,Витамины и БАДы,0,Estimation,1630977075,2986557779,20.02.2021 18:23:40
202109,Beauty,Pharmacy,Спортивное питание,0,Estimation,63942684,2638808344,20.02.2021 18:23:40
202109,Beauty,Pharmacy,Витамины и БАДы,1,Estimation,14805954,2302380885,24.02.2021 23:38:51
202109,Beauty,Pharmacy,Медицинская техника,1,Estimation,3775334141,3584355317,24.02.2021 23:38:51
202109,Beauty,Pharmacy,Товары для взрослых,0,Estimation,1116029187,3750075736,20.02.2021 18:23:40
202109,Beauty,Pharmacy,Оптика,0,Estimation,741794942,3689985945,20.02.2021 18:23:40
202109,Beauty,Pharmacy,Медицинская техника,0,Estimation,804866387,800371651,20.02.2021 18:23:40
202109,Beauty,Pharmacy,Парафармацевтика,0,Estimation,3517473478,2322227619,20.01.2021 18:23:40
202109,Beauty,Pharmacy,Спортивное питание,0,Estimation,3263057530,2511351404,20.01.2021 18:23:40
202109,Beauty,Pharmacy,Парафармацевтика,1,Estimation,2094564751,2585636452,24.01.2021 23:38:51
202109,Beauty,Pharmacy,Спортивное питание,1,Estimation,735085800,467145874,24.01.2021 23:38:51
202109,Beauty,Pharmacy,Уход и гигиена,0,Estimation,3075533343,1557503986,20.01.2021 18:23:40
202109,Beauty,Pharmacy,Средства реабилитации,0,Estimation,3969430255,1375620600,20.01.2021 18:23:40
202109,Beauty,Pharmacy,Уход и гигиена,1,Estimation,1770967234,3533327998,24.01.2021 23:38:51
202109,Beauty,Pharmacy,Медицинские изделия,0,Estimation,2818813605,2855065425,20.01.2021 18:23:40
202109,Beauty,Pharmacy,Тату,0,Estimation,2273078075,3562447138,20.01.2021 18:23:40
202109,Beauty,Pharmacy,Электронные сигареты  парители  кальяны,0,Estimation,2507979471,2416570638,20.01.2021 18:23:40
202109,Beauty,Pharmacy,Медицинские изделия,1,Estimation,692054948,3730096238,24.01.2021 23:38:51
202109,Beauty,Pharmacy,Антибактериальные  дезинфицирующие средства,1,Estimation,2687347464,441984679,24.01.2021 23:38:51
202109,Beauty,Pharmacy,Ортопедия и компрессионный трикотаж,1,Estimation,57798929,2278761889,24.01.2021 23:38:51
202109,Beauty,Pharmacy,Витамины и БАДы,1,Estimation,2784938239,2729382645,24.01.2021 23:38:51
202109,Beauty,Pharmacy,Лекарственные средства,0,Estimation,345419690,3129795385,20.01.2021 18:23:40
202109,Beauty,Pharmacy,Медицинская техника,1,Estimation,168798032,407874744,24.01.2021 23:38:51
202109,Beauty,Pharmacy,Товары для взрослых,0,Estimation,4188254694,2134720943,20.01.2021 18:23:40
202109,Beauty,Pharmacy,Оптика,0,Estimation,1528197580,517675183,20.01.2021 18:23:40
202109,Beauty,Pharmacy,Медицинская техника,0,Estimation,205128853,847551867,20.01.2021 18:23:40
202109,Beauty,Pharmacy,Профессиональный уход за полостью рта,0,Estimation,4107604800,3733562844,20.01.2021 18:23:40
202109,Beauty,Pharmacy,Ортопедия и компрессионный трикотаж,0,Estimation,744481982,4007543202,20.01.2021 18:23:40
202109,Beauty,Pharmacy,Электронные сигареты  парители  кальяны,1,Estimation,3591100110,4260848363,24.01.2021 23:38:51
202109,Beauty,Pharmacy,Лекарственные средства,1,Estimation,3036142067,3929668128,24.01.2021 23:38:51
202109,Beauty,Pharmacy,Антибактериальные  дезинфицирующие средства,0,Estimation,2110010097,2083611018,20.01.2021 18:23:40
202109,Beauty,Pharmacy,Профессиональный уход за полостью рта,1,Estimation,1777381925,210839599,24.01.2021 23:38:51
202109,Beauty,Pharmacy,Лекарственные средства для животных,0,Estimation,2795515262,1991904192,20.01.2021 18:23:40
202109,Beauty,Pharmacy,Витамины и БАДы,0,Estimation,1624542524,304172798,20.01.2021 18:23:40
202109,Beauty,Pharmacy,Средства реабилитации,1,Estimation,1067672043,822370368,24.01.2021 23:38:51
202109,Beauty,Pharmacy,Товары для взрослых,1,Estimation,422385029,2744845184,24.01.2021 23:38:51
202109,Beauty,Pharmacy,Оптика,1,Estimation,2171774624,1154568487,24.01.2021 23:38:51
202109,ES + Home,Auto&Moto,Авто и мото запчасти,1,Estimation,1089718046,3863438587,18.02.2021 14:15:16
202109,ES + Home,Auto&Moto,Масла и автохимия,1,Estimation,3523659999,2774584225,18.02.2021 14:15:16
202109,ES + Home,Auto&Moto,Автоинструменты и гаражное оборудование,1,Estimation,2865644963,2836427680,18.02.2021 14:15:16
202109,ES + Home,Auto&Moto,Автомобили и мототехника,0,Estimation,3746405174,79862601,17.02.2021 18:25:32
202109,ES + Home,Auto&Moto,Масла и автохимия,0,Estimation,3816175580,1958453356,18.02.2021 14:15:16
202109,ES + Home,Auto&Moto,Шины и диски,0,Estimation,2621531158,174423458,18.02.2021 14:15:16
202109,ES + Home,Auto&Moto,Автоинструменты и гаражное оборудование,0,Estimation,3994034637,995990132,18.02.2021 14:15:16
202109,ES + Home,Auto&Moto,Авто и мото запчасти,0,Estimation,881099510,312689572,18.02.2021 14:15:16
202109,ES + Home,Auto&Moto,Универсальные авто и мото аксессуары,0,Estimation,2174305039,3662427930,17.02.2021 18:25:32
202109,ES + Home,Auto&Moto,Дополнительное оборудование для авто и мото техники,0,Estimation,2349738868,625278321,18.02.2021 14:15:16
202109,ES + Home,Auto&Moto,Автомобили и мототехника,0,Estimation,4079020680,1358134617,18.02.2021 14:15:16
202109,ES + Home,Auto&Moto,Универсальные авто и мото аксессуары,0,Estimation,276026507,1188789104,18.02.2021 14:15:16
202109,ES + Home,Auto&Moto,Дополнительное оборудование для авто и мото техники,0,Estimation,2405605835,1395194272,17.02.2021 18:25:32
202109,ES + Home,Auto&Moto,Авто и мото запчасти,0,Estimation,2078658455,3659680230,17.02.2021 18:25:32
202109,ES + Home,Auto&Moto,Шины и диски,0,Estimation,1820601240,2161046701,17.02.2021 18:25:32
202109,ES + Home,Auto&Moto,Автоинструменты и гаражное оборудование,0,Estimation,3694437203,3791839084,17.02.2021 18:25:32
202109,ES + Home,Auto&Moto,Универсальные авто и мото аксессуары,1,Estimation,1282151934,376215895,18.02.2021 14:15:16
202109,ES + Home,Auto&Moto,Масла и автохимия,0,Estimation,49725562,384160777,17.02.2021 18:25:32
202109,ES + Home,Auto&Moto,Автомобили и мототехника,0,Estimation,2310545293,2035669880,17.01.2021 18:25:32
202109,ES + Home,Auto&Moto,Универсальные авто и мото аксессуары,0,Estimation,3724889071,2237776984,17.01.2021 18:25:32
202109,ES + Home,Auto&Moto,Универсальные авто и мото аксессуары,1,Estimation,225455223,2908151447,18.01.2021 14:15:16
202109,ES + Home,Auto&Moto,Автомобили и мототехника,0,Estimation,172619990,2422246625,18.01.2021 14:15:16
202109,ES + Home,Auto&Moto,Универсальные авто и мото аксессуары,0,Estimation,470036046,1074355852,18.01.2021 14:15:16
202109,ES + Home,Auto&Moto,Шины и диски,0,Estimation,232296846,1840097163,17.01.2021 18:25:32
202109,ES + Home,Auto&Moto,Автоинструменты и гаражное оборудование,0,Estimation,1025376882,1349556802,17.01.2021 18:25:32
202109,ES + Home,Auto&Moto,Шины и диски,0,Estimation,4025886494,2137865354,18.01.2021 14:15:16
202109,ES + Home,Auto&Moto,Масла и автохимия,0,Estimation,866298089,1491970056,17.01.2021 18:25:32
202109,ES + Home,Auto&Moto,Дополнительное оборудование для авто и мото техники,0,Estimation,502434287,2393561613,18.01.2021 14:15:16
202109,ES + Home,Auto&Moto,Авто и мото запчасти,1,Estimation,3397111632,4272816316,18.01.2021 14:15:16
202109,ES + Home,Auto&Moto,Масла и автохимия,1,Estimation,1107278465,2058949550,18.01.2021 14:15:16
202109,ES + Home,Auto&Moto,Автоинструменты и гаражное оборудование,1,Estimation,1883033538,3359064865,18.01.2021 14:15:16
202109,ES + Home,Auto&Moto,Дополнительное оборудование для авто и мото техники,0,Estimation,649857525,1597063334,17.01.2021 18:25:32
202109,ES + Home,Auto&Moto,Масла и автохимия,0,Estimation,3399199434,2399196808,18.01.2021 14:15:16
202109,ES + Home,Auto&Moto,Авто и мото запчасти,0,Estimation,4180289214,2206566205,17.01.2021 18:25:32
202109,ES + Home,Auto&Moto,Авто и мото запчасти,0,Estimation,2600373129,3824272000,18.01.2021 14:15:16
202109,ES + Home,Auto&Moto,Автоинструменты и гаражное оборудование,0,Estimation,3253433144,3441387006,18.01.2021 14:15:16
202109,ES + Home,Books,Учебная литература,0,Estimation,2967786751,3886924411,16.02.2021 18:01:08
202109,ES + Home,Books,Современная печатная книга,1,Estimation,3040881911,3087019692,16.02.2021 18:29:37
202109,ES + Home,Books,Аудиокнига,0,Estimation,546204003,3119626635,16.02.2021 18:01:08
202109,ES + Home,Books,Книга по требованию,0,Estimation,783804573,2461355543,16.02.2021 18:01:08
202109,ES + Home,Books,Книги детям и родителям,0,Estimation,1906564267,1578167714,16.02.2021 18:01:08
202109,ES + Home,Books,Иностранное издание,0,Estimation,2842393733,70582118,16.02.2021 18:01:08
202109,ES + Home,Books,Современная печатная книга,0,Estimation,3926928479,3238120019,16.02.2021 18:01:08
202109,ES + Home,Books,Цифровая книга,0,Estimation,1822294580,1883867860,16.02.2021 18:01:08
202109,ES + Home,Books,Антикварное издание,0,Estimation,2037303637,3051302692,16.02.2021 18:01:08
202109,ES + Home,Books,ПО на физических носителях,0,Estimation,4287039607,727411857,16.02.2021 18:01:08
202109,ES + Home,Books,Книги детям и родителям,1,Estimation,187685324,2597515216,16.02.2021 18:29:37
202109,ES + Home,Books,Second-hand книга,0,Estimation,83624501,2801351259,16.02.2021 18:01:08
202109,ES + Home,Books,Second-hand книга,1,Estimation,4049194378,1382021993,16.02.2021 18:29:37
202109,ES + Home,Books,Художественная литература,0,Estimation,3857877312,1646454442,16.02.2021 18:01:08
202109,ES + Home,Books,Бизнес-литература,0,Estimation,3283549120,2881880385,16.02.2021 18:01:08
202109,ES + Home,Books,Литература на иностранном языке,0,Estimation,1167986788,1284943109,16.02.2021 18:01:08
202109,ES + Home,Books,Календари,0,Estimation,1995489341,2954772331,16.02.2021 18:01:08
202109,ES + Home,Books,Манга,1,Estimation,3376356984,384742602,16.02.2021 18:29:37
202109,ES + Home,Books,Современные листовые издания,0,Estimation,3393064562,2334717260,16.02.2021 18:01:08
202109,ES + Home,Books,Нехудожественная литература,0,Estimation,2009097955,1071967939,16.02.2021 18:01:08
202109,ES + Home,Books,Комиксы,1,Estimation,3700059756,623571207,16.02.2021 18:29:37
202109,ES + Home,Books,Цифровая аудиокнига,0,Estimation,1927160786,1613549380,16.02.2021 18:01:08
202109,ES + Home,Books,Комиксы,0,Estimation,209723383,280096134,16.02.2021 18:01:08
202109,ES + Home,Books,Блокноты с ISBN,1,Estimation,408299764,3936276139,16.02.2021 18:29:37
202109,ES + Home,Books,Бизнес-литература,1,Estimation,1635954717,1829333519,16.02.2021 18:29:37
202109,ES + Home,Books,Современные картографические издания,0,Estimation,649454375,1923864671,16.02.2021 18:01:08
202109,ES + Home,Books,Художественная литература,1,Estimation,1179173985,791294276,16.02.2021 18:29:37
202109,ES + Home,Books,Блокноты с ISBN,0,Estimation,1794618095,2397877291,16.02.2021 18:01:08
202109,ES + Home,Books,Нехудожественная литература,1,Estimation,3699091654,1077799959,16.02.2021 18:29:37
202109,ES + Home,Books,Букинистическое издание,0,Estimation,4059245536,2424850527,16.02.2021 18:01:08
202109,ES + Home,Books,Манга,0,Estimation,1748869796,1751133767,16.02.2021 18:01:08
202109,ES + Home,Books,Блокноты с ISBN,0,Estimation,4110186440,4019020950,16.01.2021 18:01:08
202109,ES + Home,Books,Букинистическое издание,0,Estimation,1190217202,1737574633,16.01.2021 18:01:08
202109,ES + Home,Books,ПО на физических носителях,0,Estimation,4217218748,2557975909,16.01.2021 18:01:08
202109,ES + Home,Books,Цифровая книга,0,Estimation,218509583,439035839,16.01.2021 18:01:08
202109,ES + Home,Books,Нехудожественная литература,0,Estimation,415877112,2859823413,16.01.2021 18:01:08
202109,ES + Home,Books,Современные картографические издания,0,Estimation,2881481641,970097288,16.01.2021 18:01:08
202109,ES + Home,Books,Комиксы,0,Estimation,2329429064,4076671123,16.01.2021 18:01:08
202109,ES + Home,Books,Календари,0,Estimation,4161252467,1821158018,16.01.2021 18:01:08
202109,ES + Home,Books,Цифровая аудиокнига,0,Estimation,820826833,765881708,16.01.2021 18:01:08
202109,ES + Home,Books,Учебная литература,0,Estimation,428954775,3215377483,16.01.2021 18:01:08
202109,ES + Home,Books,Современная печатная книга,1,Estimation,3001801317,3145009986,16.01.2021 18:29:37
202109,ES + Home,Books,Современные листовые издания,0,Estimation,3155579220,642355601,16.01.2021 18:01:08
202109,ES + Home,Books,Second-hand книга,0,Estimation,192977393,4058185809,16.01.2021 18:01:08
202109,ES + Home,Books,Манга,0,Estimation,1643126435,2835364294,16.01.2021 18:01:08
202109,ES + Home,Books,Книги детям и родителям,0,Estimation,1870629997,13851974,16.01.2021 18:01:08
202109,ES + Home,Books,Книги детям и родителям,1,Estimation,1135989699,2823965945,16.01.2021 18:29:37
202109,ES + Home,Books,Антикварное издание,0,Estimation,190668395,446427249,16.01.2021 18:01:08
202109,ES + Home,Books,Комиксы,1,Estimation,3163900357,3093289015,16.01.2021 18:29:37
202109,ES + Home,Books,Блокноты с ISBN,1,Estimation,3556967650,1274790676,16.01.2021 18:29:37
202109,ES + Home,Books,Иностранное издание,0,Estimation,1872091180,2599423636,16.01.2021 18:01:08
202109,ES + Home,Books,Нехудожественная литература,1,Estimation,4110066964,929654946,16.01.2021 18:29:37
202109,ES + Home,Books,Книга по требованию,0,Estimation,3564799223,1774127039,16.01.2021 18:01:08
202109,ES + Home,Books,Современная печатная книга,0,Estimation,3464192239,4202698454,16.01.2021 18:01:08
202109,ES + Home,Books,Литература на иностранном языке,0,Estimation,1782623548,2093254297,16.01.2021 18:01:08
202109,ES + Home,Books,Second-hand книга,1,Estimation,3211681139,2527213998,16.01.2021 18:29:37
202109,ES + Home,Books,Бизнес-литература,0,Estimation,3676780426,929590534,16.01.2021 18:01:08
202109,ES + Home,Books,Бизнес-литература,1,Estimation,1428285711,1652687720,16.01.2021 18:29:37
202109,ES + Home,Books,Манга,1,Estimation,175118714,1632880240,16.01.2021 18:29:37
202109,ES + Home,Books,Аудиокнига,0,Estimation,1099029010,2148859821,16.01.2021 18:01:08
202109,ES + Home,Books,Художественная литература,1,Estimation,2641642373,1028652649,16.01.2021 18:29:37
202109,ES + Home,Books,Художественная литература,0,Estimation,624774206,3384833912,16.01.2021 18:01:08
202109,ES + Home,Digital,Програмное обеспечение Digital,0,Estimation,3911126487,2532424257,25.02.2021 22:27:30
202109,ES + Home,Digital,Програмное обеспечение Digital,0,Estimation,1751586568,3894951743,25.01.2021 22:27:30
202109,ES + Home,DIY,Освещение,0,Estimation,2151884050,4162019449,18.02.2021 14:45:14
202109,ES + Home,DIY,Инструменты,1,Estimation,4002719593,2631233705,18.02.2021 14:45:14
202109,ES + Home,DIY,Сантехника,0,Estimation,323407069,927914073,17.02.2021 18:25:32
202109,ES + Home,DIY,Инструменты,0,Estimation,2767433499,670022453,18.02.2021 14:45:14
202109,ES + Home,DIY,Ремонт и строительство,0,Estimation,1710064373,2275334571,17.02.2021 18:25:32
202109,ES + Home,DIY,Сад и огород,1,Estimation,1457970775,2710795924,18.02.2021 14:45:14
202109,ES + Home,DIY,Сантехника,0,Estimation,1701705849,3744357113,18.02.2021 14:45:14
202109,ES + Home,DIY,Фильтры для воды,1,Estimation,2343373476,2154615010,18.02.2021 14:45:14
202109,ES + Home,DIY,Сад и огород,0,Estimation,1898593164,2424381775,18.02.2021 14:45:14
202109,ES + Home,DIY,Фильтры для воды,0,Estimation,215959404,4159393154,18.02.2021 14:45:14
202109,ES + Home,DIY,Освещение,1,Estimation,4121100021,351283022,18.02.2021 14:45:14
202109,ES + Home,DIY,Ремонт и строительство,1,Estimation,1590511037,684069006,18.02.2021 14:45:14
202109,ES + Home,DIY,Фильтры для воды,0,Estimation,917418352,2383681097,17.02.2021 18:25:32
202109,ES + Home,DIY,Сад и огород,0,Estimation,3292212394,274194990,17.02.2021 18:25:32
202109,ES + Home,DIY,Освещение,0,Estimation,3641075172,139613760,17.02.2021 18:25:32
202109,ES + Home,DIY,Инструменты,0,Estimation,2289626200,1907982370,17.02.2021 18:25:32
202109,ES + Home,DIY,Ремонт и строительство,0,Estimation,3570069523,1969503346,18.02.2021 14:45:14
202109,ES + Home,DIY,Инструменты,1,Estimation,2641954213,2925719529,18.01.2021 14:45:14
202109,ES + Home,DIY,Освещение,0,Estimation,402087738,795300983,18.01.2021 14:45:14
202109,ES + Home,DIY,Сантехника,0,Estimation,1334447532,1872016223,18.01.2021 14:45:14
202109,ES + Home,DIY,Сантехника,0,Estimation,4013246261,3087388862,17.01.2021 18:25:32
202109,ES + Home,DIY,Инструменты,0,Estimation,704806421,3671534335,18.01.2021 14:45:14
202109,ES + Home,DIY,Фильтры для воды,1,Estimation,3576429436,2941858026,18.01.2021 14:45:14
202109,ES + Home,DIY,Ремонт и строительство,0,Estimation,1442176583,587098777,17.01.2021 18:25:32
202109,ES + Home,DIY,Сад и огород,1,Estimation,1170749032,1051101552,18.01.2021 14:45:14
202109,ES + Home,DIY,Фильтры для воды,0,Estimation,711020633,1261758197,18.01.2021 14:45:14
202109,ES + Home,DIY,Освещение,1,Estimation,1061652925,3110019422,18.01.2021 14:45:14
202109,ES + Home,DIY,Сад и огород,0,Estimation,256962175,4290024442,18.01.2021 14:45:14
202109,ES + Home,DIY,Ремонт и строительство,1,Estimation,2816676431,1230082772,18.01.2021 14:45:14
202109,ES + Home,DIY,Инструменты,0,Estimation,1554621138,1511988660,17.01.2021 18:25:32
202109,ES + Home,DIY,Освещение,0,Estimation,1575000255,3727672052,17.01.2021 18:25:32
202109,ES + Home,DIY,Фильтры для воды,0,Estimation,2558016123,1920502300,17.01.2021 18:25:32
202109,ES + Home,DIY,Сад и огород,0,Estimation,3439745452,2567035631,17.01.2021 18:25:32
202109,ES + Home,DIY,Ремонт и строительство,0,Estimation,1279593102,2817217092,18.01.2021 14:45:14
202109,ES + Home,Furniture,Мебель для сна,0,Estimation,2408714717,306877682,18.02.2021 14:15:16
202109,ES + Home,Furniture,Столы и стулья,0,Estimation,1530054467,3062545689,18.02.2021 14:15:16
202109,ES + Home,Furniture,Мебель для сада,0,Estimation,166866493,3147871917,18.02.2021 14:15:16
202109,ES + Home,Furniture,Компьютерная и офисная мебель,0,Estimation,411319495,1652397116,17.02.2021 18:25:32
202109,ES + Home,Furniture,Корпусная мебель и мебель для хранения,0,Estimation,2531750493,4072202321,18.02.2021 14:15:16
202109,ES + Home,Furniture,Мягкая мебель,0,Estimation,1578158533,781012643,17.02.2021 18:25:32
202109,ES + Home,Furniture,Прочая мебель,0,Estimation,250183326,300465239,18.02.2021 14:15:16
202109,ES + Home,Furniture,Мебель для сада,0,Estimation,1186077185,999273715,17.02.2021 18:25:32
202109,ES + Home,Furniture,Столы и стулья,0,Estimation,2055477633,1839542389,17.02.2021 18:25:32
202109,ES + Home,Furniture,Прочая мебель,0,Estimation,3622449072,765645465,17.02.2021 18:25:32
202109,ES + Home,Furniture,Мягкая мебель,0,Estimation,1202148606,2780940270,18.02.2021 14:15:16
202109,ES + Home,Furniture,Компьютерная и офисная мебель,0,Estimation,924424527,2486443719,18.02.2021 14:15:16
202109,ES + Home,Furniture,Корпусная мебель и мебель для хранения,0,Estimation,2519389561,1076213718,17.02.2021 18:25:32
202109,ES + Home,Furniture,Мебель для сна,0,Estimation,1967734779,1110699319,17.02.2021 18:25:32
202109,ES + Home,Furniture,Мягкая мебель,0,Estimation,3613554779,2751183089,17.01.2021 18:25:32
202109,ES + Home,Furniture,Корпусная мебель и мебель для хранения,0,Estimation,2379399896,2300220720,17.01.2021 18:25:32
202109,ES + Home,Furniture,Корпусная мебель и мебель для хранения,0,Estimation,953369814,1201227633,18.01.2021 14:15:16
202109,ES + Home,Furniture,Мягкая мебель,0,Estimation,1946688817,2613596826,18.01.2021 14:15:16
202109,ES + Home,Furniture,Столы и стулья,0,Estimation,3740970956,243581305,18.01.2021 14:15:16
202109,ES + Home,Furniture,Компьютерная и офисная мебель,0,Estimation,632550826,2944749035,17.01.2021 18:25:32
202109,ES + Home,Furniture,Мебель для сада,0,Estimation,2259203549,3178506013,18.01.2021 14:15:16
202109,ES + Home,Furniture,Мебель для сна,0,Estimation,1839411473,3658410954,17.01.2021 18:25:32
202109,ES + Home,Furniture,Компьютерная и офисная мебель,0,Estimation,2101815149,1277437837,18.01.2021 14:15:16
202109,ES + Home,Furniture,Прочая мебель,0,Estimation,122069892,1343676047,18.01.2021 14:15:16
202109,ES + Home,Furniture,Прочая мебель,0,Estimation,1338761775,4244132765,17.01.2021 18:25:32
202109,ES + Home,Furniture,Мебель для сна,0,Estimation,189264864,1060134230,18.01.2021 14:15:16
202109,ES + Home,Furniture,Столы и стулья,0,Estimation,866501444,1154240051,17.01.2021 18:25:32
202109,ES + Home,Furniture,Мебель для сада,0,Estimation,64896321,2481324327,17.01.2021 18:25:32
202109,ES + Home,Household,Принадлежности для Нового года,0,Estimation,2454435169,455225905,18.02.2021 14:45:14
202109,ES + Home,Household,Кухня,1,Estimation,1694416039,2544939938,18.02.2021 14:45:14
202109,ES + Home,Household,Ритуальные изделия,0,Estimation,1593735732,1895631976,18.02.2021 14:45:14
202109,ES + Home,Household,Хранение,0,Estimation,1108171169,3573167942,18.02.2021 14:45:14
202109,ES + Home,Household,Интерьер и декор,0,Estimation,2803984425,3543019982,17.02.2021 18:25:32
202109,ES + Home,Household,Домашний текстиль,0,Estimation,1327864416,148573067,17.02.2021 18:25:32
202109,ES + Home,Household,Кухня,0,Estimation,3518540321,1964399154,18.02.2021 14:45:14
202109,ES + Home,Household,Аксессуары для уборки и стирки,0,Estimation,3174552163,1830201856,18.02.2021 14:45:14
202109,ES + Home,Household,Интерьер и декор,0,Estimation,61190801,1480087390,18.02.2021 14:45:14
202109,ES + Home,Household,Ванная комната,0,Estimation,1268033237,1704361512,17.02.2021 18:25:32
202109,ES + Home,Household,Аксессуары для уборки и стирки,1,Estimation,691715453,344508737,18.02.2021 14:45:14
202109,ES + Home,Household,Антиквариат Хоум Декор,0,Estimation,3518773110,3424785669,18.02.2021 14:45:14
202109,ES + Home,Household,Принадлежности для Нового года,1,Estimation,3877326871,1103184515,18.02.2021 14:45:14
202109,ES + Home,Household,Домашний текстиль,1,Estimation,347544969,2607243353,18.02.2021 14:45:14
202109,ES + Home,Household,Кухня,0,Estimation,4280485062,1794133290,17.02.2021 18:25:32
202109,ES + Home,Household,Аксессуары для уборки и стирки,0,Estimation,4090092020,1523902795,17.02.2021 18:25:32
202109,ES + Home,Household,Интерьер и декор,1,Estimation,4112911744,134243395,18.02.2021 14:45:14
202109,ES + Home,Household,Принадлежности для Нового года,1,Estimation,2071316162,20011057,17.02.2021 18:25:32
202109,ES + Home,Household,Ванная комната,0,Estimation,280899389,3101042898,18.02.2021 14:45:14
202109,ES + Home,Household,Антиквариат Хоум Декор,0,Estimation,3797897412,267235170,17.02.2021 18:25:32
202109,ES + Home,Household,Ритуальные изделия,0,Estimation,1236815910,3236794147,17.02.2021 18:25:32
202109,ES + Home,Household,Принадлежности для Нового года,0,Estimation,3635145832,4021451950,17.02.2021 18:25:32
202109,ES + Home,Household,Домашний текстиль,0,Estimation,481228028,3835367518,18.02.2021 14:45:14
202109,ES + Home,Household,Хранение,0,Estimation,1892015968,3309069596,17.02.2021 18:25:32
202109,ES + Home,Household,Кухня,1,Estimation,1954189618,3244158532,18.01.2021 14:45:14
202109,ES + Home,Household,Ритуальные изделия,0,Estimation,123691311,3932047434,18.01.2021 14:45:14
202109,ES + Home,Household,Ванная комната,0,Estimation,1034588274,3016219152,17.01.2021 18:25:32
202109,ES + Home,Household,Интерьер и декор,0,Estimation,1882561047,3426492079,18.01.2021 14:45:14
202109,ES + Home,Household,Интерьер и декор,0,Estimation,730952130,1448160930,17.01.2021 18:25:32
202109,ES + Home,Household,Принадлежности для Нового года,0,Estimation,2069309013,3880961149,18.01.2021 14:45:14
202109,ES + Home,Household,Хранение,0,Estimation,2422899233,1531028569,18.01.2021 14:45:14
202109,ES + Home,Household,Домашний текстиль,0,Estimation,3306768549,156388615,17.01.2021 18:25:32
202109,ES + Home,Household,Кухня,0,Estimation,2174182767,2291774513,18.01.2021 14:45:14
202109,ES + Home,Household,Аксессуары для уборки и стирки,0,Estimation,280907612,3467560532,18.01.2021 14:45:14
202109,ES + Home,Household,Принадлежности для Нового года,1,Estimation,2396567159,11777151,18.01.2021 14:45:14
202109,ES + Home,Household,Аксессуары для уборки и стирки,1,Estimation,1617062107,1566057217,18.01.2021 14:45:14
202109,ES + Home,Household,Антиквариат Хоум Декор,0,Estimation,1613424152,3468522708,18.01.2021 14:45:14
202109,ES + Home,Household,Домашний текстиль,1,Estimation,2734627723,2381137273,18.01.2021 14:45:14
202109,ES + Home,Household,Хранение,0,Estimation,2558595963,2649959114,17.01.2021 18:25:32
202109,ES + Home,Household,Ванная комната,0,Estimation,684817885,1310035033,18.01.2021 14:45:14
202109,ES + Home,Household,Ритуальные изделия,0,Estimation,3444750862,2344038052,17.01.2021 18:25:32
202109,ES + Home,Household,Принадлежности для Нового года,0,Estimation,2102947244,1805472189,17.01.2021 18:25:32
202109,ES + Home,Household,Принадлежности для Нового года,1,Estimation,3976451498,4240700324,17.01.2021 18:25:32
202109,ES + Home,Household,Антиквариат Хоум Декор,0,Estimation,3565041865,4261649883,17.01.2021 18:25:32
202109,ES + Home,Household,Интерьер и декор,1,Estimation,2052884232,4052621840,18.01.2021 14:45:14
202109,ES + Home,Household,Аксессуары для уборки и стирки,0,Estimation,2822903153,1878274399,17.01.2021 18:25:32
202109,ES + Home,Household,Кухня,0,Estimation,4151289405,1789655294,17.01.2021 18:25:32
202109,ES + Home,Household,Домашний текстиль,0,Estimation,1907125753,1926046208,18.01.2021 14:45:14
202109,ES + Home,Laptops & Computers,Расходный материал для электроники Lap&Comp,1,Estimation,3743858798,570339041,17.02.2021 13:05:08
202109,ES + Home,Laptops & Computers,Компьютерная периферия Lap&Comp,1,Estimation,206624864,2747047547,17.02.2021 13:05:08
202109,ES + Home,Laptops & Computers,Домашняя Аудио и Видеотехника Lap&Comp,0,Estimation,441883969,2893675758,17.02.2021 13:05:08
202109,ES + Home,Laptops & Computers,Компьютеры Lap&Comp,0,Estimation,3261719482,1370724687,17.02.2021 13:05:08
202109,ES + Home,Laptops & Computers,Компьютеры Lap&Comp,1,Estimation,281358756,3238332996,17.02.2021 13:05:08
202109,ES + Home,Laptops & Computers,Расходный материал для электроники Lap&Comp,0,Estimation,1420263356,1956956842,17.02.2021 13:05:08
202109,ES + Home,Laptops & Computers,Компьютерная офисная техника Lap&Comp,0,Estimation,2699988813,1541286660,17.02.2021 13:05:08
202109,ES + Home,Laptops & Computers,Компьютерная периферия Lap&Comp,0,Estimation,4205754097,2767288506,17.02.2021 13:05:08
202109,ES + Home,Laptops & Computers,Компьютерная офисная техника Lap&Comp,0,Estimation,105825844,4124808721,17.01.2021 13:05:08
202109,ES + Home,Laptops & Computers,Компьютеры Lap&Comp,0,Estimation,3671353117,3857448769,17.01.2021 13:05:08
202109,ES + Home,Laptops & Computers,Компьютерная периферия Lap&Comp,0,Estimation,1893148496,1115026598,17.01.2021 13:05:08
202109,ES + Home,Laptops & Computers,Компьютеры Lap&Comp,1,Estimation,2809935115,1470578656,17.01.2021 13:05:08
202109,ES + Home,Laptops & Computers,Домашняя Аудио и Видеотехника Lap&Comp,0,Estimation,2753588178,2838838317,17.01.2021 13:05:08
202109,ES + Home,Laptops & Computers,Компьютерная периферия Lap&Comp,1,Estimation,2401441729,1212072345,17.01.2021 13:05:08
202109,ES + Home,Laptops & Computers,Расходный материал для электроники Lap&Comp,1,Estimation,1315520305,1858859915,17.01.2021 13:05:08
202109,ES + Home,Laptops & Computers,Расходный материал для электроники Lap&Comp,0,Estimation,2592922571,2301169401,17.01.2021 13:05:08
202109,ES + Home,Major Domestic Appliances,Крупная бытовая техника MDA,0,Estimation,1113152883,1188801190,16.02.2021 17:46:45
202109,ES + Home,Major Domestic Appliances,Крупная бытовая техника MDA,0,Estimation,2921007869,3758373311,16.01.2021 17:46:45
202109,ES + Home,Miscellaneous accessories,Автомобильная техника Access,0,Estimation,2810244972,3393160310,17.02.2021 18:25:32
202109,ES + Home,Miscellaneous accessories,Игровые приставки и аксессуары Access,1,Estimation,3443832467,2729204299,17.02.2021 18:25:32
202109,ES + Home,Miscellaneous accessories,Игровые приставки и аксессуары Access,0,Estimation,4293958094,3434851908,17.02.2021 18:25:32
202109,ES + Home,Miscellaneous accessories,Бытовая техника Access,1,Estimation,735312509,3876915274,17.02.2021 18:25:32
202109,ES + Home,Miscellaneous accessories,Домашняя Аудио и Видеотехника Access,1,Estimation,2933314446,1540447616,17.02.2021 18:25:32
202109,ES + Home,Miscellaneous accessories,Компьютеры Access,1,Estimation,495555368,4092151388,17.02.2021 18:25:32
202109,ES + Home,Miscellaneous accessories,Расходный материал для электроники Access,1,Estimation,332569520,1677675432,17.02.2021 18:25:32
202109,ES + Home,Miscellaneous accessories,Бытовая техника Access,0,Estimation,3226399900,918476106,17.02.2021 18:25:32
202109,ES + Home,Miscellaneous accessories,Расходный материал для электроники Access,0,Estimation,3635362548,3553112105,17.02.2021 18:25:32
202109,ES + Home,Miscellaneous accessories,Компьютеры Access,0,Estimation,1679925313,295329202,17.02.2021 18:25:32
202109,ES + Home,Miscellaneous accessories,Электронные товары хобби и отдых Access,0,Estimation,273586061,3708990257,17.02.2021 18:25:32
202109,ES + Home,Miscellaneous accessories,Компьютерная периферия Access,0,Estimation,655190245,3878021388,17.02.2021 18:25:32
202109,ES + Home,Miscellaneous accessories,Фото и видео Access,0,Estimation,92941851,3589433802,17.02.2021 18:25:32
202109,ES + Home,Miscellaneous accessories,Оборудование Access,0,Estimation,2755176598,3355232811,17.02.2021 18:25:32
202109,ES + Home,Miscellaneous accessories,Средства связи Access,0,Estimation,3408500458,4013931373,17.02.2021 18:25:32
202109,ES + Home,Miscellaneous accessories,Домашняя Аудио и Видеотехника Access,0,Estimation,1867024940,2701863065,17.02.2021 18:25:32
202109,ES + Home,Miscellaneous accessories,Электропитание Access,1,Estimation,2172349357,985154805,17.02.2021 18:25:32
202109,ES + Home,Miscellaneous accessories,Средства связи Access,1,Estimation,3842403288,12658004,17.02.2021 18:25:32
202109,ES + Home,Miscellaneous accessories,Электропитание Access,0,Estimation,1918543149,2055780458,17.02.2021 18:25:32
202109,ES + Home,Miscellaneous accessories,Фото и видео Access,1,Estimation,1606880275,65404522,17.02.2021 18:25:32
202109,ES + Home,Miscellaneous accessories,Компьютерная периферия Access,1,Estimation,482275108,3133731880,17.02.2021 18:25:32
202109,ES + Home,Miscellaneous accessories,Расходный материал для электроники Access,0,Estimation,2722065169,88861401,17.01.2021 18:25:32
202109,ES + Home,Miscellaneous accessories,Компьютеры Access,0,Estimation,1755530952,1917789038,17.01.2021 18:25:32
202109,ES + Home,Miscellaneous accessories,Бытовая техника Access,0,Estimation,1187412915,3580092079,17.01.2021 18:25:32
202109,ES + Home,Miscellaneous accessories,Расходный материал для электроники Access,1,Estimation,3405568509,1012682894,17.01.2021 18:25:32
202109,ES + Home,Miscellaneous accessories,Компьютеры Access,1,Estimation,541321937,3947922797,17.01.2021 18:25:32
202109,ES + Home,Miscellaneous accessories,Игровые приставки и аксессуары Access,0,Estimation,750658633,3767203982,17.01.2021 18:25:32
202109,ES + Home,Miscellaneous accessories,Бытовая техника Access,1,Estimation,900456194,1645694116,17.01.2021 18:25:32
202109,ES + Home,Miscellaneous accessories,Игровые приставки и аксессуары Access,1,Estimation,3237452161,3675830671,17.01.2021 18:25:32
202109,ES + Home,Miscellaneous accessories,Автомобильная техника Access,0,Estimation,182207915,4019731307,17.01.2021 18:25:32
202109,ES + Home,Miscellaneous accessories,Домашняя Аудио и Видеотехника Access,1,Estimation,4021819242,2497287047,17.01.2021 18:25:32
202109,ES + Home,Miscellaneous accessories,Оборудование Access,0,Estimation,558569591,1260751427,17.01.2021 18:25:32
202109,ES + Home,Miscellaneous accessories,Электропитание Access,0,Estimation,1530013100,1215621874,17.01.2021 18:25:32
202109,ES + Home,Miscellaneous accessories,Средства связи Access,1,Estimation,3934058786,3307019616,17.01.2021 18:25:32
202109,ES + Home,Miscellaneous accessories,Домашняя Аудио и Видеотехника Access,0,Estimation,3080644776,3579497781,17.01.2021 18:25:32
202109,ES + Home,Miscellaneous accessories,Компьютерная периферия Access,1,Estimation,1490306222,3311108232,17.01.2021 18:25:32
202109,ES + Home,Miscellaneous accessories,Фото и видео Access,1,Estimation,924981069,1155079302,17.01.2021 18:25:32
202109,ES + Home,Miscellaneous accessories,Электропитание Access,1,Estimation,975636685,1689040716,17.01.2021 18:25:32
202109,ES + Home,Miscellaneous accessories,Компьютерная периферия Access,0,Estimation,63393982,3045711434,17.01.2021 18:25:32
202109,ES + Home,Miscellaneous accessories,Электронные товары хобби и отдых Access,0,Estimation,1344076149,884253772,17.01.2021 18:25:32
202109,ES + Home,Miscellaneous accessories,Средства связи Access,0,Estimation,1909363688,1672483455,17.01.2021 18:25:32
202109,ES + Home,Miscellaneous accessories,Фото и видео Access,0,Estimation,2663711344,2611305536,17.01.2021 18:25:32
202109,ES + Home,Small Domestic Appliances,Мелкая бытовая техника SDA,0,Estimation,2145283543,3312084586,18.02.2021 14:45:14
202109,ES + Home,Small Domestic Appliances,Оборудование SDA,0,Estimation,1325767027,2972305852,18.02.2021 14:45:14
202109,ES + Home,Small Domestic Appliances,Мелкая бытовая техника SDA,0,Estimation,3832355297,3941706482,17.02.2021 18:25:32
202109,ES + Home,Small Domestic Appliances,Мелкая бытовая техника SDA,1,Estimation,2319370510,1526309937,18.02.2021 14:45:14
202109,ES + Home,Small Domestic Appliances,Оборудование SDA,0,Estimation,998784946,2741882222,17.02.2021 18:25:32
202109,ES + Home,Small Domestic Appliances,Оборудование SDA,0,Estimation,1772681180,2379394532,18.01.2021 14:45:14
202109,ES + Home,Small Domestic Appliances,Мелкая бытовая техника SDA,0,Estimation,1762337494,705378500,18.01.2021 14:45:14
202109,ES + Home,Small Domestic Appliances,Мелкая бытовая техника SDA,0,Estimation,168861023,1014039314,17.01.2021 18:25:32
202109,ES + Home,Small Domestic Appliances,Оборудование SDA,0,Estimation,3501939762,2603983181,17.01.2021 18:25:32
202109,ES + Home,Small Domestic Appliances,Мелкая бытовая техника SDA,1,Estimation,4180887030,1274936657,18.01.2021 14:45:14
202109,ES + Home,Smartphones & Tablets,Средства связи Smart&Tablets,0,Estimation,2339691428,1923700425,16.02.2021 18:10:45
202109,ES + Home,Smartphones & Tablets,Компьютеры Smart&Tablets,1,Estimation,3087225261,3148687866,16.02.2021 18:29:35
202109,ES + Home,Smartphones & Tablets,Компьютеры Smart&Tablets,0,Estimation,1473073503,2380852676,16.02.2021 18:10:45
202109,ES + Home,Smartphones & Tablets,Средства связи Smart&Tablets,1,Estimation,2512781772,2119613462,16.02.2021 18:29:35
202109,ES + Home,Smartphones & Tablets,Компьютеры Smart&Tablets,0,Estimation,2967178633,468145888,16.01.2021 18:10:45
202109,ES + Home,Smartphones & Tablets,Компьютеры Smart&Tablets,1,Estimation,610922734,1693848146,16.01.2021 18:29:35
202109,ES + Home,Smartphones & Tablets,Средства связи Smart&Tablets,0,Estimation,2841196488,1153732610,16.01.2021 18:10:45
202109,ES + Home,Smartphones & Tablets,Средства связи Smart&Tablets,1,Estimation,3953438943,3547399318,16.01.2021 18:29:35
202109,ES + Home,Sport,Спортивные аксессуары,1,Estimation,1276858289,1964280756,17.02.2021 18:25:32
202109,ES + Home,Sport,Товары для рыбалки,0,Estimation,2782137145,2602754429,17.02.2021 18:25:32
202109,ES + Home,Sport,Зимние виды спорта,0,Estimation,1107764230,363308027,17.02.2021 18:25:32
202109,ES + Home,Sport,Цирковое искусство,0,Estimation,2011166797,243334474,17.02.2021 18:25:32
202109,ES + Home,Sport,Летние виды спорта,0,Estimation,2811077621,2735284081,17.02.2021 18:25:32
202109,ES + Home,Sport,Страйкбол и пневматика,0,Estimation,2918559044,3337563878,17.02.2021 18:25:32
202109,ES + Home,Sport,Спортивные аксессуары,0,Estimation,706891324,2969682473,17.02.2021 18:25:32
202109,ES + Home,Sport,Товары для охоты,0,Estimation,426336300,3889135945,17.02.2021 18:25:32
202109,ES + Home,Sport,Тренажеры и фитнес,1,Estimation,3544876106,3845511692,17.02.2021 18:25:32
202109,ES + Home,Sport,Единоборства,0,Estimation,3416816595,2146476570,17.02.2021 18:25:32
202109,ES + Home,Sport,Всесезонные виды спорта,1,Estimation,920187579,3312275866,17.02.2021 18:25:32
202109,ES + Home,Sport,Тренажеры и фитнес,0,Estimation,72781098,3155479747,17.02.2021 18:25:32
202109,ES + Home,Sport,Туризм,0,Estimation,2877512118,196345410,17.02.2021 18:25:32
202109,ES + Home,Sport,Всесезонные виды спорта,0,Estimation,2476504121,668304525,17.02.2021 18:25:32
202109,ES + Home,Sport,Туризм,1,Estimation,296072279,426035068,17.02.2021 18:25:32
202109,ES + Home,Sport,Спортивные аксессуары,0,Estimation,321659724,2809850701,17.01.2021 18:25:32
202109,ES + Home,Sport,Единоборства,0,Estimation,160233285,4159389694,17.01.2021 18:25:32
202109,ES + Home,Sport,Летние виды спорта,0,Estimation,32190425,3620436747,17.01.2021 18:25:32
202109,ES + Home,Sport,Зимние виды спорта,0,Estimation,1929409239,944399383,17.01.2021 18:25:32
202109,ES + Home,Sport,Товары для охоты,0,Estimation,3109884601,2710776851,17.01.2021 18:25:32
202109,ES + Home,Sport,Товары для рыбалки,0,Estimation,1257838803,2105611996,17.01.2021 18:25:32
202109,ES + Home,Sport,Тренажеры и фитнес,1,Estimation,3553440445,802784337,17.01.2021 18:25:32
202109,ES + Home,Sport,Спортивные аксессуары,1,Estimation,2484587765,2782270046,17.01.2021 18:25:32
202109,ES + Home,Sport,Страйкбол и пневматика,0,Estimation,118729493,3269834493,17.01.2021 18:25:32
202109,ES + Home,Sport,Тренажеры и фитнес,0,Estimation,4262830152,511317262,17.01.2021 18:25:32
202109,ES + Home,Sport,Всесезонные виды спорта,0,Estimation,2501159923,3318412363,17.01.2021 18:25:32
202109,ES + Home,Sport,Туризм,1,Estimation,2489737259,1994743862,17.01.2021 18:25:32
202109,ES + Home,Sport,Цирковое искусство,0,Estimation,3722656859,1395602319,17.01.2021 18:25:32
202109,ES + Home,Sport,Всесезонные виды спорта,1,Estimation,3417973875,1464364825,17.01.2021 18:25:32
202109,ES + Home,Sport,Туризм,0,Estimation,2161642441,1723433597,17.01.2021 18:25:32
202109,ES + Home,TV  audio  Hi-Fi & other electronics,Система безопасности TV&Audio,0,Estimation,3861133942,3979271675,18.02.2021 14:45:14
202109,ES + Home,TV  audio  Hi-Fi & other electronics,Фото и видео TV&Audio,0,Estimation,198147702,128899500,17.02.2021 13:01:51
202109,ES + Home,TV  audio  Hi-Fi & other electronics,Домашняя Аудио и Видеотехника TV&Audio,1,Estimation,2345471900,91932179,18.02.2021 14:45:14
202109,ES + Home,TV  audio  Hi-Fi & other electronics,Карты оплаты  страховки TV&Audio,0,Estimation,1196336654,2110791470,18.02.2021 14:45:14
202109,ES + Home,TV  audio  Hi-Fi & other electronics,Система безопасности TV&Audio,0,Estimation,1961823561,2427223823,17.02.2021 13:01:51
202109,ES + Home,TV  audio  Hi-Fi & other electronics,Програмное обеспечение TV&Audio,1,Estimation,1868014315,2211038461,18.02.2021 14:45:14
202109,ES + Home,TV  audio  Hi-Fi & other electronics,Фото и видео TV&Audio,0,Estimation,1499800278,471660702,18.02.2021 14:45:14
202109,ES + Home,TV  audio  Hi-Fi & other electronics,Автомобильная техника TV&Audio,0,Estimation,4068517818,993691495,18.02.2021 14:45:14
202109,ES + Home,TV  audio  Hi-Fi & other electronics,Домашняя Аудио и Видеотехника TV&Audio,0,Estimation,706595298,3693397050,17.02.2021 13:01:51
202109,ES + Home,TV  audio  Hi-Fi & other electronics,Програмное обеспечение TV&Audio,0,Estimation,4271083449,2502001567,18.02.2021 14:45:14
202109,ES + Home,TV  audio  Hi-Fi & other electronics,Средства связи TV&Audio,0,Estimation,193953647,355308755,17.02.2021 13:01:51
202109,ES + Home,TV  audio  Hi-Fi & other electronics,Домашняя Аудио и Видеотехника TV&Audio,0,Estimation,4065203414,1245554833,18.02.2021 14:45:14
202109,ES + Home,TV  audio  Hi-Fi & other electronics,Система безопасности TV&Audio,1,Estimation,2202373549,664984485,18.02.2021 14:45:14
202109,ES + Home,TV  audio  Hi-Fi & other electronics,Movie,0,Estimation,2262559574,2652842277,17.02.2021 13:01:51
202109,ES + Home,TV  audio  Hi-Fi & other electronics,Music,0,Estimation,1014016686,3745083884,17.02.2021 13:01:51
202109,ES + Home,TV  audio  Hi-Fi & other electronics,Электронные товары хобби и отдых TV&Audio,0,Estimation,2805079389,3970987788,17.02.2021 13:01:51
202109,ES + Home,TV  audio  Hi-Fi & other electronics,Фото и видео TV&Audio,1,Estimation,2898010945,2664509042,18.02.2021 14:45:14
202109,ES + Home,TV  audio  Hi-Fi & other electronics,Портативная аудиотехника TV&Audio,0,Estimation,714953212,1914337910,17.02.2021 13:01:51
202109,ES + Home,TV  audio  Hi-Fi & other electronics,Компьютеры TV&Audio,1,Estimation,3868054112,3288971594,18.02.2021 14:45:14
202109,ES + Home,TV  audio  Hi-Fi & other electronics,Music,0,Estimation,456699069,2587767045,18.02.2021 14:45:14
202109,ES + Home,TV  audio  Hi-Fi & other electronics,Электронные товары хобби и отдых TV&Audio,0,Estimation,1287142651,4254319195,18.02.2021 14:45:14
202109,ES + Home,TV  audio  Hi-Fi & other electronics,Movie,0,Estimation,2829416767,2045011112,18.02.2021 14:45:14
202109,ES + Home,TV  audio  Hi-Fi & other electronics,Средства связи TV&Audio,1,Estimation,515465775,3020391090,18.02.2021 14:45:14
202109,ES + Home,TV  audio  Hi-Fi & other electronics,Портативная аудиотехника TV&Audio,0,Estimation,1570363089,563685700,18.02.2021 14:45:14
202109,ES + Home,TV  audio  Hi-Fi & other electronics,Портативная аудиотехника TV&Audio,1,Estimation,1261736292,2368836151,18.02.2021 14:45:14
202109,ES + Home,TV  audio  Hi-Fi & other electronics,Автомобильная техника TV&Audio,1,Estimation,1030924620,67412664,18.02.2021 14:45:14
202109,ES + Home,TV  audio  Hi-Fi & other electronics,Средства связи TV&Audio,0,Estimation,2068378422,2181661803,18.02.2021 14:45:14
202109,ES + Home,TV  audio  Hi-Fi & other electronics,Програмное обеспечение TV&Audio,0,Estimation,710204671,2407893019,17.02.2021 13:01:51
202109,ES + Home,TV  audio  Hi-Fi & other electronics,Компьютеры TV&Audio,0,Estimation,1478947094,3142562507,18.02.2021 14:45:14
202109,ES + Home,TV  audio  Hi-Fi & other electronics,Электронные товары хобби и отдых TV&Audio,1,Estimation,3565291400,3592475952,18.02.2021 14:45:14
202109,ES + Home,TV  audio  Hi-Fi & other electronics,Игровые приставки и аксессуары TV&Audio,0,Estimation,2419963367,1460310473,17.02.2021 13:01:51
202109,ES + Home,TV  audio  Hi-Fi & other electronics,Компьютеры TV&Audio,0,Estimation,2039773205,800593505,17.02.2021 13:01:51
202109,ES + Home,TV  audio  Hi-Fi & other electronics,Фан атрибутика TV&Audio,0,Estimation,2042345547,2789439011,18.02.2021 14:45:14
202109,ES + Home,TV  audio  Hi-Fi & other electronics,Игровые приставки и аксессуары TV&Audio,1,Estimation,3089832662,729186009,18.02.2021 14:45:14
202109,ES + Home,TV  audio  Hi-Fi & other electronics,Компьютерная периферия TV&Audio,0,Estimation,594107400,50825445,18.02.2021 14:45:14
202109,ES + Home,TV  audio  Hi-Fi & other electronics,Автомобильная техника TV&Audio,0,Estimation,3121101869,2642950589,17.02.2021 13:01:51
202109,ES + Home,TV  audio  Hi-Fi & other electronics,Фан атрибутика TV&Audio,0,Estimation,3661253148,899388244,17.02.2021 13:01:51
202109,ES + Home,TV  audio  Hi-Fi & other electronics,Игровые приставки и аксессуары TV&Audio,0,Estimation,3585524308,1053628256,18.02.2021 14:45:14
202109,ES + Home,TV  audio  Hi-Fi & other electronics,Компьютерная периферия TV&Audio,0,Estimation,603693602,2374716732,17.02.2021 13:01:51
202109,ES + Home,TV  audio  Hi-Fi & other electronics,Компьютерная периферия TV&Audio,0,Estimation,962426334,3595928707,18.01.2021 14:45:14
202109,ES + Home,TV  audio  Hi-Fi & other electronics,Фото и видео TV&Audio,0,Estimation,2601751986,661079917,18.01.2021 14:45:14
202109,ES + Home,TV  audio  Hi-Fi & other electronics,Компьютерная периферия TV&Audio,0,Estimation,2778295865,520184109,17.01.2021 13:01:51
202109,ES + Home,TV  audio  Hi-Fi & other electronics,Movie,0,Estimation,4116876353,2162025413,17.01.2021 13:01:51
202109,ES + Home,TV  audio  Hi-Fi & other electronics,Электронные товары хобби и отдых TV&Audio,0,Estimation,2336114491,2037852935,17.01.2021 13:01:51
202109,ES + Home,TV  audio  Hi-Fi & other electronics,Система безопасности TV&Audio,0,Estimation,2047857066,2505072816,18.01.2021 14:45:14
202109,ES + Home,TV  audio  Hi-Fi & other electronics,Music,0,Estimation,166645801,2603662410,17.01.2021 13:01:51
202109,ES + Home,TV  audio  Hi-Fi & other electronics,Домашняя Аудио и Видеотехника TV&Audio,1,Estimation,2048816958,373322553,18.01.2021 14:45:14
202109,ES + Home,TV  audio  Hi-Fi & other electronics,Портативная аудиотехника TV&Audio,0,Estimation,1598713497,3815784665,17.01.2021 13:01:51
202109,ES + Home,TV  audio  Hi-Fi & other electronics,Домашняя Аудио и Видеотехника TV&Audio,0,Estimation,2336313697,3503416114,18.01.2021 14:45:14
202109,ES + Home,TV  audio  Hi-Fi & other electronics,Фан атрибутика TV&Audio,0,Estimation,3982216608,2699875025,18.01.2021 14:45:14
202109,ES + Home,TV  audio  Hi-Fi & other electronics,Система безопасности TV&Audio,1,Estimation,3012428781,2094668282,18.01.2021 14:45:14
202109,ES + Home,TV  audio  Hi-Fi & other electronics,Компьютеры TV&Audio,0,Estimation,2296133670,1446828791,17.01.2021 13:01:51
202109,ES + Home,TV  audio  Hi-Fi & other electronics,Фан атрибутика TV&Audio,0,Estimation,1216806899,3318482631,17.01.2021 13:01:51
202109,ES + Home,TV  audio  Hi-Fi & other electronics,Игровые приставки и аксессуары TV&Audio,0,Estimation,447835847,3962873678,18.01.2021 14:45:14
202109,ES + Home,TV  audio  Hi-Fi & other electronics,Music,0,Estimation,2921018661,4262764659,18.01.2021 14:45:14
202109,ES + Home,TV  audio  Hi-Fi & other electronics,Электронные товары хобби и отдых TV&Audio,0,Estimation,200273877,1840392443,18.01.2021 14:45:14
202109,ES + Home,TV  audio  Hi-Fi & other electronics,Система безопасности TV&Audio,0,Estimation,2975117260,3421077670,17.01.2021 13:01:51
202109,ES + Home,TV  audio  Hi-Fi & other electronics,Movie,0,Estimation,579701280,3503564818,18.01.2021 14:45:14
202109,ES + Home,TV  audio  Hi-Fi & other electronics,Портативная аудиотехника TV&Audio,0,Estimation,2932926336,1036992250,18.01.2021 14:45:14
202109,ES + Home,TV  audio  Hi-Fi & other electronics,Фото и видео TV&Audio,1,Estimation,3123553054,3486140742,18.01.2021 14:45:14
202109,ES + Home,TV  audio  Hi-Fi & other electronics,Фото и видео TV&Audio,0,Estimation,869078739,3842000638,17.01.2021 13:01:51
202109,ES + Home,TV  audio  Hi-Fi & other electronics,Игровые приставки и аксессуары TV&Audio,0,Estimation,3666889012,566110399,17.01.2021 13:01:51
202109,ES + Home,TV  audio  Hi-Fi & other electronics,Компьютеры TV&Audio,1,Estimation,1030481816,1117185053,18.01.2021 14:45:14
202109,ES + Home,TV  audio  Hi-Fi & other electronics,Электронные товары хобби и отдых TV&Audio,1,Estimation,434879555,2063217704,18.01.2021 14:45:14
202109,ES + Home,TV  audio  Hi-Fi & other electronics,Портативная аудиотехника TV&Audio,1,Estimation,981339543,1691472574,18.01.2021 14:45:14
202109,ES + Home,TV  audio  Hi-Fi & other electronics,Домашняя Аудио и Видеотехника TV&Audio,0,Estimation,2307340012,466373699,17.01.2021 13:01:51
202109,ES + Home,TV  audio  Hi-Fi & other electronics,Компьютеры TV&Audio,0,Estimation,4250011184,1461395847,18.01.2021 14:45:14
202109,ES + Home,TV  audio  Hi-Fi & other electronics,Игровые приставки и аксессуары TV&Audio,1,Estimation,3161761138,3960848111,18.01.2021 14:45:14
202109,ES + Home,TV  audio  Hi-Fi & other electronics,Програмное обеспечение TV&Audio,0,Estimation,990115296,3834651058,18.01.2021 14:45:14
202109,ES + Home,TV  audio  Hi-Fi & other electronics,Автомобильная техника TV&Audio,0,Estimation,2437529601,2918390662,17.01.2021 13:01:51
202109,ES + Home,TV  audio  Hi-Fi & other electronics,Програмное обеспечение TV&Audio,0,Estimation,3768418049,3819572951,17.01.2021 13:01:51
202109,ES + Home,TV  audio  Hi-Fi & other electronics,Програмное обеспечение TV&Audio,1,Estimation,317375418,1479189331,18.01.2021 14:45:14
202109,ES + Home,TV  audio  Hi-Fi & other electronics,Карты оплаты  страховки TV&Audio,0,Estimation,3108903282,3389646795,18.01.2021 14:45:14
202109,ES + Home,TV  audio  Hi-Fi & other electronics,Автомобильная техника TV&Audio,1,Estimation,878634593,4174209660,18.01.2021 14:45:14
202109,ES + Home,TV  audio  Hi-Fi & other electronics,Средства связи TV&Audio,0,Estimation,309587631,657521963,18.01.2021 14:45:14
202109,ES + Home,TV  audio  Hi-Fi & other electronics,Средства связи TV&Audio,0,Estimation,3373597128,2937939087,17.01.2021 13:01:51
202109,ES + Home,TV  audio  Hi-Fi & other electronics,Средства связи TV&Audio,1,Estimation,2027771590,129289763,18.01.2021 14:45:14
202109,ES + Home,TV  audio  Hi-Fi & other electronics,Автомобильная техника TV&Audio,0,Estimation,1054711941,1966510438,18.01.2021 14:45:14
202109,FMCG,FMCG nonfood,Детская продукция,0,Estimation,2951784181,3211235138,26.02.2021 00:57:31
202109,FMCG,FMCG nonfood,Бытовая химия,0,Estimation,256689486,1551385704,26.02.2021 01:05:34
202109,FMCG,FMCG nonfood,Кормление детское,0,Estimation,2955361694,2704557210,26.02.2021 00:57:31
202109,FMCG,FMCG nonfood,Бритвы и лезвия,0,Estimation,570013056,1217937633,26.02.2021 01:35:54
202109,FMCG,FMCG nonfood,Бритвы и лезвия,0,Estimation,2183619501,1646004271,26.02.2021 01:05:34
202109,FMCG,FMCG nonfood,Бытовая химия,1,Estimation,3194784604,2252834936,26.02.2021 01:04:22
202109,FMCG,FMCG nonfood,Электроника детская,1,Estimation,3887761500,1168863017,26.02.2021 01:04:22
202109,FMCG,FMCG nonfood,Личная гигиена,0,Estimation,1214250956,3686133123,26.02.2021 01:05:34
202109,FMCG,FMCG nonfood,Уход и гигиена,0,Estimation,947894379,4108857626,26.02.2021 00:57:31
202109,FMCG,FMCG nonfood,Электроника детская,0,Estimation,2035158715,2239936124,26.02.2021 00:57:31
202109,FMCG,FMCG nonfood,Личная гигиена,0,Estimation,94721927,1877367043,26.02.2021 01:35:54
202109,FMCG,FMCG nonfood,Детская продукция,0,Estimation,3110844241,1619878876,26.02.2021 01:35:54
202109,FMCG,FMCG nonfood,Кормление детское,0,Estimation,2174307409,217890953,26.02.2021 01:35:54
202109,FMCG,FMCG nonfood,Уход и гигиена,1,Estimation,1556271020,513638444,26.02.2021 01:04:22
202109,FMCG,FMCG nonfood,Детская продукция,0,Estimation,2107133190,1229519682,26.02.2021 01:05:34
202109,FMCG,FMCG nonfood,Бытовая химия,0,Estimation,206512858,4202284286,26.02.2021 00:57:31
202109,FMCG,FMCG nonfood,Кормление детское,0,Estimation,860929979,1905201820,26.02.2021 01:05:34
202109,FMCG,FMCG nonfood,Личная гигиена,1,Estimation,1129502409,1809056021,26.02.2021 01:04:22
202109,FMCG,FMCG nonfood,Бритвы и лезвия,0,Estimation,682505260,3122626841,26.02.2021 00:57:31
202109,FMCG,FMCG nonfood,Кормление детское,1,Estimation,561984437,630236464,26.02.2021 01:04:22
202109,FMCG,FMCG nonfood,Детская продукция,1,Estimation,65123497,622945515,26.02.2021 01:04:22
202109,FMCG,FMCG nonfood,Бритвы и лезвия,1,Estimation,4066574955,1838076845,26.02.2021 01:04:22
202109,FMCG,FMCG nonfood,Бытовая химия,0,Estimation,2390244044,2235611113,26.02.2021 01:35:54
202109,FMCG,FMCG nonfood,Личная гигиена,0,Estimation,3125107667,3986689441,26.02.2021 00:57:31
202109,FMCG,FMCG nonfood,Уход и гигиена,0,Estimation,1058303269,1594807463,26.02.2021 01:05:34
202109,FMCG,FMCG nonfood,Электроника детская,0,Estimation,3454943286,2133762878,26.02.2021 01:05:34
202109,FMCG,FMCG nonfood,Электроника детская,0,Estimation,262488028,2257362118,26.02.2021 01:35:54
202109,FMCG,FMCG nonfood,Уход и гигиена,0,Estimation,982093900,4008912048,26.02.2021 01:35:54
202109,FMCG,FMCG nonfood,Электроника детская,0,Estimation,2402631529,3811271339,26.01.2021 00:57:31
202109,FMCG,FMCG nonfood,Уход и гигиена,0,Estimation,2360490652,3829687669,26.01.2021 00:57:31
202109,FMCG,FMCG nonfood,Уход и гигиена,0,Estimation,2593473138,3478080379,26.01.2021 01:35:54
202109,FMCG,FMCG nonfood,Электроника детская,0,Estimation,4263508251,2140429225,26.01.2021 01:35:54
202109,FMCG,FMCG nonfood,Детская продукция,0,Estimation,543228802,558739503,26.01.2021 01:35:54
202109,FMCG,FMCG nonfood,Кормление детское,0,Estimation,3448430749,1659340744,26.01.2021 01:35:54
202109,FMCG,FMCG nonfood,Бытовая химия,0,Estimation,1044434094,4142046058,26.01.2021 01:05:34
202109,FMCG,FMCG nonfood,Бытовая химия,0,Estimation,1886459317,1654787736,26.01.2021 00:57:31
202109,FMCG,FMCG nonfood,Детская продукция,1,Estimation,4098630483,1152023942,26.01.2021 01:04:22
202109,FMCG,FMCG nonfood,Уход и гигиена,1,Estimation,2450464401,4063125822,26.01.2021 01:04:22
202109,FMCG,FMCG nonfood,Кормление детское,1,Estimation,2315030929,3225050167,26.01.2021 01:04:22
202109,FMCG,FMCG nonfood,Электроника детская,1,Estimation,760414075,1935329296,26.01.2021 01:04:22
202109,FMCG,FMCG nonfood,Электроника детская,0,Estimation,691504633,1520514765,26.01.2021 01:05:34
202109,FMCG,FMCG nonfood,Уход и гигиена,0,Estimation,2623995486,1296607966,26.01.2021 01:05:34
202109,FMCG,FMCG nonfood,Личная гигиена,0,Estimation,4153980063,2233914722,26.01.2021 01:35:54
202109,FMCG,FMCG nonfood,Личная гигиена,1,Estimation,1854959506,1159211371,26.01.2021 01:04:22
202109,FMCG,FMCG nonfood,Личная гигиена,0,Estimation,1909301397,2873095846,26.01.2021 00:57:31
202109,FMCG,FMCG nonfood,Бытовая химия,0,Estimation,3391420831,273854223,26.01.2021 01:35:54
202109,FMCG,FMCG nonfood,Кормление детское,0,Estimation,431829852,2794752118,26.01.2021 01:05:34
202109,FMCG,FMCG nonfood,Детская продукция,0,Estimation,1150714849,3754424981,26.01.2021 01:05:34
202109,FMCG,FMCG nonfood,Бритвы и лезвия,0,Estimation,2231698624,765332553,26.01.2021 01:05:34
202109,FMCG,FMCG nonfood,Бытовая химия,1,Estimation,1460496694,2716274546,26.01.2021 01:04:22
202109,FMCG,FMCG nonfood,Детская продукция,0,Estimation,2397264510,4272323254,26.01.2021 00:57:31
202109,FMCG,FMCG nonfood,Бритвы и лезвия,0,Estimation,3059160005,1606817491,26.01.2021 01:35:54
202109,FMCG,FMCG nonfood,Кормление детское,0,Estimation,3537188600,3310145613,26.01.2021 00:57:31
202109,FMCG,FMCG nonfood,Бритвы и лезвия,0,Estimation,2012201385,116610706,26.01.2021 00:57:31
202109,FMCG,FMCG nonfood,Бритвы и лезвия,1,Estimation,1267525494,656666250,26.01.2021 01:04:22
202109,FMCG,FMCG nonfood,Личная гигиена,0,Estimation,1036504874,2239478941,26.01.2021 01:05:34
202109,FMCG,Food,Молочная продукция стерилизованная,0,Estimation,3996556442,651313889,26.02.2021 00:31:30
202109,FMCG,Food,Детское питание,1,Estimation,3726498276,1201588641,26.02.2021 00:30:07
202109,FMCG,Food,Бакалея,0,Estimation,4272150111,3029595895,26.02.2021 01:35:54
202109,FMCG,Food,Детское питание,0,Estimation,2115052785,3704333305,26.02.2021 00:23:17
202109,FMCG,Food,Напитки,0,Estimation,3108129006,3180629878,26.02.2021 00:31:30
202109,FMCG,Food,Молочная продукция стерилизованная,0,Estimation,3001150607,3853947202,26.02.2021 01:35:54
202109,FMCG,Food,Молекулярная кухня,0,Estimation,2671178586,2022793111,26.02.2021 00:23:17
202109,FMCG,Food,Напитки,0,Estimation,1375198340,3855182414,26.02.2021 01:35:54
202109,FMCG,Food,Бакалея,0,Estimation,1792230184,125758071,26.02.2021 00:31:30
202109,FMCG,Food,Кондитерские изделия,0,Estimation,2361841328,3952448129,26.02.2021 01:35:54
202109,FMCG,Food,Кондитерские изделия,0,Estimation,1618824328,3263059760,26.02.2021 00:23:17
202109,FMCG,Food,Напитки,1,Estimation,442446935,2951676502,26.02.2021 00:30:07
202109,FMCG,Food,Кондитерские изделия,1,Estimation,1202585180,282041717,26.02.2021 00:30:07
202109,FMCG,Food,Детское питание,0,Estimation,1047778664,1449718653,26.02.2021 01:35:54
202109,FMCG,Food,Бакалея,0,Estimation,2863539340,1607823499,26.02.2021 00:23:17
202109,FMCG,Food,Кондитерские изделия,0,Estimation,1608668651,4060011656,26.02.2021 00:31:30
202109,FMCG,Food,Молочная продукция стерилизованная,0,Estimation,3062182985,1065966624,26.02.2021 00:23:17
202109,FMCG,Food,Бакалея,1,Estimation,1395144615,1259254766,26.02.2021 00:30:07
202109,FMCG,Food,Молекулярная кухня,0,Estimation,1347236382,985027569,26.02.2021 01:35:54
202109,FMCG,Food,Молочная продукция стерилизованная,1,Estimation,544751325,51259750,26.02.2021 00:30:07
202109,FMCG,Food,Детское питание,0,Estimation,1840425327,644948316,26.02.2021 00:31:30
202109,FMCG,Food,Напитки,0,Estimation,3268088823,4003369921,26.02.2021 00:23:17
202109,FMCG,Food,Кондитерские изделия,0,Estimation,230346888,1845070308,26.01.2021 00:23:17
202109,FMCG,Food,Молекулярная кухня,0,Estimation,1256553394,1179964164,26.01.2021 00:23:17
202109,FMCG,Food,Молекулярная кухня,0,Estimation,1736188065,3791230645,26.01.2021 01:35:54
202109,FMCG,Food,Детское питание,0,Estimation,3304395019,1679002715,26.01.2021 00:31:30
202109,FMCG,Food,Кондитерские изделия,0,Estimation,547051813,3626864919,26.01.2021 01:35:54
202109,FMCG,Food,Детское питание,0,Estimation,377570842,2285457354,26.01.2021 01:35:54
202109,FMCG,Food,Детское питание,0,Estimation,409143899,3613815778,26.01.2021 00:23:17
202109,FMCG,Food,Детское питание,1,Estimation,1753619990,1814915860,26.01.2021 00:30:07
202109,FMCG,Food,Напитки,0,Estimation,2539340940,2876089259,26.01.2021 01:35:54
202109,FMCG,Food,Молочная продукция стерилизованная,1,Estimation,559720618,1972395343,26.01.2021 00:30:07
202109,FMCG,Food,Кондитерские изделия,1,Estimation,505134133,3046221488,26.01.2021 00:30:07
202109,FMCG,Food,Напитки,0,Estimation,2559518417,4192890518,26.01.2021 00:23:17
202109,FMCG,Food,Молочная продукция стерилизованная,0,Estimation,1993203458,1570823611,26.01.2021 01:35:54
202109,FMCG,Food,Молочная продукция стерилизованная,0,Estimation,1528802732,662216726,26.01.2021 00:23:17
202109,FMCG,Food,Бакалея,1,Estimation,3253187225,3483986041,26.01.2021 00:30:07
202109,FMCG,Food,Бакалея,0,Estimation,326468200,1705315849,26.01.2021 00:31:30
202109,FMCG,Food,Бакалея,0,Estimation,2297115541,1000581569,26.01.2021 01:35:54
202109,FMCG,Food,Бакалея,0,Estimation,3506961329,717451064,26.01.2021 00:23:17
202109,FMCG,Food,Молочная продукция стерилизованная,0,Estimation,857084264,210797496,26.01.2021 00:31:30
202109,FMCG,Food,Кондитерские изделия,0,Estimation,1506180309,2341351941,26.01.2021 00:31:30
202109,FMCG,Food,Напитки,0,Estimation,3712063311,4205688592,26.01.2021 00:31:30
202109,FMCG,Food,Напитки,1,Estimation,3906332926,604066495,26.01.2021 00:30:07
202109,FMCG,FreshFood,Замороженные продукты,1,Estimation,4132976708,3462166077,26.02.2021 00:30:36
202109,FMCG,FreshFood,Мясная гастрономия,1,Estimation,3599204844,4120935609,26.02.2021 00:30:36
202109,FMCG,FreshFood,Рыба  морепродукты,1,Estimation,282536619,3041030462,26.02.2021 00:30:36
202109,FMCG,FreshFood,Растительные аналоги Fresh,1,Estimation,4061928190,3986082776,26.02.2021 00:30:36
202109,FMCG,FreshFood,Хлебобулочные изделия Fresh,1,Estimation,577106268,2130906291,26.02.2021 00:30:36
202109,FMCG,FreshFood,Молочная продукция и яйца Fresh,1,Estimation,3303843385,2560349111,26.02.2021 00:30:36
202109,FMCG,FreshFood,Кулинария и полуфабрикаты Fresh,1,Estimation,3014985518,2878757615,26.02.2021 00:30:36
202109,FMCG,FreshFood,Овощи  фрукты  зелень свежие,1,Estimation,535121272,2971734618,26.02.2021 00:30:36
202109,FMCG,FreshFood,Напитки Fresh,1,Estimation,1052883632,3631429738,26.02.2021 00:30:36
202109,FMCG,FreshFood,Мясо  птица,1,Estimation,1288560832,260218298,26.02.2021 00:30:36
202109,FMCG,FreshFood,Хлебобулочные изделия Fresh,1,Estimation,949279654,1450355237,26.01.2021 00:30:36
202109,FMCG,FreshFood,Напитки Fresh,1,Estimation,939294322,1363184107,26.01.2021 00:30:36
202109,FMCG,FreshFood,Мясо  птица,1,Estimation,3059561148,1546009386,26.01.2021 00:30:36
202109,FMCG,FreshFood,Растительные аналоги Fresh,1,Estimation,141076785,1169919253,26.01.2021 00:30:36
202109,FMCG,FreshFood,Мясная гастрономия,1,Estimation,323958180,1733455121,26.01.2021 00:30:36
202109,FMCG,FreshFood,Рыба  морепродукты,1,Estimation,1662426932,2179035048,26.01.2021 00:30:36
202109,FMCG,FreshFood,Замороженные продукты,1,Estimation,4229860330,3802029572,26.01.2021 00:30:36
202109,FMCG,FreshFood,Молочная продукция и яйца Fresh,1,Estimation,1902878905,3551854052,26.01.2021 00:30:36
202109,FMCG,FreshFood,Овощи  фрукты  зелень свежие,1,Estimation,2130918720,199478109,26.01.2021 00:30:36
202109,FMCG,FreshFood,Кулинария и полуфабрикаты Fresh,1,Estimation,1048964771,878468487,26.01.2021 00:30:36
202109,FMCG,Moms&Kids,КГТ и спорт для детей,0,Estimation,1106565217,2001772675,25.02.2021 14:13:39
202109,FMCG,Moms&Kids,Творчество  хобби и игры,0,Estimation,896925077,470103812,25.02.2021 14:13:39
202109,FMCG,Moms&Kids,Игрушки,0,Estimation,2350723975,2565262956,26.02.2021 01:35:54
202109,FMCG,Moms&Kids,Товары для школы  канцелярия  оборудование,0,Estimation,2076033464,1808128381,26.02.2021 01:35:54
202109,FMCG,Moms&Kids,Игрушки,0,Estimation,2195318596,1453795665,25.02.2021 14:13:39
202109,FMCG,Moms&Kids,Товары для школы  канцелярия  оборудование,0,Estimation,3008023152,2141320322,25.02.2021 14:13:39
202109,FMCG,Moms&Kids,КГТ и спорт для детей,0,Estimation,911909856,36823163,26.02.2021 01:35:54
202109,FMCG,Moms&Kids,Товары для школы  канцелярия  оборудование,0,Estimation,3908995193,3871157874,25.02.2021 13:53:11
202109,FMCG,Moms&Kids,Игрушки,0,Estimation,173685817,1672814181,25.02.2021 13:53:11
202109,FMCG,Moms&Kids,КГТ и спорт для детей,1,Estimation,542758027,3851902625,25.02.2021 13:53:11
202109,FMCG,Moms&Kids,Творчество  хобби и игры,0,Estimation,3418813397,3033285539,25.02.2021 13:53:11
202109,FMCG,Moms&Kids,КГТ и спорт для детей,0,Estimation,215255629,1428074614,25.02.2021 13:53:11
202109,FMCG,Moms&Kids,Творчество  хобби и игры,0,Estimation,3849701780,3837537975,26.02.2021 01:35:54
202109,FMCG,Moms&Kids,Игрушки,1,Estimation,2788935186,2412845026,25.02.2021 13:53:11
202109,FMCG,Moms&Kids,Товары для школы  канцелярия  оборудование,1,Estimation,475318990,405592868,25.02.2021 13:53:11
202109,FMCG,Moms&Kids,Творчество  хобби и игры,1,Estimation,3725712994,1374054828,25.02.2021 13:53:11
202109,FMCG,Moms&Kids,Творчество  хобби и игры,0,Estimation,2878756610,3556006391,25.01.2021 14:13:39
202109,FMCG,Moms&Kids,Творчество  хобби и игры,0,Estimation,2049164345,3645628965,25.01.2021 13:53:11
202109,FMCG,Moms&Kids,Творчество  хобби и игры,1,Estimation,860653608,1260244181,25.01.2021 13:53:11
202109,FMCG,Moms&Kids,КГТ и спорт для детей,0,Estimation,4169073882,1520615515,26.01.2021 01:35:54
202109,FMCG,Moms&Kids,Товары для школы  канцелярия  оборудование,0,Estimation,754668168,2364372985,25.01.2021 14:13:39
202109,FMCG,Moms&Kids,КГТ и спорт для детей,1,Estimation,3045912017,1596381519,25.01.2021 13:53:11
202109,FMCG,Moms&Kids,Игрушки,0,Estimation,2753672164,3070023077,25.01.2021 14:13:39
202109,FMCG,Moms&Kids,Творчество  хобби и игры,0,Estimation,674757725,2250198495,26.01.2021 01:35:54
202109,FMCG,Moms&Kids,Товары для школы  канцелярия  оборудование,0,Estimation,1861033237,786199923,25.01.2021 13:53:11
202109,FMCG,Moms&Kids,Игрушки,0,Estimation,1201292628,3739598057,25.01.2021 13:53:11
202109,FMCG,Moms&Kids,Игрушки,1,Estimation,3397509677,636776899,25.01.2021 13:53:11
202109,FMCG,Moms&Kids,Товары для школы  канцелярия  оборудование,1,Estimation,1822154764,726665571,25.01.2021 13:53:11
202109,FMCG,Moms&Kids,КГТ и спорт для детей,0,Estimation,1806804431,1637988181,25.01.2021 14:13:39
202109,FMCG,Moms&Kids,Товары для школы  канцелярия  оборудование,0,Estimation,483459310,2867904755,26.01.2021 01:35:54
202109,FMCG,Moms&Kids,Игрушки,0,Estimation,1190684315,2048385728,26.01.2021 01:35:54
202109,FMCG,Moms&Kids,КГТ и спорт для детей,0,Estimation,4201980078,3106020470,25.01.2021 13:53:11
202109,FMCG,Zoo,Спальное место животного,0,Estimation,2550581801,2457805353,26.02.2021 00:56:14
202109,FMCG,Zoo,Фермерское хозяйство - Оборудование для птицеводства и животноводства,0,Estimation,4188146417,2423005139,26.02.2021 01:35:54
202109,FMCG,Zoo,Фермерское хозяйство - Товары для пчеловодства,0,Estimation,2246944239,2228197216,26.02.2021 01:35:54
202109,FMCG,Zoo,Фермерское хозяйство - Оборудование для птицеводства и животноводства,0,Estimation,903272589,1354294835,26.02.2021 00:56:14
202109,FMCG,Zoo,Зоокорм  витамины,1,Estimation,2268794531,3696701743,26.02.2021 01:00:04
202109,FMCG,Zoo,Гигиена и уход животных,0,Estimation,2683903854,3992239890,26.02.2021 01:35:54
202109,FMCG,Zoo,Спальное место животного,1,Estimation,3348597610,2110052912,26.02.2021 01:00:04
202109,FMCG,Zoo,Товары для прогулки и дрессировки животных,0,Estimation,2529362812,2545211277,26.02.2021 01:02:02
202109,FMCG,Zoo,Фермерское хозяйство - Содержание  уход птицы и сельскохозяйственных животных,0,Estimation,2593354973,3982522317,26.02.2021 00:56:14
202109,FMCG,Zoo,Зоокорм  витамины,0,Estimation,2964155825,3635133861,26.02.2021 00:56:14
202109,FMCG,Zoo,Зоокорм  витамины,0,Estimation,3602700669,1632847625,26.02.2021 01:02:02
202109,FMCG,Zoo,Гигиена и уход животных,0,Estimation,1968425008,2054399822,26.02.2021 01:02:02
202109,FMCG,Zoo,Фермерское хозяйство - Корма и кормовые добавки для птицеводства и животноводства,0,Estimation,3343294550,2665100687,26.02.2021 00:56:14
202109,FMCG,Zoo,Товары для прогулки и дрессировки животных,0,Estimation,2717695987,596693968,26.02.2021 01:35:54
202109,FMCG,Zoo,Товары для прогулки и дрессировки животных,0,Estimation,2646663225,1867065390,26.02.2021 00:56:14
202109,FMCG,Zoo,Фермерское хозяйство - Корма и кормовые добавки для птицеводства и животноводства,0,Estimation,3177583213,879387087,26.02.2021 01:35:54
202109,FMCG,Zoo,Зоокорм  витамины,0,Estimation,632913268,3858380282,26.02.2021 01:35:54
202109,FMCG,Zoo,Фермерское хозяйство - Содержание  уход птицы и сельскохозяйственных животных,0,Estimation,1866998709,1100077881,26.02.2021 01:35:54
202109,FMCG,Zoo,Спальное место животного,0,Estimation,3343944110,522278069,26.02.2021 01:02:02
202109,FMCG,Zoo,Гигиена и уход животных,0,Estimation,2231763023,881775315,26.02.2021 00:56:14
202109,FMCG,Zoo,Фермерское хозяйство - Товары для пчеловодства,0,Estimation,630588868,996327160,26.02.2021 00:56:14
202109,FMCG,Zoo,Товары для прогулки и дрессировки животных,1,Estimation,677854060,1104306112,26.02.2021 01:00:04
202109,FMCG,Zoo,Спальное место животного,0,Estimation,1843746373,2183859510,26.02.2021 01:35:54
202109,FMCG,Zoo,Гигиена и уход животных,1,Estimation,1256408061,1473377544,26.02.2021 01:00:04
202109,FMCG,Zoo,Спальное место животного,0,Estimation,70218530,3778109717,26.01.2021 01:35:54
202109,FMCG,Zoo,Товары для прогулки и дрессировки животных,0,Estimation,2173436410,3481979189,26.01.2021 01:02:02
202109,FMCG,Zoo,Зоокорм  витамины,0,Estimation,3058836512,3417748355,26.01.2021 01:35:54
202109,FMCG,Zoo,Фермерское хозяйство - Содержание  уход птицы и сельскохозяйственных животных,0,Estimation,3892928035,1765660270,26.01.2021 01:35:54
202109,FMCG,Zoo,Гигиена и уход животных,0,Estimation,1807483860,2902826088,26.01.2021 00:56:14
202109,FMCG,Zoo,Зоокорм  витамины,0,Estimation,2746151171,2254353530,26.01.2021 01:02:02
202109,FMCG,Zoo,Фермерское хозяйство - Товары для пчеловодства,0,Estimation,3803233902,3322922145,26.01.2021 00:56:14
202109,FMCG,Zoo,Товары для прогулки и дрессировки животных,1,Estimation,4118090974,863610607,26.01.2021 01:00:04
202109,FMCG,Zoo,Гигиена и уход животных,1,Estimation,2422747553,3135836475,26.01.2021 01:00:04
202109,FMCG,Zoo,Гигиена и уход животных,0,Estimation,1148487358,3259477044,26.01.2021 01:02:02
202109,FMCG,Zoo,Фермерское хозяйство - Оборудование для птицеводства и животноводства,0,Estimation,1998186235,139287606,26.01.2021 01:35:54
202109,FMCG,Zoo,Товары для прогулки и дрессировки животных,0,Estimation,3514766057,3943306597,26.01.2021 00:56:14
202109,FMCG,Zoo,Фермерское хозяйство - Корма и кормовые добавки для птицеводства и животноводства,0,Estimation,3347101594,4089240308,26.01.2021 01:35:54
202109,FMCG,Zoo,Фермерское хозяйство - Оборудование для птицеводства и животноводства,0,Estimation,2505799881,714534676,26.01.2021 00:56:14
202109,FMCG,Zoo,Товары для прогулки и дрессировки животных,0,Estimation,1001694293,1500231540,26.01.2021 01:35:54
202109,FMCG,Zoo,Спальное место животного,0,Estimation,274554146,2761001586,26.01.2021 01:02:02
202109,FMCG,Zoo,Фермерское хозяйство - Корма и кормовые добавки для птицеводства и животноводства,0,Estimation,3938568535,1509529821,26.01.2021 00:56:14
202109,FMCG,Zoo,Фермерское хозяйство - Содержание  уход птицы и сельскохозяйственных животных,0,Estimation,1059285275,2734962911,26.01.2021 00:56:14
202109,FMCG,Zoo,Зоокорм  витамины,0,Estimation,789882336,2906883282,26.01.2021 00:56:14
202109,FMCG,Zoo,Гигиена и уход животных,0,Estimation,3202210048,4155014183,26.01.2021 01:35:54
202109,FMCG,Zoo,Спальное место животного,0,Estimation,228750715,1099187956,26.01.2021 00:56:14
202109,FMCG,Zoo,Зоокорм  витамины,1,Estimation,1990194901,934307105,26.01.2021 01:00:04
202109,FMCG,Zoo,Спальное место животного,1,Estimation,1769117131,3323278183,26.01.2021 01:00:04
202109,FMCG,Zoo,Фермерское хозяйство - Товары для пчеловодства,0,Estimation,719535721,3507777212,26.01.2021 01:35:54
202110,Beauty,Apparel,Аксессуары для взрослых и детей,0,Estimation,4057626516,1717911733,25.02.2021 10:39:58
202110,Beauty,Apparel,Аксессуары для взрослых и детей,0,Estimation,2510309449,3332587059,25.02.2021 10:58:00
202110,Beauty,Apparel,Взрослая одежда,0,Estimation,4174524991,4076758715,25.02.2021 10:39:58
202110,Beauty,Apparel,Детская обувь,0,Estimation,1828077872,1727051972,25.02.2021 10:58:00
202110,Beauty,Apparel,Бижутерия и часы бижутерные,0,Estimation,3534760080,3709115622,25.02.2021 10:58:00
202110,Beauty,Apparel,Бижутерия и часы бижутерные,0,Estimation,3822154580,2133870609,25.02.2021 10:39:58
202110,Beauty,Apparel,Взрослая одежда,1,Estimation,2528215979,900103183,24.02.2021 16:27:18
202110,Beauty,Apparel,Взрослая одежда,0,Estimation,2618815590,2023291502,25.02.2021 10:58:00
202110,Beauty,Apparel,Детская одежда,0,Estimation,87452710,931835861,25.02.2021 10:39:58
202110,Beauty,Apparel,Детская одежда,0,Estimation,3424563529,820699891,25.02.2021 10:58:00
202110,Beauty,Apparel,Детская обувь,0,Estimation,3698661231,1582919044,25.02.2021 10:39:58
202110,Beauty,Apparel,Взрослая обувь,0,Estimation,3809804479,3802528483,25.02.2021 10:58:00
202110,Beauty,Apparel,Взрослая обувь,0,Estimation,3543083567,20120012,25.02.2021 10:39:58
202110,Beauty,Apparel,Аксессуары для взрослых и детей,1,Estimation,1296943604,2826371158,24.02.2021 16:27:18
202110,Beauty,Apparel,Аксессуары для взрослых и детей,1,Estimation,3238902139,2167232180,24.01.2021 16:27:18
202110,Beauty,Apparel,Детская обувь,0,Estimation,914066778,3314388489,25.01.2021 10:39:58
202110,Beauty,Apparel,Бижутерия и часы бижутерные,0,Estimation,2570245525,1248724675,25.01.2021 10:58:00
202110,Beauty,Apparel,Аксессуары для взрослых и детей,0,Estimation,2492720624,510776203,25.01.2021 10:39:58
202110,Beauty,Apparel,Взрослая обувь,0,Estimation,1401659827,1048415458,25.01.2021 10:39:58
202110,Beauty,Apparel,Детская обувь,0,Estimation,1752232635,3377760111,25.01.2021 10:58:00
202110,Beauty,Apparel,Детская одежда,0,Estimation,1863373788,3636479910,25.01.2021 10:39:58
202110,Beauty,Apparel,Детская одежда,0,Estimation,289419762,1126975401,25.01.2021 10:58:00
202110,Beauty,Apparel,Взрослая одежда,1,Estimation,2189322425,2019419719,24.01.2021 16:27:18
202110,Beauty,Apparel,Взрослая одежда,0,Estimation,1902618509,2685949941,25.01.2021 10:58:00
202110,Beauty,Apparel,Аксессуары для взрослых и детей,0,Estimation,205879223,2564478093,25.01.2021 10:58:00
202110,Beauty,Apparel,Взрослая обувь,0,Estimation,3555672687,164148026,25.01.2021 10:58:00
202110,Beauty,Apparel,Бижутерия и часы бижутерные,0,Estimation,984250095,2286852169,25.01.2021 10:39:58
202110,Beauty,Apparel,Взрослая одежда,0,Estimation,1696242786,4056354039,25.01.2021 10:39:58
202110,Beauty,Health&Beauty,Косметическая техника,0,Estimation,1450850646,1156594028,25.02.2021 20:57:25
202110,Beauty,Health&Beauty,Косметические средства для детей и беременных,1,Estimation,522814379,4257594286,24.02.2021 17:44:13
202110,Beauty,Health&Beauty,Косметические средства для детей и беременных,0,Estimation,2470317910,68079627,25.02.2021 20:57:25
202110,Beauty,Health&Beauty,Декоративная косметика,0,Estimation,3847500568,3726498634,25.02.2021 20:57:25
202110,Beauty,Health&Beauty,Косметика для ухода за волосами,0,Estimation,3813839143,2309828206,25.02.2021 20:57:25
202110,Beauty,Health&Beauty,Уход и гигиена,0,Estimation,2756547354,2184678739,24.02.2021 11:02:28
202110,Beauty,Health&Beauty,Уход и гигиена,1,Estimation,1058492397,292908456,24.02.2021 17:44:13
202110,Beauty,Health&Beauty,Косметические аксессуары,1,Estimation,3790635093,1790682333,24.02.2021 17:44:13
202110,Beauty,Health&Beauty,Парфюмерия  ароматерапия,0,Estimation,1321456740,3903453309,24.02.2021 11:02:28
202110,Beauty,Health&Beauty,Парфюмерия  ароматерапия,0,Estimation,3677703076,3106185356,25.02.2021 20:57:25
202110,Beauty,Health&Beauty,Косметические аксессуары,0,Estimation,1481132072,3043588487,24.02.2021 11:02:28
202110,Beauty,Health&Beauty,Косметическая техника,0,Estimation,3595175027,475057742,24.02.2021 11:02:28
202110,Beauty,Health&Beauty,Косметика для ухода за волосами,0,Estimation,2861389072,3646652970,24.02.2021 11:02:28
202110,Beauty,Health&Beauty,Декоративная косметика,0,Estimation,1469855557,2665515094,24.02.2021 11:02:28
202110,Beauty,Health&Beauty,Косметика для ухода за кожей,0,Estimation,1927658557,3221873827,25.02.2021 20:57:25
202110,Beauty,Health&Beauty,Косметика для ухода за волосами,1,Estimation,2317963716,3035162368,24.02.2021 17:44:13
202110,Beauty,Health&Beauty,Парфюмерия  ароматерапия,1,Estimation,1184187973,3975499067,24.02.2021 17:44:13
202110,Beauty,Health&Beauty,Уход и гигиена,0,Estimation,2411061601,3862473781,25.02.2021 20:57:25
202110,Beauty,Health&Beauty,Косметика для ухода за кожей,1,Estimation,4266204636,3895439388,24.02.2021 17:44:13
202110,Beauty,Health&Beauty,Косметическая техника,1,Estimation,2019129798,4264556087,24.02.2021 17:44:13
202110,Beauty,Health&Beauty,Косметические средства для детей и беременных,0,Estimation,4103140007,2484347203,24.02.2021 11:02:28
202110,Beauty,Health&Beauty,Косметические аксессуары,0,Estimation,3154719131,2696233238,25.02.2021 20:57:25
202110,Beauty,Health&Beauty,Декоративная косметика,1,Estimation,671358048,1484519799,24.02.2021 17:44:13
202110,Beauty,Health&Beauty,Косметика для ухода за кожей,0,Estimation,3511356410,1447991461,24.02.2021 11:02:28
202110,Beauty,Health&Beauty,Косметические средства для детей и беременных,0,Estimation,2353379929,2984566565,25.01.2021 20:57:25
202110,Beauty,Health&Beauty,Косметика для ухода за кожей,0,Estimation,22333441,762084950,24.01.2021 11:02:28
202110,Beauty,Health&Beauty,Косметика для ухода за волосами,1,Estimation,716254893,601645479,24.01.2021 17:44:13
202110,Beauty,Health&Beauty,Уход и гигиена,0,Estimation,3288704983,3161803094,25.01.2021 20:57:25
202110,Beauty,Health&Beauty,Парфюмерия  ароматерапия,0,Estimation,1270409093,531411263,25.01.2021 20:57:25
202110,Beauty,Health&Beauty,Косметика для ухода за кожей,1,Estimation,250017839,1289957115,24.01.2021 17:44:13
202110,Beauty,Health&Beauty,Парфюмерия  ароматерапия,0,Estimation,42661459,2708607012,24.01.2021 11:02:28
202110,Beauty,Health&Beauty,Косметические аксессуары,0,Estimation,3251238588,1083260706,25.01.2021 20:57:25
202110,Beauty,Health&Beauty,Декоративная косметика,1,Estimation,627945767,3248656147,24.01.2021 17:44:13
202110,Beauty,Health&Beauty,Декоративная косметика,0,Estimation,716209105,3416582233,24.01.2021 11:02:28
202110,Beauty,Health&Beauty,Косметика для ухода за волосами,0,Estimation,2959131502,3549185674,24.01.2021 11:02:28
202110,Beauty,Health&Beauty,Косметическая техника,1,Estimation,3714155776,4023998156,24.01.2021 17:44:13
202110,Beauty,Health&Beauty,Косметические средства для детей и беременных,0,Estimation,4205930878,3075157498,24.01.2021 11:02:28
202110,Beauty,Health&Beauty,Косметическая техника,0,Estimation,466595413,602449855,24.01.2021 11:02:28
202110,Beauty,Health&Beauty,Косметические аксессуары,0,Estimation,338201085,71674656,24.01.2021 11:02:28
202110,Beauty,Health&Beauty,Уход и гигиена,0,Estimation,1237948872,1651702656,24.01.2021 11:02:28
202110,Beauty,Health&Beauty,Косметика для ухода за кожей,0,Estimation,385942837,3831254523,25.01.2021 20:57:25
202110,Beauty,Health&Beauty,Косметические средства для детей и беременных,1,Estimation,1723675454,632352355,24.01.2021 17:44:13
202110,Beauty,Health&Beauty,Косметическая техника,0,Estimation,2023213649,3646859607,25.01.2021 20:57:25
202110,Beauty,Health&Beauty,Парфюмерия  ароматерапия,1,Estimation,2207526974,3782283820,24.01.2021 17:44:13
202110,Beauty,Health&Beauty,Косметические аксессуары,1,Estimation,1985831973,3195513993,24.01.2021 17:44:13
202110,Beauty,Health&Beauty,Уход и гигиена,1,Estimation,408576678,1191415432,24.01.2021 17:44:13
202110,Beauty,Health&Beauty,Косметика для ухода за волосами,0,Estimation,1042755047,1428519256,25.01.2021 20:57:25
202110,Beauty,Health&Beauty,Декоративная косметика,0,Estimation,2403503628,4051410223,25.01.2021 20:57:25
202110,Beauty,Jewelry,Ювелирные изделия,0,Estimation,3303786568,1907671202,25.02.2021 15:11:04
202110,Beauty,Jewelry,Ювелирные изделия,0,Estimation,3125436895,1105479690,25.01.2021 15:11:04
202110,Beauty,Pharmacy,Парафармацевтика,0,Estimation,2392929000,351092368,20.02.2021 18:23:40
202110,Beauty,Pharmacy,Профессиональный уход за полостью рта,0,Estimation,1506281494,1531061565,20.02.2021 18:23:40
202110,Beauty,Pharmacy,Профессиональный уход за полостью рта,1,Estimation,2852023867,3669162195,24.02.2021 23:38:51
202110,Beauty,Pharmacy,Медицинские изделия,1,Estimation,1498197152,267672406,24.02.2021 23:38:51
202110,Beauty,Pharmacy,Тату,0,Estimation,1912431859,3597099354,20.02.2021 18:23:40
202110,Beauty,Pharmacy,Электронные сигареты  парители  кальяны,1,Estimation,3877096129,1840854754,24.02.2021 23:38:51
202110,Beauty,Pharmacy,Антибактериальные  дезинфицирующие средства,1,Estimation,2680428886,1819610240,24.02.2021 23:38:51
202110,Beauty,Pharmacy,Медицинские изделия,0,Estimation,289218425,698019164,20.02.2021 18:23:40
202110,Beauty,Pharmacy,Уход и гигиена,0,Estimation,1286770836,2869808759,20.02.2021 18:23:40
202110,Beauty,Pharmacy,Уход и гигиена,1,Estimation,3329609385,1209448654,24.02.2021 23:38:51
202110,Beauty,Pharmacy,Парафармацевтика,1,Estimation,3888363803,2069364200,24.02.2021 23:38:51
202110,Beauty,Pharmacy,Электронные сигареты  парители  кальяны,0,Estimation,1526924597,2792740833,20.02.2021 18:23:40
202110,Beauty,Pharmacy,Антибактериальные  дезинфицирующие средства,0,Estimation,3411251863,3430611673,20.02.2021 18:23:40
202110,Beauty,Pharmacy,Спортивное питание,1,Estimation,2607767341,3942602055,24.02.2021 23:38:51
202110,Beauty,Pharmacy,Лекарственные средства для животных,0,Estimation,2402346884,195210344,20.02.2021 18:23:40
202110,Beauty,Pharmacy,Средства реабилитации,1,Estimation,2520004828,2726575902,24.02.2021 23:38:51
202110,Beauty,Pharmacy,Товары для взрослых,1,Estimation,3872886731,3597032482,24.02.2021 23:38:51
202110,Beauty,Pharmacy,Витамины и БАДы,1,Estimation,2243558227,3003842689,24.02.2021 23:38:51
202110,Beauty,Pharmacy,Ортопедия и компрессионный трикотаж,0,Estimation,1311719824,2618618207,20.02.2021 18:23:40
202110,Beauty,Pharmacy,Оптика,0,Estimation,2766212930,2010689410,20.02.2021 18:23:40
202110,Beauty,Pharmacy,Лекарственные средства,1,Estimation,2081388451,2512123616,24.02.2021 23:38:51
202110,Beauty,Pharmacy,Оптика,1,Estimation,1623359750,1464873600,24.02.2021 23:38:51
202110,Beauty,Pharmacy,Витамины и БАДы,0,Estimation,1160785249,4175089109,20.02.2021 18:23:40
202110,Beauty,Pharmacy,Медицинская техника,1,Estimation,4099205472,1576558227,24.02.2021 23:38:51
202110,Beauty,Pharmacy,Спортивное питание,0,Estimation,309565572,2887756082,20.02.2021 18:23:40
202110,Beauty,Pharmacy,Лекарственные средства,0,Estimation,1603590578,4164752066,20.02.2021 18:23:40
202110,Beauty,Pharmacy,Средства реабилитации,0,Estimation,3858071553,1132308658,20.02.2021 18:23:40
202110,Beauty,Pharmacy,Товары для взрослых,0,Estimation,4210022270,1324439631,20.02.2021 18:23:40
202110,Beauty,Pharmacy,Медицинская техника,0,Estimation,1812493177,3565580343,20.02.2021 18:23:40
202110,Beauty,Pharmacy,Ортопедия и компрессионный трикотаж,1,Estimation,636890978,2442755956,24.02.2021 23:38:51
202110,Beauty,Pharmacy,Лекарственные средства,0,Estimation,1159992173,869394489,20.01.2021 18:23:40
202110,Beauty,Pharmacy,Уход и гигиена,1,Estimation,3610847529,1334794829,24.01.2021 23:38:51
202110,Beauty,Pharmacy,Спортивное питание,0,Estimation,1741165614,4027878081,20.01.2021 18:23:40
202110,Beauty,Pharmacy,Ортопедия и компрессионный трикотаж,1,Estimation,1476370705,2538936486,24.01.2021 23:38:51
202110,Beauty,Pharmacy,Уход и гигиена,0,Estimation,4208351573,1115350019,20.01.2021 18:23:40
202110,Beauty,Pharmacy,Парафармацевтика,1,Estimation,2460753050,3497738143,24.01.2021 23:38:51
202110,Beauty,Pharmacy,Средства реабилитации,1,Estimation,1843111595,2342733862,24.01.2021 23:38:51
202110,Beauty,Pharmacy,Парафармацевтика,0,Estimation,2770615322,4126417407,20.01.2021 18:23:40
202110,Beauty,Pharmacy,Электронные сигареты  парители  кальяны,0,Estimation,2631242855,1429693099,20.01.2021 18:23:40
202110,Beauty,Pharmacy,Спортивное питание,1,Estimation,396539229,1094861804,24.01.2021 23:38:51
202110,Beauty,Pharmacy,Профессиональный уход за полостью рта,0,Estimation,38194922,2218561073,20.01.2021 18:23:40
202110,Beauty,Pharmacy,Ортопедия и компрессионный трикотаж,0,Estimation,162265688,1010090799,20.01.2021 18:23:40
202110,Beauty,Pharmacy,Лекарственные средства,1,Estimation,541085445,3281116802,24.01.2021 23:38:51
202110,Beauty,Pharmacy,Лекарственные средства для животных,0,Estimation,247912991,4089595728,20.01.2021 18:23:40
202110,Beauty,Pharmacy,Медицинские изделия,1,Estimation,2971829190,136391382,24.01.2021 23:38:51
202110,Beauty,Pharmacy,Профессиональный уход за полостью рта,1,Estimation,3024349032,2473420824,24.01.2021 23:38:51
202110,Beauty,Pharmacy,Тату,0,Estimation,1760523404,4282404491,20.01.2021 18:23:40
202110,Beauty,Pharmacy,Медицинские изделия,0,Estimation,4101414124,506932080,20.01.2021 18:23:40
202110,Beauty,Pharmacy,Антибактериальные  дезинфицирующие средства,0,Estimation,2276909584,2312547466,20.01.2021 18:23:40
202110,Beauty,Pharmacy,Витамины и БАДы,0,Estimation,69346333,4145610800,20.01.2021 18:23:40
202110,Beauty,Pharmacy,Товары для взрослых,0,Estimation,387841965,1331039065,20.01.2021 18:23:40
202110,Beauty,Pharmacy,Медицинская техника,0,Estimation,3850070778,2852269999,20.01.2021 18:23:40
202110,Beauty,Pharmacy,Оптика,1,Estimation,647069632,3411154768,24.01.2021 23:38:51
202110,Beauty,Pharmacy,Медицинская техника,1,Estimation,3498513765,3273262144,24.01.2021 23:38:51
202110,Beauty,Pharmacy,Витамины и БАДы,1,Estimation,50037002,351898039,24.01.2021 23:38:51
202110,Beauty,Pharmacy,Средства реабилитации,0,Estimation,2867843526,1572096264,20.01.2021 18:23:40
202110,Beauty,Pharmacy,Товары для взрослых,1,Estimation,895769438,2713615955,24.01.2021 23:38:51
202110,Beauty,Pharmacy,Электронные сигареты  парители  кальяны,1,Estimation,3457479856,3759035462,24.01.2021 23:38:51
202110,Beauty,Pharmacy,Антибактериальные  дезинфицирующие средства,1,Estimation,1527732390,3655461192,24.01.2021 23:38:51
202110,Beauty,Pharmacy,Оптика,0,Estimation,3632006827,2382864204,20.01.2021 18:23:40
202110,ES + Home,Auto&Moto,Авто и мото запчасти,0,Estimation,3226834617,2034054812,17.02.2021 18:25:32
202110,ES + Home,Auto&Moto,Масла и автохимия,1,Estimation,3845588551,295695484,18.02.2021 14:15:16
202110,ES + Home,Auto&Moto,Автоинструменты и гаражное оборудование,0,Estimation,3900107343,2975842245,18.02.2021 14:15:16
202110,ES + Home,Auto&Moto,Универсальные авто и мото аксессуары,0,Estimation,2246777808,2466227207,18.02.2021 14:15:16
202110,ES + Home,Auto&Moto,Автоинструменты и гаражное оборудование,1,Estimation,2103736158,2156823572,18.02.2021 14:15:16
202110,ES + Home,Auto&Moto,Масла и автохимия,0,Estimation,1379916014,3555687172,18.02.2021 14:15:16
202110,ES + Home,Auto&Moto,Автомобили и мототехника,0,Estimation,3032220803,1979568540,17.02.2021 18:25:32
202110,ES + Home,Auto&Moto,Шины и диски,0,Estimation,53126948,889711148,18.02.2021 14:15:16
202110,ES + Home,Auto&Moto,Дополнительное оборудование для авто и мото техники,0,Estimation,1155814500,1868064506,17.02.2021 18:25:32
202110,ES + Home,Auto&Moto,Универсальные авто и мото аксессуары,1,Estimation,59619949,2374456604,18.02.2021 14:15:16
202110,ES + Home,Auto&Moto,Дополнительное оборудование для авто и мото техники,0,Estimation,2945070495,1571943836,18.02.2021 14:15:16
202110,ES + Home,Auto&Moto,Авто и мото запчасти,1,Estimation,4250632017,2823241707,18.02.2021 14:15:16
202110,ES + Home,Auto&Moto,Универсальные авто и мото аксессуары,0,Estimation,2485355826,408862830,17.02.2021 18:25:32
202110,ES + Home,Auto&Moto,Автоинструменты и гаражное оборудование,0,Estimation,1897854071,836275863,17.02.2021 18:25:32
202110,ES + Home,Auto&Moto,Шины и диски,0,Estimation,2484744483,227944099,17.02.2021 18:25:32
202110,ES + Home,Auto&Moto,Автомобили и мототехника,0,Estimation,774101581,2598376348,18.02.2021 14:15:16
202110,ES + Home,Auto&Moto,Масла и автохимия,0,Estimation,3564356016,2087312756,17.02.2021 18:25:32
202110,ES + Home,Auto&Moto,Авто и мото запчасти,0,Estimation,781822030,491040012,18.02.2021 14:15:16
202110,ES + Home,Auto&Moto,Авто и мото запчасти,1,Estimation,2869988812,3292996057,18.01.2021 14:15:16
202110,ES + Home,Auto&Moto,Дополнительное оборудование для авто и мото техники,0,Estimation,89379222,1021901670,17.01.2021 18:25:32
202110,ES + Home,Auto&Moto,Авто и мото запчасти,0,Estimation,2276650845,1734088706,18.01.2021 14:15:16
202110,ES + Home,Auto&Moto,Дополнительное оборудование для авто и мото техники,0,Estimation,1010318181,3431511646,18.01.2021 14:15:16
202110,ES + Home,Auto&Moto,Авто и мото запчасти,0,Estimation,526918939,2728173379,17.01.2021 18:25:32
202110,ES + Home,Auto&Moto,Автомобили и мототехника,0,Estimation,3181200091,910154965,18.01.2021 14:15:16
202110,ES + Home,Auto&Moto,Автомобили и мототехника,0,Estimation,2423631929,2899473027,17.01.2021 18:25:32
202110,ES + Home,Auto&Moto,Масла и автохимия,0,Estimation,3343790402,2784398970,17.01.2021 18:25:32
202110,ES + Home,Auto&Moto,Универсальные авто и мото аксессуары,1,Estimation,3609990623,2055396067,18.01.2021 14:15:16
202110,ES + Home,Auto&Moto,Автоинструменты и гаражное оборудование,0,Estimation,2477538645,4194268644,17.01.2021 18:25:32
202110,ES + Home,Auto&Moto,Универсальные авто и мото аксессуары,0,Estimation,959998308,2202273276,17.01.2021 18:25:32
202110,ES + Home,Auto&Moto,Масла и автохимия,1,Estimation,2471620952,1432577031,18.01.2021 14:15:16
202110,ES + Home,Auto&Moto,Автоинструменты и гаражное оборудование,0,Estimation,1754600445,1219159712,18.01.2021 14:15:16
202110,ES + Home,Auto&Moto,Универсальные авто и мото аксессуары,0,Estimation,4257446193,3347926244,18.01.2021 14:15:16
202110,ES + Home,Auto&Moto,Шины и диски,0,Estimation,1829697967,246965628,18.01.2021 14:15:16
202110,ES + Home,Auto&Moto,Автоинструменты и гаражное оборудование,1,Estimation,2522496177,1994148991,18.01.2021 14:15:16
202110,ES + Home,Auto&Moto,Масла и автохимия,0,Estimation,2926865049,2140063396,18.01.2021 14:15:16
202110,ES + Home,Auto&Moto,Шины и диски,0,Estimation,359112128,1014968460,17.01.2021 18:25:32
202110,ES + Home,Books,Блокноты с ISBN,1,Estimation,963491795,1932779495,16.02.2021 18:29:37
202110,ES + Home,Books,Современная печатная книга,0,Estimation,2009094776,4079854686,16.02.2021 18:01:08
202110,ES + Home,Books,Литература на иностранном языке,0,Estimation,1875059886,383994858,16.02.2021 18:01:08
202110,ES + Home,Books,Цифровая книга,0,Estimation,1186861914,572129519,16.02.2021 18:01:08
202110,ES + Home,Books,Учебная литература,0,Estimation,1134704915,392254123,16.02.2021 18:01:08
202110,ES + Home,Books,ПО на физических носителях,0,Estimation,4006298296,3458311983,16.02.2021 18:01:08
202110,ES + Home,Books,Блокноты с ISBN,0,Estimation,1621629021,354158165,16.02.2021 18:01:08
202110,ES + Home,Books,Книга по требованию,0,Estimation,2884704442,3037418418,16.02.2021 18:01:08
202110,ES + Home,Books,Современные картографические издания,0,Estimation,1787221455,1391249848,16.02.2021 18:01:08
202110,ES + Home,Books,Second-hand книга,1,Estimation,3129997416,1592255228,16.02.2021 18:29:37
202110,ES + Home,Books,Second-hand книга,0,Estimation,2831288097,895071316,16.02.2021 18:01:08
202110,ES + Home,Books,Иностранное издание,0,Estimation,2653316807,3687388587,16.02.2021 18:01:08
202110,ES + Home,Books,Современная печатная книга,1,Estimation,3683732801,2495777924,16.02.2021 18:29:37
202110,ES + Home,Books,Букинистическое издание,0,Estimation,4124970051,1914042136,16.02.2021 18:01:08
202110,ES + Home,Books,Календари,0,Estimation,3419810427,4230841659,16.02.2021 18:01:08
202110,ES + Home,Books,Антикварное издание,0,Estimation,594642108,287525213,16.02.2021 18:01:08
202110,ES + Home,Books,Комиксы,0,Estimation,2242492303,2647128707,16.02.2021 18:01:08
202110,ES + Home,Books,Бизнес-литература,0,Estimation,2228396757,665843245,16.02.2021 18:01:08
202110,ES + Home,Books,Комиксы,1,Estimation,3458151987,3404766418,16.02.2021 18:29:37
202110,ES + Home,Books,Художественная литература,1,Estimation,4102945481,2446886281,16.02.2021 18:29:37
202110,ES + Home,Books,Книги детям и родителям,0,Estimation,30460058,4282957637,16.02.2021 18:01:08
202110,ES + Home,Books,Нехудожественная литература,0,Estimation,3082307820,4024071178,16.02.2021 18:01:08
202110,ES + Home,Books,Нехудожественная литература,1,Estimation,3795755031,2574898794,16.02.2021 18:29:37
202110,ES + Home,Books,Манга,0,Estimation,2889095760,1936699067,16.02.2021 18:01:08
202110,ES + Home,Books,Книги детям и родителям,1,Estimation,4024137903,2408283493,16.02.2021 18:29:37
202110,ES + Home,Books,Художественная литература,0,Estimation,1394286773,1205328667,16.02.2021 18:01:08
202110,ES + Home,Books,Бизнес-литература,1,Estimation,1373161027,3221194998,16.02.2021 18:29:37
202110,ES + Home,Books,Аудиокнига,0,Estimation,2629726017,477868852,16.02.2021 18:01:08
202110,ES + Home,Books,Цифровая аудиокнига,0,Estimation,2011409733,244485285,16.02.2021 18:01:08
202110,ES + Home,Books,Современные листовые издания,0,Estimation,10993,2842261711,16.02.2021 18:01:08
202110,ES + Home,Books,Манга,1,Estimation,3421261622,3079358024,16.02.2021 18:29:37
202110,ES + Home,Books,Современные листовые издания,0,Estimation,2928242923,281644393,16.01.2021 18:01:08
202110,ES + Home,Books,Современная печатная книга,1,Estimation,3071943153,2314109069,16.01.2021 18:29:37
202110,ES + Home,Books,Second-hand книга,1,Estimation,2475416758,1027020153,16.01.2021 18:29:37
202110,ES + Home,Books,Книги детям и родителям,1,Estimation,188556732,3866285151,16.01.2021 18:29:37
202110,ES + Home,Books,Цифровая аудиокнига,0,Estimation,805757328,3578171557,16.01.2021 18:01:08
202110,ES + Home,Books,Аудиокнига,0,Estimation,3032403246,1943681488,16.01.2021 18:01:08
202110,ES + Home,Books,Манга,0,Estimation,3722730362,4273481268,16.01.2021 18:01:08
202110,ES + Home,Books,Блокноты с ISBN,1,Estimation,286970942,3369426826,16.01.2021 18:29:37
202110,ES + Home,Books,ПО на физических носителях,0,Estimation,4269613360,2449060026,16.01.2021 18:01:08
202110,ES + Home,Books,Литература на иностранном языке,0,Estimation,128539344,3692669107,16.01.2021 18:01:08
202110,ES + Home,Books,Учебная литература,0,Estimation,1852078043,3260495301,16.01.2021 18:01:08
202110,ES + Home,Books,Цифровая книга,0,Estimation,1915764077,911525046,16.01.2021 18:01:08
202110,ES + Home,Books,Комиксы,0,Estimation,484726615,2011045022,16.01.2021 18:01:08
202110,ES + Home,Books,Нехудожественная литература,0,Estimation,3173340362,3292795248,16.01.2021 18:01:08
202110,ES + Home,Books,Современная печатная книга,0,Estimation,20230224,2737119975,16.01.2021 18:01:08
202110,ES + Home,Books,Антикварное издание,0,Estimation,325011239,2914186100,16.01.2021 18:01:08
202110,ES + Home,Books,Художественная литература,0,Estimation,2289824941,4125106761,16.01.2021 18:01:08
202110,ES + Home,Books,Художественная литература,1,Estimation,3562945391,3244397675,16.01.2021 18:29:37
202110,ES + Home,Books,Современные картографические издания,0,Estimation,1658662078,3685975620,16.01.2021 18:01:08
202110,ES + Home,Books,Манга,1,Estimation,3054151207,3034355241,16.01.2021 18:29:37
202110,ES + Home,Books,Second-hand книга,0,Estimation,2652795655,2751539850,16.01.2021 18:01:08
202110,ES + Home,Books,Букинистическое издание,0,Estimation,1948929299,1468732172,16.01.2021 18:01:08
202110,ES + Home,Books,Иностранное издание,0,Estimation,3484066944,1780564215,16.01.2021 18:01:08
202110,ES + Home,Books,Блокноты с ISBN,0,Estimation,4280048369,2443595033,16.01.2021 18:01:08
202110,ES + Home,Books,Книги детям и родителям,0,Estimation,3234107546,1115682456,16.01.2021 18:01:08
202110,ES + Home,Books,Комиксы,1,Estimation,3163174032,86807697,16.01.2021 18:29:37
202110,ES + Home,Books,Книга по требованию,0,Estimation,2857099967,3185970184,16.01.2021 18:01:08
202110,ES + Home,Books,Нехудожественная литература,1,Estimation,723625537,2788620837,16.01.2021 18:29:37
202110,ES + Home,Books,Календари,0,Estimation,3164335020,1314297808,16.01.2021 18:01:08
202110,ES + Home,Books,Бизнес-литература,1,Estimation,3609992935,1430657164,16.01.2021 18:29:37
202110,ES + Home,Books,Бизнес-литература,0,Estimation,2614042192,1433733249,16.01.2021 18:01:08
202110,ES + Home,Digital,Програмное обеспечение Digital,0,Estimation,2611097987,1254783878,25.02.2021 22:27:30
202110,ES + Home,Digital,Програмное обеспечение Digital,0,Estimation,260531371,1571591099,25.01.2021 22:27:30
202110,ES + Home,DIY,Фильтры для воды,0,Estimation,293424483,1846025903,18.02.2021 14:45:14
202110,ES + Home,DIY,Фильтры для воды,1,Estimation,1255412029,849440684,18.02.2021 14:45:14
202110,ES + Home,DIY,Ремонт и строительство,0,Estimation,2474287597,35608075,17.02.2021 18:25:32
202110,ES + Home,DIY,Инструменты,0,Estimation,335335723,3848304059,17.02.2021 18:25:32
202110,ES + Home,DIY,Освещение,1,Estimation,2869818094,1318794087,18.02.2021 14:45:14
202110,ES + Home,DIY,Освещение,0,Estimation,2986054762,2660060460,18.02.2021 14:45:14
202110,ES + Home,DIY,Сад и огород,0,Estimation,3187392474,2560746133,17.02.2021 18:25:32
202110,ES + Home,DIY,Ремонт и строительство,1,Estimation,597903925,2233902834,18.02.2021 14:45:14
202110,ES + Home,DIY,Сад и огород,1,Estimation,2595169676,1507113275,18.02.2021 14:45:14
202110,ES + Home,DIY,Сантехника,0,Estimation,1307104784,2935737788,18.02.2021 14:45:14
202110,ES + Home,DIY,Освещение,0,Estimation,3901977428,1700884834,17.02.2021 18:25:32
202110,ES + Home,DIY,Сад и огород,0,Estimation,1652742298,2427972667,18.02.2021 14:45:14
202110,ES + Home,DIY,Фильтры для воды,0,Estimation,919062570,1888870286,17.02.2021 18:25:32
202110,ES + Home,DIY,Инструменты,1,Estimation,935304056,2458617209,18.02.2021 14:45:14
202110,ES + Home,DIY,Сантехника,0,Estimation,1096721361,628837787,17.02.2021 18:25:32
202110,ES + Home,DIY,Ремонт и строительство,0,Estimation,1532556743,2576909171,18.02.2021 14:45:14
202110,ES + Home,DIY,Инструменты,0,Estimation,1876142792,1351620406,18.02.2021 14:45:14
202110,ES + Home,DIY,Фильтры для воды,0,Estimation,4012203861,1838204444,18.01.2021 14:45:14
202110,ES + Home,DIY,Сад и огород,0,Estimation,545247914,3043061394,17.01.2021 18:25:32
202110,ES + Home,DIY,Освещение,1,Estimation,1429057558,1957421558,18.01.2021 14:45:14
202110,ES + Home,DIY,Фильтры для воды,1,Estimation,1983171118,702780273,18.01.2021 14:45:14
202110,ES + Home,DIY,Инструменты,0,Estimation,3568687358,401951473,17.01.2021 18:25:32
202110,ES + Home,DIY,Ремонт и строительство,0,Estimation,3460571757,4070497137,17.01.2021 18:25:32
202110,ES + Home,DIY,Освещение,0,Estimation,2996668436,1194441653,18.01.2021 14:45:14
202110,ES + Home,DIY,Ремонт и строительство,1,Estimation,3579941446,3252840181,18.01.2021 14:45:14
202110,ES + Home,DIY,Сад и огород,1,Estimation,3454377122,662025010,18.01.2021 14:45:14
202110,ES + Home,DIY,Сад и огород,0,Estimation,3358047936,4017652628,18.01.2021 14:45:14
202110,ES + Home,DIY,Фильтры для воды,0,Estimation,4193030195,3310041656,17.01.2021 18:25:32
202110,ES + Home,DIY,Инструменты,1,Estimation,2644541299,97612424,18.01.2021 14:45:14
202110,ES + Home,DIY,Сантехника,0,Estimation,2914174461,3927584262,18.01.2021 14:45:14
202110,ES + Home,DIY,Сантехника,0,Estimation,2539840250,3628790375,17.01.2021 18:25:32
202110,ES + Home,DIY,Ремонт и строительство,0,Estimation,851332564,3653309046,18.01.2021 14:45:14
202110,ES + Home,DIY,Инструменты,0,Estimation,4007546005,2539800394,18.01.2021 14:45:14
202110,ES + Home,DIY,Освещение,0,Estimation,225242712,288334719,17.01.2021 18:25:32
202110,ES + Home,Furniture,Прочая мебель,0,Estimation,876189979,1347578242,18.02.2021 14:15:16
202110,ES + Home,Furniture,Мягкая мебель,0,Estimation,4252689011,3322928673,17.02.2021 18:25:32
202110,ES + Home,Furniture,Мебель для сада,0,Estimation,159157450,2998496630,18.02.2021 14:15:16
202110,ES + Home,Furniture,Столы и стулья,0,Estimation,4231021818,2897635156,18.02.2021 14:15:16
202110,ES + Home,Furniture,Компьютерная и офисная мебель,0,Estimation,1797859031,3909935998,18.02.2021 14:15:16
202110,ES + Home,Furniture,Мебель для сна,0,Estimation,748404542,2929113255,18.02.2021 14:15:16
202110,ES + Home,Furniture,Корпусная мебель и мебель для хранения,0,Estimation,3886324036,1325462921,18.02.2021 14:15:16
202110,ES + Home,Furniture,Мебель для сна,0,Estimation,3719500149,1967782135,17.02.2021 18:25:32
202110,ES + Home,Furniture,Компьютерная и офисная мебель,0,Estimation,2314460123,3558074229,17.02.2021 18:25:32
202110,ES + Home,Furniture,Мягкая мебель,0,Estimation,2001726938,2876563339,18.02.2021 14:15:16
202110,ES + Home,Furniture,Прочая мебель,0,Estimation,1191806229,3689459489,17.02.2021 18:25:32
202110,ES + Home,Furniture,Столы и стулья,0,Estimation,2399200617,3410306034,17.02.2021 18:25:32
202110,ES + Home,Furniture,Мебель для сада,0,Estimation,4213102340,3089260007,17.02.2021 18:25:32
202110,ES + Home,Furniture,Корпусная мебель и мебель для хранения,0,Estimation,2264392665,634510177,17.02.2021 18:25:32
202110,ES + Home,Furniture,Компьютерная и офисная мебель,0,Estimation,360871414,2720257153,17.01.2021 18:25:32
202110,ES + Home,Furniture,Мягкая мебель,0,Estimation,202727306,1099923813,18.01.2021 14:15:16
202110,ES + Home,Furniture,Корпусная мебель и мебель для хранения,0,Estimation,1695526591,3383872807,18.01.2021 14:15:16
202110,ES + Home,Furniture,Компьютерная и офисная мебель,0,Estimation,2493261194,1624244402,18.01.2021 14:15:16
202110,ES + Home,Furniture,Корпусная мебель и мебель для хранения,0,Estimation,2409137907,2402312934,17.01.2021 18:25:32
202110,ES + Home,Furniture,Мягкая мебель,0,Estimation,1416717968,2551189331,17.01.2021 18:25:32
202110,ES + Home,Furniture,Мебель для сада,0,Estimation,2470070095,1668673739,17.01.2021 18:25:32
202110,ES + Home,Furniture,Столы и стулья,0,Estimation,3405303435,1768794240,17.01.2021 18:25:32
202110,ES + Home,Furniture,Мебель для сна,0,Estimation,1269201950,2693127672,18.01.2021 14:15:16
202110,ES + Home,Furniture,Прочая мебель,0,Estimation,195276688,3484967937,17.01.2021 18:25:32
202110,ES + Home,Furniture,Прочая мебель,0,Estimation,423588513,3394444280,18.01.2021 14:15:16
202110,ES + Home,Furniture,Мебель для сна,0,Estimation,2407539648,3259672113,17.01.2021 18:25:32
202110,ES + Home,Furniture,Мебель для сада,0,Estimation,4185273828,656696432,18.01.2021 14:15:16
202110,ES + Home,Furniture,Столы и стулья,0,Estimation,1704950991,986052682,18.01.2021 14:15:16
202110,ES + Home,Household,Кухня,0,Estimation,3128186650,2616211519,18.02.2021 14:45:14
202110,ES + Home,Household,Антиквариат Хоум Декор,0,Estimation,1794051150,1731898618,17.02.2021 18:25:32
202110,ES + Home,Household,Ритуальные изделия,0,Estimation,1028209470,3879829326,18.02.2021 14:45:14
202110,ES + Home,Household,Ванная комната,0,Estimation,2029779596,2240552780,17.02.2021 18:25:32
202110,ES + Home,Household,Аксессуары для уборки и стирки,0,Estimation,3337006298,879369387,17.02.2021 18:25:32
202110,ES + Home,Household,Принадлежности для Нового года,1,Estimation,2416398093,2792066326,17.02.2021 18:25:32
202110,ES + Home,Household,Домашний текстиль,0,Estimation,814153378,1696083654,17.02.2021 18:25:32
202110,ES + Home,Household,Хранение,0,Estimation,1104645941,1880514060,17.02.2021 18:25:32
202110,ES + Home,Household,Интерьер и декор,0,Estimation,883417247,3947822279,17.02.2021 18:25:32
202110,ES + Home,Household,Интерьер и декор,0,Estimation,519729475,3650743235,18.02.2021 14:45:14
202110,ES + Home,Household,Кухня,1,Estimation,3124333237,4291955777,18.02.2021 14:45:14
202110,ES + Home,Household,Принадлежности для Нового года,0,Estimation,4166360455,4157934580,17.02.2021 18:25:32
202110,ES + Home,Household,Домашний текстиль,1,Estimation,3589230015,852015094,18.02.2021 14:45:14
202110,ES + Home,Household,Принадлежности для Нового года,0,Estimation,1762875972,1144820191,18.02.2021 14:45:14
202110,ES + Home,Household,Интерьер и декор,1,Estimation,3310891247,2645670367,18.02.2021 14:45:14
202110,ES + Home,Household,Ванная комната,0,Estimation,3128853758,784550885,18.02.2021 14:45:14
202110,ES + Home,Household,Аксессуары для уборки и стирки,0,Estimation,182185304,3548527547,18.02.2021 14:45:14
202110,ES + Home,Household,Кухня,0,Estimation,1992724526,2300217997,17.02.2021 18:25:32
202110,ES + Home,Household,Антиквариат Хоум Декор,0,Estimation,8013613,2902751941,18.02.2021 14:45:14
202110,ES + Home,Household,Ритуальные изделия,0,Estimation,1218994769,2983192827,17.02.2021 18:25:32
202110,ES + Home,Household,Хранение,0,Estimation,3857290620,776216197,18.02.2021 14:45:14
202110,ES + Home,Household,Аксессуары для уборки и стирки,1,Estimation,842356882,172328145,18.02.2021 14:45:14
202110,ES + Home,Household,Принадлежности для Нового года,1,Estimation,1012657407,4247259744,18.02.2021 14:45:14
202110,ES + Home,Household,Домашний текстиль,0,Estimation,2557122080,1430746491,18.02.2021 14:45:14
202110,ES + Home,Household,Интерьер и декор,0,Estimation,3174542943,2035895290,17.01.2021 18:25:32
202110,ES + Home,Household,Интерьер и декор,0,Estimation,388535836,3460967737,18.01.2021 14:45:14
202110,ES + Home,Household,Кухня,0,Estimation,1083407068,4253368347,18.01.2021 14:45:14
202110,ES + Home,Household,Ритуальные изделия,0,Estimation,3651301164,25720984,18.01.2021 14:45:14
202110,ES + Home,Household,Принадлежности для Нового года,0,Estimation,843533833,2044509255,17.01.2021 18:25:32
202110,ES + Home,Household,Домашний текстиль,0,Estimation,3809784880,1767100653,17.01.2021 18:25:32
202110,ES + Home,Household,Кухня,1,Estimation,36003596,1336208492,18.01.2021 14:45:14
202110,ES + Home,Household,Принадлежности для Нового года,1,Estimation,3469510713,1670626880,17.01.2021 18:25:32
202110,ES + Home,Household,Хранение,0,Estimation,2657421234,3964056810,17.01.2021 18:25:32
202110,ES + Home,Household,Антиквариат Хоум Декор,0,Estimation,3539325823,2489193537,17.01.2021 18:25:32
202110,ES + Home,Household,Аксессуары для уборки и стирки,0,Estimation,2707108444,2685162477,17.01.2021 18:25:32
202110,ES + Home,Household,Ванная комната,0,Estimation,428212301,2737003441,17.01.2021 18:25:32
202110,ES + Home,Household,Домашний текстиль,1,Estimation,3714210583,892888991,18.01.2021 14:45:14
202110,ES + Home,Household,Принадлежности для Нового года,0,Estimation,2412444260,391722091,18.01.2021 14:45:14
202110,ES + Home,Household,Ритуальные изделия,0,Estimation,3611774005,3523444996,17.01.2021 18:25:32
202110,ES + Home,Household,Кухня,0,Estimation,2385833139,2933735228,17.01.2021 18:25:32
202110,ES + Home,Household,Антиквариат Хоум Декор,0,Estimation,586122444,765407898,18.01.2021 14:45:14
202110,ES + Home,Household,Аксессуары для уборки и стирки,0,Estimation,3331920192,3420340763,18.01.2021 14:45:14
202110,ES + Home,Household,Ванная комната,0,Estimation,1573814294,1612273056,18.01.2021 14:45:14
202110,ES + Home,Household,Принадлежности для Нового года,1,Estimation,170480275,2412797054,18.01.2021 14:45:14
202110,ES + Home,Household,Домашний текстиль,0,Estimation,1350472251,2881475960,18.01.2021 14:45:14
202110,ES + Home,Household,Интерьер и декор,1,Estimation,1524009920,3131807211,18.01.2021 14:45:14
202110,ES + Home,Household,Хранение,0,Estimation,1773147119,861204859,18.01.2021 14:45:14
202110,ES + Home,Household,Аксессуары для уборки и стирки,1,Estimation,2561669192,3376668967,18.01.2021 14:45:14
202110,ES + Home,Laptops & Computers,Домашняя Аудио и Видеотехника Lap&Comp,0,Estimation,1884210047,192666512,17.02.2021 13:05:08
202110,ES + Home,Laptops & Computers,Расходный материал для электроники Lap&Comp,0,Estimation,1018308113,2665625291,17.02.2021 13:05:08
202110,ES + Home,Laptops & Computers,Расходный материал для электроники Lap&Comp,1,Estimation,2685244041,1559793122,17.02.2021 13:05:08
202110,ES + Home,Laptops & Computers,Компьютерная периферия Lap&Comp,0,Estimation,2992453163,611372138,17.02.2021 13:05:08
202110,ES + Home,Laptops & Computers,Компьютерная периферия Lap&Comp,1,Estimation,1942501146,3885996981,17.02.2021 13:05:08
202110,ES + Home,Laptops & Computers,Компьютерная офисная техника Lap&Comp,0,Estimation,1099290084,3289547011,17.02.2021 13:05:08
202110,ES + Home,Laptops & Computers,Компьютеры Lap&Comp,1,Estimation,1885123894,3266177036,17.02.2021 13:05:08
202110,ES + Home,Laptops & Computers,Компьютеры Lap&Comp,0,Estimation,984590198,2130636477,17.02.2021 13:05:08
202110,ES + Home,Laptops & Computers,Компьютерная офисная техника Lap&Comp,0,Estimation,677580450,171646792,17.01.2021 13:05:08
202110,ES + Home,Laptops & Computers,Компьютерная периферия Lap&Comp,1,Estimation,3483302078,4017850709,17.01.2021 13:05:08
202110,ES + Home,Laptops & Computers,Расходный материал для электроники Lap&Comp,0,Estimation,2549629557,594527764,17.01.2021 13:05:08
202110,ES + Home,Laptops & Computers,Домашняя Аудио и Видеотехника Lap&Comp,0,Estimation,3990504038,2323818534,17.01.2021 13:05:08
202110,ES + Home,Laptops & Computers,Компьютеры Lap&Comp,1,Estimation,1519009601,2890863560,17.01.2021 13:05:08
202110,ES + Home,Laptops & Computers,Компьютерная периферия Lap&Comp,0,Estimation,2564846374,585913410,17.01.2021 13:05:08
202110,ES + Home,Laptops & Computers,Расходный материал для электроники Lap&Comp,1,Estimation,2824463122,2009016226,17.01.2021 13:05:08
202110,ES + Home,Laptops & Computers,Компьютеры Lap&Comp,0,Estimation,4016301027,2303817816,17.01.2021 13:05:08
202110,ES + Home,Major Domestic Appliances,Крупная бытовая техника MDA,0,Estimation,732766968,4113662026,16.02.2021 17:46:45
202110,ES + Home,Major Domestic Appliances,Крупная бытовая техника MDA,0,Estimation,2058074212,807860420,16.01.2021 17:46:45
202110,ES + Home,Miscellaneous accessories,Бытовая техника Access,0,Estimation,4287143498,1830541264,17.02.2021 18:25:32
202110,ES + Home,Miscellaneous accessories,Компьютерная периферия Access,0,Estimation,3723220382,904858823,17.02.2021 18:25:32
202110,ES + Home,Miscellaneous accessories,Домашняя Аудио и Видеотехника Access,1,Estimation,2350317681,3977344160,17.02.2021 18:25:32
202110,ES + Home,Miscellaneous accessories,Игровые приставки и аксессуары Access,0,Estimation,1898876339,1500158731,17.02.2021 18:25:32
202110,ES + Home,Miscellaneous accessories,Расходный материал для электроники Access,1,Estimation,3583929109,3790899064,17.02.2021 18:25:32
202110,ES + Home,Miscellaneous accessories,Бытовая техника Access,1,Estimation,2749490508,1821888290,17.02.2021 18:25:32
202110,ES + Home,Miscellaneous accessories,Игровые приставки и аксессуары Access,1,Estimation,3890541058,3216982584,17.02.2021 18:25:32
202110,ES + Home,Miscellaneous accessories,Компьютерная периферия Access,1,Estimation,6285607,2019549656,17.02.2021 18:25:32
202110,ES + Home,Miscellaneous accessories,Расходный материал для электроники Access,0,Estimation,1827922461,670673252,17.02.2021 18:25:32
202110,ES + Home,Miscellaneous accessories,Автомобильная техника Access,0,Estimation,3279204874,597497986,17.02.2021 18:25:32
202110,ES + Home,Miscellaneous accessories,Электропитание Access,1,Estimation,3595966269,522807383,17.02.2021 18:25:32
202110,ES + Home,Miscellaneous accessories,Фото и видео Access,1,Estimation,3083366608,669239877,17.02.2021 18:25:32
202110,ES + Home,Miscellaneous accessories,Средства связи Access,1,Estimation,4169745826,211260474,17.02.2021 18:25:32
202110,ES + Home,Miscellaneous accessories,Электропитание Access,0,Estimation,719006809,259768305,17.02.2021 18:25:32
202110,ES + Home,Miscellaneous accessories,Компьютеры Access,0,Estimation,2844401764,12104256,17.02.2021 18:25:32
202110,ES + Home,Miscellaneous accessories,Электронные товары хобби и отдых Access,0,Estimation,1058749957,561576294,17.02.2021 18:25:32
202110,ES + Home,Miscellaneous accessories,Домашняя Аудио и Видеотехника Access,0,Estimation,1861382631,2048342898,17.02.2021 18:25:32
202110,ES + Home,Miscellaneous accessories,Средства связи Access,0,Estimation,3838222289,4129641300,17.02.2021 18:25:32
202110,ES + Home,Miscellaneous accessories,Оборудование Access,0,Estimation,221100368,459502734,17.02.2021 18:25:32
202110,ES + Home,Miscellaneous accessories,Фото и видео Access,0,Estimation,1981094186,3039648993,17.02.2021 18:25:32
202110,ES + Home,Miscellaneous accessories,Компьютеры Access,1,Estimation,2611631683,1636235600,17.02.2021 18:25:32
202110,ES + Home,Miscellaneous accessories,Игровые приставки и аксессуары Access,1,Estimation,3707561341,1523009750,17.01.2021 18:25:32
202110,ES + Home,Miscellaneous accessories,Бытовая техника Access,1,Estimation,1884323163,3661647473,17.01.2021 18:25:32
202110,ES + Home,Miscellaneous accessories,Расходный материал для электроники Access,0,Estimation,72877974,3287733317,17.01.2021 18:25:32
202110,ES + Home,Miscellaneous accessories,Компьютерная периферия Access,1,Estimation,2852685815,3211198007,17.01.2021 18:25:32
202110,ES + Home,Miscellaneous accessories,Домашняя Аудио и Видеотехника Access,1,Estimation,979929635,2792244943,17.01.2021 18:25:32
202110,ES + Home,Miscellaneous accessories,Игровые приставки и аксессуары Access,0,Estimation,1755571029,3921454155,17.01.2021 18:25:32
202110,ES + Home,Miscellaneous accessories,Оборудование Access,0,Estimation,2938862907,2207272009,17.01.2021 18:25:32
202110,ES + Home,Miscellaneous accessories,Расходный материал для электроники Access,1,Estimation,1564754934,21627580,17.01.2021 18:25:32
202110,ES + Home,Miscellaneous accessories,Компьютерная периферия Access,0,Estimation,2940182349,1871046585,17.01.2021 18:25:32
202110,ES + Home,Miscellaneous accessories,Бытовая техника Access,0,Estimation,390168477,3969411868,17.01.2021 18:25:32
202110,ES + Home,Miscellaneous accessories,Средства связи Access,0,Estimation,1309465495,71214121,17.01.2021 18:25:32
202110,ES + Home,Miscellaneous accessories,Компьютеры Access,1,Estimation,1859652386,3021890984,17.01.2021 18:25:32
202110,ES + Home,Miscellaneous accessories,Электронные товары хобби и отдых Access,0,Estimation,748578020,2766400993,17.01.2021 18:25:32
202110,ES + Home,Miscellaneous accessories,Компьютеры Access,0,Estimation,3150337770,2272027374,17.01.2021 18:25:32
202110,ES + Home,Miscellaneous accessories,Фото и видео Access,0,Estimation,2705632060,612235323,17.01.2021 18:25:32
202110,ES + Home,Miscellaneous accessories,Электропитание Access,0,Estimation,1409636026,1678117289,17.01.2021 18:25:32
202110,ES + Home,Miscellaneous accessories,Средства связи Access,1,Estimation,2237651717,905526536,17.01.2021 18:25:32
202110,ES + Home,Miscellaneous accessories,Электропитание Access,1,Estimation,299217496,2901222109,17.01.2021 18:25:32
202110,ES + Home,Miscellaneous accessories,Домашняя Аудио и Видеотехника Access,0,Estimation,1845911467,3697442553,17.01.2021 18:25:32
202110,ES + Home,Miscellaneous accessories,Автомобильная техника Access,0,Estimation,4234847395,2793571348,17.01.2021 18:25:32
202110,ES + Home,Miscellaneous accessories,Фото и видео Access,1,Estimation,3312510647,3737828638,17.01.2021 18:25:32
202110,ES + Home,Small Domestic Appliances,Оборудование SDA,0,Estimation,4202732396,2009151593,17.02.2021 18:25:32
202110,ES + Home,Small Domestic Appliances,Мелкая бытовая техника SDA,1,Estimation,1218802545,1441786964,18.02.2021 14:45:14
202110,ES + Home,Small Domestic Appliances,Оборудование SDA,0,Estimation,3542573758,1045120732,18.02.2021 14:45:14
202110,ES + Home,Small Domestic Appliances,Мелкая бытовая техника SDA,0,Estimation,3910643290,2307308586,18.02.2021 14:45:14
202110,ES + Home,Small Domestic Appliances,Мелкая бытовая техника SDA,0,Estimation,2713492951,3455751151,17.02.2021 18:25:32
202110,ES + Home,Small Domestic Appliances,Мелкая бытовая техника SDA,1,Estimation,4677250,104025352,18.01.2021 14:45:14
202110,ES + Home,Small Domestic Appliances,Оборудование SDA,0,Estimation,2834828580,2232297528,17.01.2021 18:25:32
202110,ES + Home,Small Domestic Appliances,Оборудование SDA,0,Estimation,3153520516,2248747185,18.01.2021 14:45:14
202110,ES + Home,Small Domestic Appliances,Мелкая бытовая техника SDA,0,Estimation,3480899128,1542600988,17.01.2021 18:25:32
202110,ES + Home,Small Domestic Appliances,Мелкая бытовая техника SDA,0,Estimation,1560509411,1314776841,18.01.2021 14:45:14
202110,ES + Home,Smartphones & Tablets,Компьютеры Smart&Tablets,1,Estimation,381397719,3629018423,16.02.2021 18:29:35
202110,ES + Home,Smartphones & Tablets,Средства связи Smart&Tablets,1,Estimation,76883391,156043235,16.02.2021 18:29:35
202110,ES + Home,Smartphones & Tablets,Средства связи Smart&Tablets,0,Estimation,3003183329,1344505388,16.02.2021 18:10:45
202110,ES + Home,Smartphones & Tablets,Компьютеры Smart&Tablets,0,Estimation,340073348,1463169254,16.02.2021 18:10:45
202110,ES + Home,Smartphones & Tablets,Средства связи Smart&Tablets,0,Estimation,914939616,1741231890,16.01.2021 18:10:45
202110,ES + Home,Smartphones & Tablets,Компьютеры Smart&Tablets,0,Estimation,3429641892,4090311024,16.01.2021 18:10:45
202110,ES + Home,Smartphones & Tablets,Компьютеры Smart&Tablets,1,Estimation,4186651961,3449808920,16.01.2021 18:29:35
202110,ES + Home,Smartphones & Tablets,Средства связи Smart&Tablets,1,Estimation,798258138,1814065013,16.01.2021 18:29:35
202110,ES + Home,Sport,Зимние виды спорта,0,Estimation,1496717118,1290475182,17.02.2021 18:25:32
202110,ES + Home,Sport,Всесезонные виды спорта,0,Estimation,3613655168,2244284887,17.02.2021 18:25:32
202110,ES + Home,Sport,Товары для рыбалки,0,Estimation,2772674463,3519263835,17.02.2021 18:25:32
202110,ES + Home,Sport,Летние виды спорта,0,Estimation,2788272217,748486837,17.02.2021 18:25:32
202110,ES + Home,Sport,Цирковое искусство,0,Estimation,255614337,1069538873,17.02.2021 18:25:32
202110,ES + Home,Sport,Товары для охоты,0,Estimation,2712209010,1242452379,17.02.2021 18:25:32
202110,ES + Home,Sport,Всесезонные виды спорта,1,Estimation,2453083149,540690306,17.02.2021 18:25:32
202110,ES + Home,Sport,Тренажеры и фитнес,1,Estimation,3494044753,1698910643,17.02.2021 18:25:32
202110,ES + Home,Sport,Тренажеры и фитнес,0,Estimation,34593540,3276823679,17.02.2021 18:25:32
202110,ES + Home,Sport,Единоборства,0,Estimation,3761996794,3259402471,17.02.2021 18:25:32
202110,ES + Home,Sport,Спортивные аксессуары,1,Estimation,3754385805,2238932538,17.02.2021 18:25:32
202110,ES + Home,Sport,Туризм,0,Estimation,2762857265,4148358820,17.02.2021 18:25:32
202110,ES + Home,Sport,Туризм,1,Estimation,3332820643,3286778111,17.02.2021 18:25:32
202110,ES + Home,Sport,Страйкбол и пневматика,0,Estimation,234668740,1734433463,17.02.2021 18:25:32
202110,ES + Home,Sport,Спортивные аксессуары,0,Estimation,4271939450,2329212340,17.02.2021 18:25:32
202110,ES + Home,Sport,Летние виды спорта,0,Estimation,3839990397,1774102940,17.01.2021 18:25:32
202110,ES + Home,Sport,Товары для рыбалки,0,Estimation,2372950932,883642070,17.01.2021 18:25:32
202110,ES + Home,Sport,Зимние виды спорта,0,Estimation,2507688277,2314121,17.01.2021 18:25:32
202110,ES + Home,Sport,Всесезонные виды спорта,1,Estimation,4039483811,2690520589,17.01.2021 18:25:32
202110,ES + Home,Sport,Тренажеры и фитнес,1,Estimation,2402943594,2131667465,17.01.2021 18:25:32
202110,ES + Home,Sport,Товары для охоты,0,Estimation,3986372228,410372142,17.01.2021 18:25:32
202110,ES + Home,Sport,Всесезонные виды спорта,0,Estimation,3843866872,3536578915,17.01.2021 18:25:32
202110,ES + Home,Sport,Туризм,1,Estimation,3538430543,3459332502,17.01.2021 18:25:32
202110,ES + Home,Sport,Спортивные аксессуары,0,Estimation,3479866316,2673781815,17.01.2021 18:25:32
202110,ES + Home,Sport,Тренажеры и фитнес,0,Estimation,1231620403,3165129518,17.01.2021 18:25:32
202110,ES + Home,Sport,Туризм,0,Estimation,3307248204,4192895175,17.01.2021 18:25:32
202110,ES + Home,Sport,Страйкбол и пневматика,0,Estimation,2426699232,4218974032,17.01.2021 18:25:32
202110,ES + Home,Sport,Единоборства,0,Estimation,4258114701,2434245755,17.01.2021 18:25:32
202110,ES + Home,Sport,Спортивные аксессуары,1,Estimation,3240824849,2576412031,17.01.2021 18:25:32
202110,ES + Home,Sport,Цирковое искусство,0,Estimation,2406082423,2329286733,17.01.2021 18:25:32
202110,ES + Home,TV  audio  Hi-Fi & other electronics,Програмное обеспечение TV&Audio,0,Estimation,3746025037,3404275685,17.02.2021 13:01:51
202110,ES + Home,TV  audio  Hi-Fi & other electronics,Автомобильная техника TV&Audio,1,Estimation,131054776,3750191130,18.02.2021 14:45:14
202110,ES + Home,TV  audio  Hi-Fi & other electronics,Портативная аудиотехника TV&Audio,1,Estimation,3861822249,2254452379,18.02.2021 14:45:14
202110,ES + Home,TV  audio  Hi-Fi & other electronics,Система безопасности TV&Audio,1,Estimation,1758736263,3698596639,18.02.2021 14:45:14
202110,ES + Home,TV  audio  Hi-Fi & other electronics,Фан атрибутика TV&Audio,0,Estimation,2474177199,2666110428,18.02.2021 14:45:14
202110,ES + Home,TV  audio  Hi-Fi & other electronics,Домашняя Аудио и Видеотехника TV&Audio,1,Estimation,3607263721,3230223746,18.02.2021 14:45:14
202110,ES + Home,TV  audio  Hi-Fi & other electronics,Игровые приставки и аксессуары TV&Audio,0,Estimation,222298548,848729301,18.02.2021 14:45:14
202110,ES + Home,TV  audio  Hi-Fi & other electronics,Портативная аудиотехника TV&Audio,0,Estimation,1896740030,3178978945,17.02.2021 13:01:51
202110,ES + Home,TV  audio  Hi-Fi & other electronics,Домашняя Аудио и Видеотехника TV&Audio,0,Estimation,1832706706,2065340148,18.02.2021 14:45:14
202110,ES + Home,TV  audio  Hi-Fi & other electronics,Система безопасности TV&Audio,0,Estimation,1796725676,3661219403,18.02.2021 14:45:14
202110,ES + Home,TV  audio  Hi-Fi & other electronics,Портативная аудиотехника TV&Audio,0,Estimation,1507117440,1995336646,18.02.2021 14:45:14
202110,ES + Home,TV  audio  Hi-Fi & other electronics,Домашняя Аудио и Видеотехника TV&Audio,0,Estimation,3538187249,262887341,17.02.2021 13:01:51
202110,ES + Home,TV  audio  Hi-Fi & other electronics,Система безопасности TV&Audio,0,Estimation,3323483378,1569570991,17.02.2021 13:01:51
202110,ES + Home,TV  audio  Hi-Fi & other electronics,Movie,0,Estimation,3296412602,858432877,18.02.2021 14:45:14
202110,ES + Home,TV  audio  Hi-Fi & other electronics,Music,0,Estimation,1907191768,2012300101,18.02.2021 14:45:14
202110,ES + Home,TV  audio  Hi-Fi & other electronics,Програмное обеспечение TV&Audio,0,Estimation,2712982360,3510687961,18.02.2021 14:45:14
202110,ES + Home,TV  audio  Hi-Fi & other electronics,Автомобильная техника TV&Audio,0,Estimation,1343683278,1201215357,18.02.2021 14:45:14
202110,ES + Home,TV  audio  Hi-Fi & other electronics,Music,0,Estimation,3981755001,2139440348,17.02.2021 13:01:51
202110,ES + Home,TV  audio  Hi-Fi & other electronics,Фан атрибутика TV&Audio,0,Estimation,2178259990,1606977117,17.02.2021 13:01:51
202110,ES + Home,TV  audio  Hi-Fi & other electronics,Movie,0,Estimation,102922339,2668408161,17.02.2021 13:01:51
202110,ES + Home,TV  audio  Hi-Fi & other electronics,Игровые приставки и аксессуары TV&Audio,1,Estimation,886986880,138836020,18.02.2021 14:45:14
202110,ES + Home,TV  audio  Hi-Fi & other electronics,Карты оплаты  страховки TV&Audio,0,Estimation,1195785513,1616530621,18.02.2021 14:45:14
202110,ES + Home,TV  audio  Hi-Fi & other electronics,Програмное обеспечение TV&Audio,1,Estimation,3789542920,3916708176,18.02.2021 14:45:14
202110,ES + Home,TV  audio  Hi-Fi & other electronics,Электронные товары хобби и отдых TV&Audio,1,Estimation,4054180158,4102303946,18.02.2021 14:45:14
202110,ES + Home,TV  audio  Hi-Fi & other electronics,Фото и видео TV&Audio,0,Estimation,3699124848,1925740658,17.02.2021 13:01:51
202110,ES + Home,TV  audio  Hi-Fi & other electronics,Игровые приставки и аксессуары TV&Audio,0,Estimation,4250174677,1729470868,17.02.2021 13:01:51
202110,ES + Home,TV  audio  Hi-Fi & other electronics,Компьютерная периферия TV&Audio,0,Estimation,1883315445,4149268123,17.02.2021 13:01:51
202110,ES + Home,TV  audio  Hi-Fi & other electronics,Фото и видео TV&Audio,0,Estimation,709005104,2163024163,18.02.2021 14:45:14
202110,ES + Home,TV  audio  Hi-Fi & other electronics,Средства связи TV&Audio,0,Estimation,4249009719,66557282,17.02.2021 13:01:51
202110,ES + Home,TV  audio  Hi-Fi & other electronics,Электронные товары хобби и отдых TV&Audio,0,Estimation,2982902656,15459169,18.02.2021 14:45:14
202110,ES + Home,TV  audio  Hi-Fi & other electronics,Электронные товары хобби и отдых TV&Audio,0,Estimation,3780786155,4130995819,17.02.2021 13:01:51
202110,ES + Home,TV  audio  Hi-Fi & other electronics,Фото и видео TV&Audio,1,Estimation,893788320,2811839716,18.02.2021 14:45:14
202110,ES + Home,TV  audio  Hi-Fi & other electronics,Компьютеры TV&Audio,1,Estimation,1018377976,2366907691,18.02.2021 14:45:14
202110,ES + Home,TV  audio  Hi-Fi & other electronics,Средства связи TV&Audio,1,Estimation,2312143846,3136857630,18.02.2021 14:45:14
202110,ES + Home,TV  audio  Hi-Fi & other electronics,Автомобильная техника TV&Audio,0,Estimation,1709699098,1886188332,17.02.2021 13:01:51
202110,ES + Home,TV  audio  Hi-Fi & other electronics,Компьютерная периферия TV&Audio,0,Estimation,767133243,959842776,18.02.2021 14:45:14
202110,ES + Home,TV  audio  Hi-Fi & other electronics,Средства связи TV&Audio,0,Estimation,608661608,574635357,18.02.2021 14:45:14
202110,ES + Home,TV  audio  Hi-Fi & other electronics,Компьютеры TV&Audio,0,Estimation,1929882239,4186674625,18.02.2021 14:45:14
202110,ES + Home,TV  audio  Hi-Fi & other electronics,Компьютеры TV&Audio,0,Estimation,330804203,2001197777,17.02.2021 13:01:51
202110,ES + Home,TV  audio  Hi-Fi & other electronics,Music,0,Estimation,1841913369,307187523,17.01.2021 13:01:51
202110,ES + Home,TV  audio  Hi-Fi & other electronics,Система безопасности TV&Audio,1,Estimation,3439829120,1023663295,18.01.2021 14:45:14
202110,ES + Home,TV  audio  Hi-Fi & other electronics,Movie,0,Estimation,1027243172,3014889633,17.01.2021 13:01:51
202110,ES + Home,TV  audio  Hi-Fi & other electronics,Домашняя Аудио и Видеотехника TV&Audio,1,Estimation,1735007994,249732114,18.01.2021 14:45:14
202110,ES + Home,TV  audio  Hi-Fi & other electronics,Портативная аудиотехника TV&Audio,1,Estimation,3309930857,2734993179,18.01.2021 14:45:14
202110,ES + Home,TV  audio  Hi-Fi & other electronics,Портативная аудиотехника TV&Audio,0,Estimation,1938650920,1448388692,18.01.2021 14:45:14
202110,ES + Home,TV  audio  Hi-Fi & other electronics,Домашняя Аудио и Видеотехника TV&Audio,0,Estimation,4223290298,1730770507,18.01.2021 14:45:14
202110,ES + Home,TV  audio  Hi-Fi & other electronics,Система безопасности TV&Audio,0,Estimation,2689509558,2869580504,18.01.2021 14:45:14
202110,ES + Home,TV  audio  Hi-Fi & other electronics,Movie,0,Estimation,127680185,2313945630,18.01.2021 14:45:14
202110,ES + Home,TV  audio  Hi-Fi & other electronics,Средства связи TV&Audio,0,Estimation,3829909001,249588833,17.01.2021 13:01:51
202110,ES + Home,TV  audio  Hi-Fi & other electronics,Music,0,Estimation,735064077,991136416,18.01.2021 14:45:14
202110,ES + Home,TV  audio  Hi-Fi & other electronics,Средства связи TV&Audio,0,Estimation,1318657591,2817212746,18.01.2021 14:45:14
202110,ES + Home,TV  audio  Hi-Fi & other electronics,Домашняя Аудио и Видеотехника TV&Audio,0,Estimation,180134782,1424920671,17.01.2021 13:01:51
202110,ES + Home,TV  audio  Hi-Fi & other electronics,Компьютерная периферия TV&Audio,0,Estimation,3315259945,2167168638,17.01.2021 13:01:51
202110,ES + Home,TV  audio  Hi-Fi & other electronics,Компьютерная периферия TV&Audio,0,Estimation,3557171995,2938232538,18.01.2021 14:45:14
202110,ES + Home,TV  audio  Hi-Fi & other electronics,Средства связи TV&Audio,1,Estimation,1226132041,1118330242,18.01.2021 14:45:14
202110,ES + Home,TV  audio  Hi-Fi & other electronics,Система безопасности TV&Audio,0,Estimation,1315466962,2593435016,17.01.2021 13:01:51
202110,ES + Home,TV  audio  Hi-Fi & other electronics,Портативная аудиотехника TV&Audio,0,Estimation,2502679655,134199216,17.01.2021 13:01:51
202110,ES + Home,TV  audio  Hi-Fi & other electronics,Игровые приставки и аксессуары TV&Audio,1,Estimation,415235667,4183866651,18.01.2021 14:45:14
202110,ES + Home,TV  audio  Hi-Fi & other electronics,Фото и видео TV&Audio,0,Estimation,626308402,3093032828,18.01.2021 14:45:14
202110,ES + Home,TV  audio  Hi-Fi & other electronics,Автомобильная техника TV&Audio,0,Estimation,1653901219,2066429149,18.01.2021 14:45:14
202110,ES + Home,TV  audio  Hi-Fi & other electronics,Электронные товары хобби и отдых TV&Audio,1,Estimation,1743365793,3091466828,18.01.2021 14:45:14
202110,ES + Home,TV  audio  Hi-Fi & other electronics,Фан атрибутика TV&Audio,0,Estimation,341083903,877985358,17.01.2021 13:01:51
202110,ES + Home,TV  audio  Hi-Fi & other electronics,Игровые приставки и аксессуары TV&Audio,0,Estimation,3088360630,146247364,17.01.2021 13:01:51
202110,ES + Home,TV  audio  Hi-Fi & other electronics,Компьютеры TV&Audio,0,Estimation,36112930,4054184941,17.01.2021 13:01:51
202110,ES + Home,TV  audio  Hi-Fi & other electronics,Фан атрибутика TV&Audio,0,Estimation,99215887,191038914,18.01.2021 14:45:14
202110,ES + Home,TV  audio  Hi-Fi & other electronics,Электронные товары хобби и отдых TV&Audio,0,Estimation,50388814,2885533594,18.01.2021 14:45:14
202110,ES + Home,TV  audio  Hi-Fi & other electronics,Игровые приставки и аксессуары TV&Audio,0,Estimation,1023787090,361171984,18.01.2021 14:45:14
202110,ES + Home,TV  audio  Hi-Fi & other electronics,Програмное обеспечение TV&Audio,1,Estimation,508574837,3782763159,18.01.2021 14:45:14
202110,ES + Home,TV  audio  Hi-Fi & other electronics,Карты оплаты  страховки TV&Audio,0,Estimation,3863287483,1619178200,18.01.2021 14:45:14
202110,ES + Home,TV  audio  Hi-Fi & other electronics,Автомобильная техника TV&Audio,1,Estimation,1265717832,4037090480,18.01.2021 14:45:14
202110,ES + Home,TV  audio  Hi-Fi & other electronics,Фото и видео TV&Audio,1,Estimation,1358432234,783596461,18.01.2021 14:45:14
202110,ES + Home,TV  audio  Hi-Fi & other electronics,Фото и видео TV&Audio,0,Estimation,1703549568,1606036187,17.01.2021 13:01:51
202110,ES + Home,TV  audio  Hi-Fi & other electronics,Компьютеры TV&Audio,1,Estimation,2617777586,3320223406,18.01.2021 14:45:14
202110,ES + Home,TV  audio  Hi-Fi & other electronics,Электронные товары хобби и отдых TV&Audio,0,Estimation,245423678,917429289,17.01.2021 13:01:51
202110,ES + Home,TV  audio  Hi-Fi & other electronics,Програмное обеспечение TV&Audio,0,Estimation,2999365437,2510454303,17.01.2021 13:01:51
202110,ES + Home,TV  audio  Hi-Fi & other electronics,Автомобильная техника TV&Audio,0,Estimation,143418101,2852338435,17.01.2021 13:01:51
202110,ES + Home,TV  audio  Hi-Fi & other electronics,Програмное обеспечение TV&Audio,0,Estimation,3968982604,4227257452,18.01.2021 14:45:14
202110,ES + Home,TV  audio  Hi-Fi & other electronics,Компьютеры TV&Audio,0,Estimation,2024708988,747470137,18.01.2021 14:45:14
202110,FMCG,FMCG nonfood,Уход и гигиена,1,Estimation,1484784900,2256051215,26.02.2021 01:04:22
202110,FMCG,FMCG nonfood,Кормление детское,0,Estimation,593979650,2234776385,26.02.2021 00:57:31
202110,FMCG,FMCG nonfood,Личная гигиена,0,Estimation,907891510,2482821786,26.02.2021 01:35:54
202110,FMCG,FMCG nonfood,Детская продукция,0,Estimation,1445690514,1593136614,26.02.2021 00:57:31
202110,FMCG,FMCG nonfood,Личная гигиена,0,Estimation,2416238140,3143211591,26.02.2021 01:05:34
202110,FMCG,FMCG nonfood,Уход и гигиена,0,Estimation,2516458262,2496579116,26.02.2021 00:57:31
202110,FMCG,FMCG nonfood,Бытовая химия,1,Estimation,2968273019,2550392681,26.02.2021 01:04:22
202110,FMCG,FMCG nonfood,Бритвы и лезвия,0,Estimation,3213393585,2982354521,26.02.2021 01:05:34
202110,FMCG,FMCG nonfood,Бритвы и лезвия,0,Estimation,772086454,3326616004,26.02.2021 01:35:54
202110,FMCG,FMCG nonfood,Кормление детское,0,Estimation,99230141,3258217278,26.02.2021 01:35:54
202110,FMCG,FMCG nonfood,Электроника детская,0,Estimation,1275461944,1724250700,26.02.2021 00:57:31
202110,FMCG,FMCG nonfood,Электроника детская,1,Estimation,771280227,1657675364,26.02.2021 01:04:22
202110,FMCG,FMCG nonfood,Детская продукция,0,Estimation,2277705030,3361490709,26.02.2021 01:35:54
202110,FMCG,FMCG nonfood,Бытовая химия,0,Estimation,3285453219,3434734847,26.02.2021 01:05:34
202110,FMCG,FMCG nonfood,Уход и гигиена,0,Estimation,24217653,1743811690,26.02.2021 01:35:54
202110,FMCG,FMCG nonfood,Кормление детское,0,Estimation,3220330943,916920334,26.02.2021 01:05:34
202110,FMCG,FMCG nonfood,Личная гигиена,0,Estimation,4136928266,489588210,26.02.2021 00:57:31
202110,FMCG,FMCG nonfood,Уход и гигиена,0,Estimation,679831392,3858213529,26.02.2021 01:05:34
202110,FMCG,FMCG nonfood,Детская продукция,0,Estimation,83977880,2341876967,26.02.2021 01:05:34
202110,FMCG,FMCG nonfood,Бытовая химия,0,Estimation,2070316728,179704553,26.02.2021 01:35:54
202110,FMCG,FMCG nonfood,Бритвы и лезвия,1,Estimation,4192308653,2404580597,26.02.2021 01:04:22
202110,FMCG,FMCG nonfood,Бритвы и лезвия,0,Estimation,3091720538,4289424242,26.02.2021 00:57:31
202110,FMCG,FMCG nonfood,Детская продукция,1,Estimation,2418983534,1374937993,26.02.2021 01:04:22
202110,FMCG,FMCG nonfood,Личная гигиена,1,Estimation,2295250569,3522032920,26.02.2021 01:04:22
202110,FMCG,FMCG nonfood,Кормление детское,1,Estimation,2200667351,489452830,26.02.2021 01:04:22
202110,FMCG,FMCG nonfood,Электроника детская,0,Estimation,1562388793,3393343855,26.02.2021 01:05:34
202110,FMCG,FMCG nonfood,Электроника детская,0,Estimation,1104233095,3806620584,26.02.2021 01:35:54
202110,FMCG,FMCG nonfood,Бытовая химия,0,Estimation,110317649,2382407619,26.02.2021 00:57:31
202110,FMCG,FMCG nonfood,Электроника детская,0,Estimation,131296693,121987023,26.01.2021 01:35:54
202110,FMCG,FMCG nonfood,Электроника детская,0,Estimation,508920940,145426926,26.01.2021 00:57:31
202110,FMCG,FMCG nonfood,Уход и гигиена,0,Estimation,2507529361,3995614698,26.01.2021 01:05:34
202110,FMCG,FMCG nonfood,Кормление детское,0,Estimation,598865720,2520329626,26.01.2021 01:35:54
202110,FMCG,FMCG nonfood,Детская продукция,0,Estimation,121885200,1445889310,26.01.2021 01:35:54
202110,FMCG,FMCG nonfood,Уход и гигиена,1,Estimation,1836726883,938298326,26.01.2021 01:04:22
202110,FMCG,FMCG nonfood,Бытовая химия,0,Estimation,542643360,3455515485,26.01.2021 00:57:31
202110,FMCG,FMCG nonfood,Электроника детская,1,Estimation,3454621672,1566918529,26.01.2021 01:04:22
202110,FMCG,FMCG nonfood,Кормление детское,1,Estimation,931954921,3977361068,26.01.2021 01:04:22
202110,FMCG,FMCG nonfood,Бытовая химия,0,Estimation,2321543128,1119987373,26.01.2021 01:05:34
202110,FMCG,FMCG nonfood,Детская продукция,1,Estimation,1492469767,11286150,26.01.2021 01:04:22
202110,FMCG,FMCG nonfood,Уход и гигиена,0,Estimation,373637182,1774974770,26.01.2021 01:35:54
202110,FMCG,FMCG nonfood,Электроника детская,0,Estimation,43798713,1012668013,26.01.2021 01:05:34
202110,FMCG,FMCG nonfood,Уход и гигиена,0,Estimation,1922428463,2371922353,26.01.2021 00:57:31
202110,FMCG,FMCG nonfood,Личная гигиена,0,Estimation,3263883942,1286899141,26.01.2021 01:05:34
202110,FMCG,FMCG nonfood,Бритвы и лезвия,1,Estimation,3108409730,3800071839,26.01.2021 01:04:22
202110,FMCG,FMCG nonfood,Бритвы и лезвия,0,Estimation,1988903240,817244971,26.01.2021 00:57:31
202110,FMCG,FMCG nonfood,Детская продукция,0,Estimation,3614416345,1724777099,26.01.2021 01:05:34
202110,FMCG,FMCG nonfood,Бритвы и лезвия,0,Estimation,3350135618,3281210105,26.01.2021 01:35:54
202110,FMCG,FMCG nonfood,Кормление детское,0,Estimation,2410359470,678836452,26.01.2021 01:05:34
202110,FMCG,FMCG nonfood,Бытовая химия,1,Estimation,3077256236,1802466055,26.01.2021 01:04:22
202110,FMCG,FMCG nonfood,Кормление детское,0,Estimation,4117240860,1990592703,26.01.2021 00:57:31
202110,FMCG,FMCG nonfood,Бритвы и лезвия,0,Estimation,2253276326,1171237721,26.01.2021 01:05:34
202110,FMCG,FMCG nonfood,Детская продукция,0,Estimation,2073916576,3125470976,26.01.2021 00:57:31
202110,FMCG,FMCG nonfood,Бытовая химия,0,Estimation,3252895616,2091876986,26.01.2021 01:35:54
202110,FMCG,FMCG nonfood,Личная гигиена,0,Estimation,2928026926,639794543,26.01.2021 00:57:31
202110,FMCG,FMCG nonfood,Личная гигиена,1,Estimation,1015866969,1728932595,26.01.2021 01:04:22
202110,FMCG,FMCG nonfood,Личная гигиена,0,Estimation,3664738636,2630517527,26.01.2021 01:35:54
202110,FMCG,Food,Бакалея,0,Estimation,1467147891,3683906921,26.02.2021 01:35:54
202110,FMCG,Food,Напитки,0,Estimation,577577502,4027354697,26.02.2021 00:31:30
202110,FMCG,Food,Молекулярная кухня,0,Estimation,1786100653,349760015,26.02.2021 00:23:17
202110,FMCG,Food,Детское питание,0,Estimation,4071900891,4282199656,26.02.2021 00:31:30
202110,FMCG,Food,Молочная продукция стерилизованная,0,Estimation,2184399238,3440734915,26.02.2021 00:23:17
202110,FMCG,Food,Напитки,0,Estimation,4075474325,1915369128,26.02.2021 01:35:54
202110,FMCG,Food,Молочная продукция стерилизованная,1,Estimation,1228442847,4189760987,26.02.2021 00:30:07
202110,FMCG,Food,Детское питание,0,Estimation,8244274,2091012525,26.02.2021 01:35:54
202110,FMCG,Food,Бакалея,0,Estimation,3406584897,1318692032,26.02.2021 00:31:30
202110,FMCG,Food,Кондитерские изделия,0,Estimation,1752581306,3690639976,26.02.2021 00:23:17
202110,FMCG,Food,Молочная продукция стерилизованная,0,Estimation,3358727144,3019539242,26.02.2021 00:31:30
202110,FMCG,Food,Кондитерские изделия,0,Estimation,3456319809,2816756964,26.02.2021 01:35:54
202110,FMCG,Food,Напитки,1,Estimation,4055104640,3518240546,26.02.2021 00:30:07
202110,FMCG,Food,Молекулярная кухня,0,Estimation,2747962263,454411173,26.02.2021 01:35:54
202110,FMCG,Food,Кондитерские изделия,0,Estimation,2537271260,932292892,26.02.2021 00:31:30
202110,FMCG,Food,Кондитерские изделия,1,Estimation,14816837,35039584,26.02.2021 00:30:07
202110,FMCG,Food,Бакалея,0,Estimation,1667716343,3664660894,26.02.2021 00:23:17
202110,FMCG,Food,Молочная продукция стерилизованная,0,Estimation,3365520432,2458967386,26.02.2021 01:35:54
202110,FMCG,Food,Бакалея,1,Estimation,1237212027,3710032831,26.02.2021 00:30:07
202110,FMCG,Food,Детское питание,1,Estimation,2987920812,4215821706,26.02.2021 00:30:07
202110,FMCG,Food,Напитки,0,Estimation,4203101700,1858768256,26.02.2021 00:23:17
202110,FMCG,Food,Детское питание,0,Estimation,2083199271,1541591374,26.02.2021 00:23:17
202110,FMCG,Food,Молочная продукция стерилизованная,1,Estimation,3099720303,3119859466,26.01.2021 00:30:07
202110,FMCG,Food,Кондитерские изделия,0,Estimation,3375180864,345347051,26.01.2021 00:23:17
202110,FMCG,Food,Кондитерские изделия,0,Estimation,911036693,519228978,26.01.2021 01:35:54
202110,FMCG,Food,Молочная продукция стерилизованная,0,Estimation,3004653894,2526395665,26.01.2021 01:35:54
202110,FMCG,Food,Молочная продукция стерилизованная,0,Estimation,4008065481,3972332266,26.01.2021 00:23:17
202110,FMCG,Food,Молекулярная кухня,0,Estimation,1540855669,695793998,26.01.2021 01:35:54
202110,FMCG,Food,Молекулярная кухня,0,Estimation,958679777,4160330770,26.01.2021 00:23:17
202110,FMCG,Food,Молочная продукция стерилизованная,0,Estimation,3918915025,597335307,26.01.2021 00:31:30
202110,FMCG,Food,Кондитерские изделия,1,Estimation,686773010,3432364314,26.01.2021 00:30:07
202110,FMCG,Food,Детское питание,0,Estimation,2628414748,3955088614,26.01.2021 01:35:54
202110,FMCG,Food,Напитки,0,Estimation,2384589323,3379550742,26.01.2021 01:35:54
202110,FMCG,Food,Напитки,0,Estimation,3703639026,2037347815,26.01.2021 00:23:17
202110,FMCG,Food,Детское питание,0,Estimation,400937951,2217901943,26.01.2021 00:23:17
202110,FMCG,Food,Бакалея,1,Estimation,2524657199,1109829754,26.01.2021 00:30:07
202110,FMCG,Food,Бакалея,0,Estimation,1079704454,1907131945,26.01.2021 00:31:30
202110,FMCG,Food,Детское питание,1,Estimation,1529323341,2062490397,26.01.2021 00:30:07
202110,FMCG,Food,Бакалея,0,Estimation,375716459,1073262206,26.01.2021 01:35:54
202110,FMCG,Food,Бакалея,0,Estimation,3314759793,754657315,26.01.2021 00:23:17
202110,FMCG,Food,Напитки,0,Estimation,800209031,999290538,26.01.2021 00:31:30
202110,FMCG,Food,Напитки,1,Estimation,743290020,78566133,26.01.2021 00:30:07
202110,FMCG,Food,Кондитерские изделия,0,Estimation,1322896392,2859444690,26.01.2021 00:31:30
202110,FMCG,Food,Детское питание,0,Estimation,244777283,4054726131,26.01.2021 00:31:30
202110,FMCG,FreshFood,Замороженные продукты,1,Estimation,3403719070,11087307,26.02.2021 00:30:36
202110,FMCG,FreshFood,Напитки Fresh,1,Estimation,3642271557,2259415051,26.02.2021 00:30:36
202110,FMCG,FreshFood,Мясо  птица,1,Estimation,3966636215,3856657344,26.02.2021 00:30:36
202110,FMCG,FreshFood,Мясная гастрономия,1,Estimation,106813809,3854278113,26.02.2021 00:30:36
202110,FMCG,FreshFood,Рыба  морепродукты,1,Estimation,566997658,2585349104,26.02.2021 00:30:36
202110,FMCG,FreshFood,Овощи  фрукты  зелень свежие,1,Estimation,871545503,3971968640,26.02.2021 00:30:36
202110,FMCG,FreshFood,Кулинария и полуфабрикаты Fresh,1,Estimation,155987982,3275342569,26.02.2021 00:30:36
202110,FMCG,FreshFood,Молочная продукция и яйца Fresh,1,Estimation,1307533095,1151663035,26.02.2021 00:30:36
202110,FMCG,FreshFood,Хлебобулочные изделия Fresh,1,Estimation,3504843137,11462904,26.02.2021 00:30:36
202110,FMCG,FreshFood,Растительные аналоги Fresh,1,Estimation,139343247,597187454,26.02.2021 00:30:36
202110,FMCG,FreshFood,Мясная гастрономия,1,Estimation,1063633348,1719380163,26.01.2021 00:30:36
202110,FMCG,FreshFood,Замороженные продукты,1,Estimation,1586381995,580634894,26.01.2021 00:30:36
202110,FMCG,FreshFood,Рыба  морепродукты,1,Estimation,4237636016,2337833551,26.01.2021 00:30:36
202110,FMCG,FreshFood,Растительные аналоги Fresh,1,Estimation,194128419,2091592820,26.01.2021 00:30:36
202110,FMCG,FreshFood,Хлебобулочные изделия Fresh,1,Estimation,4089802426,4229494443,26.01.2021 00:30:36
202110,FMCG,FreshFood,Напитки Fresh,1,Estimation,1726533569,3094236963,26.01.2021 00:30:36
202110,FMCG,FreshFood,Мясо  птица,1,Estimation,2122601964,1278112455,26.01.2021 00:30:36
202110,FMCG,FreshFood,Овощи  фрукты  зелень свежие,1,Estimation,3017436138,4150254780,26.01.2021 00:30:36
202110,FMCG,FreshFood,Кулинария и полуфабрикаты Fresh,1,Estimation,1453817528,1639991009,26.01.2021 00:30:36
202110,FMCG,FreshFood,Молочная продукция и яйца Fresh,1,Estimation,2692804654,1233122056,26.01.2021 00:30:36
202110,FMCG,Moms&Kids,КГТ и спорт для детей,0,Estimation,2056545991,2853773842,25.02.2021 14:13:39
202110,FMCG,Moms&Kids,Игрушки,0,Estimation,1230338547,2776702050,25.02.2021 14:13:39
202110,FMCG,Moms&Kids,Товары для школы  канцелярия  оборудование,0,Estimation,3235272650,1561396179,26.02.2021 01:35:54
202110,FMCG,Moms&Kids,Творчество  хобби и игры,1,Estimation,2671334198,4291960710,25.02.2021 13:53:11
202110,FMCG,Moms&Kids,Творчество  хобби и игры,0,Estimation,2130995913,2769499534,26.02.2021 01:35:54
202110,FMCG,Moms&Kids,Товары для школы  канцелярия  оборудование,0,Estimation,4067072894,3834588885,25.02.2021 14:13:39
202110,FMCG,Moms&Kids,КГТ и спорт для детей,0,Estimation,538307451,2133099371,26.02.2021 01:35:54
202110,FMCG,Moms&Kids,Творчество  хобби и игры,0,Estimation,2160413843,3190837377,25.02.2021 13:53:11
202110,FMCG,Moms&Kids,Игрушки,0,Estimation,1733185349,735697000,26.02.2021 01:35:54
202110,FMCG,Moms&Kids,Творчество  хобби и игры,0,Estimation,875429555,1108359131,25.02.2021 14:13:39
202110,FMCG,Moms&Kids,Товары для школы  канцелярия  оборудование,0,Estimation,4063486727,3390863354,25.02.2021 13:53:11
202110,FMCG,Moms&Kids,КГТ и спорт для детей,1,Estimation,3421039915,2705044937,25.02.2021 13:53:11
202110,FMCG,Moms&Kids,Игрушки,1,Estimation,907926509,2741846387,25.02.2021 13:53:11
202110,FMCG,Moms&Kids,Игрушки,0,Estimation,922830029,3416693200,25.02.2021 13:53:11
202110,FMCG,Moms&Kids,КГТ и спорт для детей,0,Estimation,2241382879,3392893993,25.02.2021 13:53:11
202110,FMCG,Moms&Kids,Товары для школы  канцелярия  оборудование,1,Estimation,1709451221,3905789431,25.02.2021 13:53:11
202110,FMCG,Moms&Kids,Творчество  хобби и игры,0,Estimation,1540925064,3837910504,26.01.2021 01:35:54
202110,FMCG,Moms&Kids,КГТ и спорт для детей,1,Estimation,2627396761,3412575076,25.01.2021 13:53:11
202110,FMCG,Moms&Kids,Игрушки,1,Estimation,3473663774,964972258,25.01.2021 13:53:11
202110,FMCG,Moms&Kids,Игрушки,0,Estimation,1950705924,4041256758,26.01.2021 01:35:54
202110,FMCG,Moms&Kids,КГТ и спорт для детей,0,Estimation,1124243278,360411219,26.01.2021 01:35:54
202110,FMCG,Moms&Kids,Товары для школы  канцелярия  оборудование,0,Estimation,2856145901,2601723773,25.01.2021 13:53:11
202110,FMCG,Moms&Kids,Товары для школы  канцелярия  оборудование,0,Estimation,892051648,3016243499,25.01.2021 14:13:39
202110,FMCG,Moms&Kids,Творчество  хобби и игры,1,Estimation,4274661069,549652826,25.01.2021 13:53:11
202110,FMCG,Moms&Kids,Игрушки,0,Estimation,2874281079,611177482,25.01.2021 14:13:39
202110,FMCG,Moms&Kids,КГТ и спорт для детей,0,Estimation,480703154,3029648876,25.01.2021 14:13:39
202110,FMCG,Moms&Kids,Товары для школы  канцелярия  оборудование,1,Estimation,550207403,3866844910,25.01.2021 13:53:11
202110,FMCG,Moms&Kids,Творчество  хобби и игры,0,Estimation,2200493182,1356076452,25.01.2021 13:53:11
202110,FMCG,Moms&Kids,Игрушки,0,Estimation,4242970342,1470930483,25.01.2021 13:53:11
202110,FMCG,Moms&Kids,Творчество  хобби и игры,0,Estimation,1340711763,2740564195,25.01.2021 14:13:39
202110,FMCG,Moms&Kids,КГТ и спорт для детей,0,Estimation,3585047156,1675721852,25.01.2021 13:53:11
202110,FMCG,Moms&Kids,Товары для школы  канцелярия  оборудование,0,Estimation,3063927814,2257220045,26.01.2021 01:35:54
202110,FMCG,Zoo,Товары для прогулки и дрессировки животных,0,Estimation,3480812564,3233071758,26.02.2021 00:56:14
202110,FMCG,Zoo,Фермерское хозяйство - Корма и кормовые добавки для птицеводства и животноводства,0,Estimation,937909328,3136761681,26.02.2021 01:35:54
202110,FMCG,Zoo,Спальное место животного,0,Estimation,538710178,3637220855,26.02.2021 00:56:14
202110,FMCG,Zoo,Зоокорм  витамины,0,Estimation,1563215118,1695222526,26.02.2021 01:02:02
202110,FMCG,Zoo,Спальное место животного,1,Estimation,2813260757,3648143461,26.02.2021 01:00:04
202110,FMCG,Zoo,Зоокорм  витамины,0,Estimation,1021913788,3457677931,26.02.2021 00:56:14
202110,FMCG,Zoo,Фермерское хозяйство - Содержание  уход птицы и сельскохозяйственных животных,0,Estimation,3218093618,3173431822,26.02.2021 01:35:54
202110,FMCG,Zoo,Гигиена и уход животных,0,Estimation,3578656023,1878590571,26.02.2021 01:35:54
202110,FMCG,Zoo,Фермерское хозяйство - Товары для пчеловодства,0,Estimation,1535588630,2358628728,26.02.2021 01:35:54
202110,FMCG,Zoo,Зоокорм  витамины,1,Estimation,1640919415,1162304634,26.02.2021 01:00:04
202110,FMCG,Zoo,Товары для прогулки и дрессировки животных,1,Estimation,1552537736,3588054629,26.02.2021 01:00:04
202110,FMCG,Zoo,Гигиена и уход животных,0,Estimation,2142768252,442934707,26.02.2021 01:02:02
202110,FMCG,Zoo,Фермерское хозяйство - Оборудование для птицеводства и животноводства,0,Estimation,433114556,777560028,26.02.2021 01:35:54
202110,FMCG,Zoo,Фермерское хозяйство - Оборудование для птицеводства и животноводства,0,Estimation,3019258196,918560560,26.02.2021 00:56:14
202110,FMCG,Zoo,Спальное место животного,0,Estimation,1875405608,3686243570,26.02.2021 01:02:02
202110,FMCG,Zoo,Товары для прогулки и дрессировки животных,0,Estimation,1857051944,2168832492,26.02.2021 01:02:02
202110,FMCG,Zoo,Гигиена и уход животных,0,Estimation,3730169962,3963862694,26.02.2021 00:56:14
202110,FMCG,Zoo,Фермерское хозяйство - Товары для пчеловодства,0,Estimation,1285417789,2023257727,26.02.2021 00:56:14
202110,FMCG,Zoo,Зоокорм  витамины,0,Estimation,4180516849,2046958622,26.02.2021 01:35:54
202110,FMCG,Zoo,Фермерское хозяйство - Содержание  уход птицы и сельскохозяйственных животных,0,Estimation,1681565460,3709315838,26.02.2021 00:56:14
202110,FMCG,Zoo,Гигиена и уход животных,1,Estimation,3116380060,1054811602,26.02.2021 01:00:04
202110,FMCG,Zoo,Спальное место животного,0,Estimation,3016313898,2041428143,26.02.2021 01:35:54
202110,FMCG,Zoo,Товары для прогулки и дрессировки животных,0,Estimation,3187887390,323280063,26.02.2021 01:35:54
202110,FMCG,Zoo,Фермерское хозяйство - Корма и кормовые добавки для птицеводства и животноводства,0,Estimation,1767724672,2717370556,26.02.2021 00:56:14
202110,FMCG,Zoo,Спальное место животного,0,Estimation,667491496,2802444250,26.01.2021 01:35:54
202110,FMCG,Zoo,Фермерское хозяйство - Товары для пчеловодства,0,Estimation,2146542980,4274726039,26.01.2021 00:56:14
202110,FMCG,Zoo,Гигиена и уход животных,0,Estimation,936504153,3537017108,26.01.2021 00:56:14
202110,FMCG,Zoo,Товары для прогулки и дрессировки животных,0,Estimation,2818830832,1681124276,26.01.2021 01:35:54
202110,FMCG,Zoo,Фермерское хозяйство - Содержание  уход птицы и сельскохозяйственных животных,0,Estimation,2284060245,3367486830,26.01.2021 00:56:14
202110,FMCG,Zoo,Гигиена и уход животных,1,Estimation,2120347870,3547965934,26.01.2021 01:00:04
202110,FMCG,Zoo,Фермерское хозяйство - Корма и кормовые добавки для птицеводства и животноводства,0,Estimation,2400734841,3539544845,26.01.2021 00:56:14
202110,FMCG,Zoo,Гигиена и уход животных,0,Estimation,1801594873,470150210,26.01.2021 01:02:02
202110,FMCG,Zoo,Зоокорм  витамины,0,Estimation,473049549,3899656126,26.01.2021 01:02:02
202110,FMCG,Zoo,Зоокорм  витамины,0,Estimation,197765525,3376288337,26.01.2021 01:35:54
202110,FMCG,Zoo,Спальное место животного,0,Estimation,1291582150,569762108,26.01.2021 01:02:02
202110,FMCG,Zoo,Фермерское хозяйство - Содержание  уход птицы и сельскохозяйственных животных,0,Estimation,4287840116,3706918332,26.01.2021 01:35:54
202110,FMCG,Zoo,Зоокорм  витамины,1,Estimation,1543800303,3154654311,26.01.2021 01:00:04
202110,FMCG,Zoo,Товары для прогулки и дрессировки животных,0,Estimation,4252627560,2719641800,26.01.2021 01:02:02
202110,FMCG,Zoo,Товары для прогулки и дрессировки животных,1,Estimation,3451307934,4049686080,26.01.2021 01:00:04
202110,FMCG,Zoo,Зоокорм  витамины,0,Estimation,1183224025,2276852699,26.01.2021 00:56:14
202110,FMCG,Zoo,Товары для прогулки и дрессировки животных,0,Estimation,2451983156,3012440727,26.01.2021 00:56:14
202110,FMCG,Zoo,Фермерское хозяйство - Оборудование для птицеводства и животноводства,0,Estimation,4046392855,440151056,26.01.2021 01:35:54
202110,FMCG,Zoo,Фермерское хозяйство - Товары для пчеловодства,0,Estimation,338644675,4259531283,26.01.2021 01:35:54
202110,FMCG,Zoo,Гигиена и уход животных,0,Estimation,2254589040,2074808360,26.01.2021 01:35:54
202110,FMCG,Zoo,Спальное место животного,0,Estimation,2401452085,2200025368,26.01.2021 00:56:14
202110,FMCG,Zoo,Спальное место животного,1,Estimation,2451786177,3323892651,26.01.2021 01:00:04
202110,FMCG,Zoo,Фермерское хозяйство - Корма и кормовые добавки для птицеводства и животноводства,0,Estimation,57933193,493075353,26.01.2021 01:35:54
202110,FMCG,Zoo,Фермерское хозяйство - Оборудование для птицеводства и животноводства,0,Estimation,2691257770,2790058332,26.01.2021 00:56:14
202111,Beauty,Apparel,Взрослая одежда,0,Estimation,1761739282,55223896,25.02.2021 10:39:58
202111,Beauty,Apparel,Детская обувь,0,Estimation,445194156,2337491012,25.02.2021 10:58:00
202111,Beauty,Apparel,Взрослая одежда,1,Estimation,3358944025,1074115267,24.02.2021 16:27:18
202111,Beauty,Apparel,Аксессуары для взрослых и детей,0,Estimation,1109191696,4286606495,25.02.2021 10:58:00
202111,Beauty,Apparel,Аксессуары для взрослых и детей,0,Estimation,316284814,3459149453,25.02.2021 10:39:58
202111,Beauty,Apparel,Аксессуары для взрослых и детей,1,Estimation,1702061065,563181832,24.02.2021 16:27:18
202111,Beauty,Apparel,Бижутерия и часы бижутерные,0,Estimation,2367235583,58450221,25.02.2021 10:39:58
202111,Beauty,Apparel,Детская обувь,0,Estimation,3873499929,3336557024,25.02.2021 10:39:58
202111,Beauty,Apparel,Взрослая одежда,0,Estimation,1110088571,3864026615,25.02.2021 10:58:00
202111,Beauty,Apparel,Бижутерия и часы бижутерные,0,Estimation,321268956,1546877272,25.02.2021 10:58:00
202111,Beauty,Apparel,Взрослая обувь,0,Estimation,3191830430,3857964028,25.02.2021 10:39:58
202111,Beauty,Apparel,Взрослая обувь,0,Estimation,3724814673,734797154,25.02.2021 10:58:00
202111,Beauty,Apparel,Детская одежда,0,Estimation,3321298954,292577172,25.02.2021 10:58:00
202111,Beauty,Apparel,Детская одежда,0,Estimation,2943257205,1090917923,25.02.2021 10:39:58
202111,Beauty,Apparel,Бижутерия и часы бижутерные,0,Estimation,1241906757,956513596,25.01.2021 10:39:58
202111,Beauty,Apparel,Детская обувь,0,Estimation,2985120434,451402322,25.01.2021 10:58:00
202111,Beauty,Apparel,Детская обувь,0,Estimation,2213162936,2432442850,25.01.2021 10:39:58
202111,Beauty,Apparel,Аксессуары для взрослых и детей,0,Estimation,339265934,2101541061,25.01.2021 10:39:58
202111,Beauty,Apparel,Детская одежда,0,Estimation,2216605907,4150163518,25.01.2021 10:39:58
202111,Beauty,Apparel,Аксессуары для взрослых и детей,1,Estimation,1033205102,2988835448,24.01.2021 16:27:18
202111,Beauty,Apparel,Взрослая обувь,0,Estimation,3950646255,1586234334,25.01.2021 10:39:58
202111,Beauty,Apparel,Взрослая обувь,0,Estimation,3556072075,3371870807,25.01.2021 10:58:00
202111,Beauty,Apparel,Взрослая одежда,1,Estimation,2205496318,158046790,24.01.2021 16:27:18
202111,Beauty,Apparel,Взрослая одежда,0,Estimation,4159506914,3818982732,25.01.2021 10:58:00
202111,Beauty,Apparel,Детская одежда,0,Estimation,507804442,4272426463,25.01.2021 10:58:00
202111,Beauty,Apparel,Взрослая одежда,0,Estimation,3331547766,1183220417,25.01.2021 10:39:58
202111,Beauty,Apparel,Бижутерия и часы бижутерные,0,Estimation,1000134055,2959407831,25.01.2021 10:58:00
202111,Beauty,Apparel,Аксессуары для взрослых и детей,0,Estimation,784507305,1474901822,25.01.2021 10:58:00
202111,Beauty,Health&Beauty,Косметические средства для детей и беременных,0,Estimation,1184119487,3834170368,24.02.2021 11:02:28
202111,Beauty,Health&Beauty,Парфюмерия  ароматерапия,1,Estimation,3494912490,2779543038,24.02.2021 17:44:13
202111,Beauty,Health&Beauty,Косметические аксессуары,0,Estimation,1375302012,1296077244,25.02.2021 20:57:25
202111,Beauty,Health&Beauty,Косметика для ухода за волосами,0,Estimation,1005138566,2376487132,25.02.2021 20:57:25
202111,Beauty,Health&Beauty,Декоративная косметика,0,Estimation,386275526,1080854527,25.02.2021 20:57:25
202111,Beauty,Health&Beauty,Косметическая техника,0,Estimation,2731708779,3544244445,25.02.2021 20:57:25
202111,Beauty,Health&Beauty,Уход и гигиена,1,Estimation,3226111312,84050579,24.02.2021 17:44:13
202111,Beauty,Health&Beauty,Уход и гигиена,0,Estimation,2064323421,624146357,24.02.2021 11:02:28
202111,Beauty,Health&Beauty,Косметическая техника,1,Estimation,1936520123,829029209,24.02.2021 17:44:13
202111,Beauty,Health&Beauty,Косметика для ухода за кожей,0,Estimation,1508746265,1257193186,24.02.2021 11:02:28
202111,Beauty,Health&Beauty,Декоративная косметика,1,Estimation,466536083,194051062,24.02.2021 17:44:13
202111,Beauty,Health&Beauty,Косметика для ухода за кожей,1,Estimation,2475240109,3115203469,24.02.2021 17:44:13
202111,Beauty,Health&Beauty,Косметические аксессуары,1,Estimation,4147468345,2743602038,24.02.2021 17:44:13
202111,Beauty,Health&Beauty,Косметические аксессуары,0,Estimation,474799745,74401650,24.02.2021 11:02:28
202111,Beauty,Health&Beauty,Парфюмерия  ароматерапия,0,Estimation,2724885285,448329394,25.02.2021 20:57:25
202111,Beauty,Health&Beauty,Парфюмерия  ароматерапия,0,Estimation,115224049,3978443044,24.02.2021 11:02:28
202111,Beauty,Health&Beauty,Косметика для ухода за волосами,1,Estimation,2952805049,395286974,24.02.2021 17:44:13
202111,Beauty,Health&Beauty,Косметические средства для детей и беременных,0,Estimation,1941396494,637264551,25.02.2021 20:57:25
202111,Beauty,Health&Beauty,Косметика для ухода за кожей,0,Estimation,2384867066,3261149591,25.02.2021 20:57:25
202111,Beauty,Health&Beauty,Косметика для ухода за волосами,0,Estimation,3314734005,3796293769,24.02.2021 11:02:28
202111,Beauty,Health&Beauty,Декоративная косметика,0,Estimation,1533820,2849242085,24.02.2021 11:02:28
202111,Beauty,Health&Beauty,Косметическая техника,0,Estimation,2902557360,1984484865,24.02.2021 11:02:28
202111,Beauty,Health&Beauty,Косметические средства для детей и беременных,1,Estimation,2251929485,2807062041,24.02.2021 17:44:13
202111,Beauty,Health&Beauty,Уход и гигиена,0,Estimation,3795245415,878884765,25.02.2021 20:57:25
202111,Beauty,Health&Beauty,Парфюмерия  ароматерапия,1,Estimation,3709323845,2205463793,24.01.2021 17:44:13
202111,Beauty,Health&Beauty,Косметические аксессуары,1,Estimation,2090824768,3856227330,24.01.2021 17:44:13
202111,Beauty,Health&Beauty,Косметическая техника,0,Estimation,1109860524,935589644,24.01.2021 11:02:28
202111,Beauty,Health&Beauty,Декоративная косметика,1,Estimation,4119021874,191383069,24.01.2021 17:44:13
202111,Beauty,Health&Beauty,Декоративная косметика,0,Estimation,3298864658,3648272626,24.01.2021 11:02:28
202111,Beauty,Health&Beauty,Косметическая техника,1,Estimation,2150700666,2407223134,24.01.2021 17:44:13
202111,Beauty,Health&Beauty,Косметика для ухода за волосами,0,Estimation,1047504869,2143944304,24.01.2021 11:02:28
202111,Beauty,Health&Beauty,Уход и гигиена,0,Estimation,42123521,2345880314,25.01.2021 20:57:25
202111,Beauty,Health&Beauty,Косметические средства для детей и беременных,1,Estimation,4156450747,2385872046,24.01.2021 17:44:13
202111,Beauty,Health&Beauty,Косметические аксессуары,0,Estimation,4233879497,3724655480,24.01.2021 11:02:28
202111,Beauty,Health&Beauty,Косметика для ухода за кожей,1,Estimation,3135132616,1210148716,24.01.2021 17:44:13
202111,Beauty,Health&Beauty,Косметика для ухода за волосами,1,Estimation,1036097750,3376892235,24.01.2021 17:44:13
202111,Beauty,Health&Beauty,Косметика для ухода за кожей,0,Estimation,1437265156,390719455,24.01.2021 11:02:28
202111,Beauty,Health&Beauty,Уход и гигиена,0,Estimation,1425198709,2777191325,24.01.2021 11:02:28
202111,Beauty,Health&Beauty,Косметика для ухода за волосами,0,Estimation,2539415504,2832801555,25.01.2021 20:57:25
202111,Beauty,Health&Beauty,Декоративная косметика,0,Estimation,1402274563,743525635,25.01.2021 20:57:25
202111,Beauty,Health&Beauty,Косметические средства для детей и беременных,0,Estimation,2323205370,4037104035,24.01.2021 11:02:28
202111,Beauty,Health&Beauty,Косметическая техника,0,Estimation,2820786670,3583556663,25.01.2021 20:57:25
202111,Beauty,Health&Beauty,Уход и гигиена,1,Estimation,293452464,50113151,24.01.2021 17:44:13
202111,Beauty,Health&Beauty,Косметика для ухода за кожей,0,Estimation,3557942282,3504238553,25.01.2021 20:57:25
202111,Beauty,Health&Beauty,Парфюмерия  ароматерапия,0,Estimation,4147238191,3082750728,25.01.2021 20:57:25
202111,Beauty,Health&Beauty,Парфюмерия  ароматерапия,0,Estimation,2905760784,864459324,24.01.2021 11:02:28
202111,Beauty,Health&Beauty,Косметические аксессуары,0,Estimation,3992892097,3544423564,25.01.2021 20:57:25
202111,Beauty,Health&Beauty,Косметические средства для детей и беременных,0,Estimation,3253472687,1210706748,25.01.2021 20:57:25
202111,Beauty,Jewelry,Ювелирные изделия,0,Estimation,3087073405,3189121949,25.02.2021 15:11:04
202111,Beauty,Jewelry,Ювелирные изделия,0,Estimation,1098127554,1972406775,25.01.2021 15:11:04
202111,Beauty,Pharmacy,Оптика,1,Estimation,1435749664,2992492735,24.02.2021 23:38:51
202111,Beauty,Pharmacy,Медицинские изделия,1,Estimation,1579737681,2967434526,24.02.2021 23:38:51
202111,Beauty,Pharmacy,Лекарственные средства для животных,0,Estimation,3078988197,2987306420,20.02.2021 18:23:40
202111,Beauty,Pharmacy,Уход и гигиена,0,Estimation,972706296,3134777644,20.02.2021 18:23:40
202111,Beauty,Pharmacy,Уход и гигиена,1,Estimation,993815017,1815291046,24.02.2021 23:38:51
202111,Beauty,Pharmacy,Парафармацевтика,1,Estimation,3638965740,1049003934,24.02.2021 23:38:51
202111,Beauty,Pharmacy,Медицинские изделия,0,Estimation,1006633840,882882482,20.02.2021 18:23:40
202111,Beauty,Pharmacy,Тату,0,Estimation,2476077267,933737502,20.02.2021 18:23:40
202111,Beauty,Pharmacy,Парафармацевтика,0,Estimation,1426125453,323043923,20.02.2021 18:23:40
202111,Beauty,Pharmacy,Ортопедия и компрессионный трикотаж,0,Estimation,1824001230,1620680208,20.02.2021 18:23:40
202111,Beauty,Pharmacy,Электронные сигареты  парители  кальяны,1,Estimation,3834767157,2917238602,24.02.2021 23:38:51
202111,Beauty,Pharmacy,Электронные сигареты  парители  кальяны,0,Estimation,944765635,2289817682,20.02.2021 18:23:40
202111,Beauty,Pharmacy,Оптика,0,Estimation,3752854669,1239063955,20.02.2021 18:23:40
202111,Beauty,Pharmacy,Ортопедия и компрессионный трикотаж,1,Estimation,3053201240,1676392896,24.02.2021 23:38:51
202111,Beauty,Pharmacy,Витамины и БАДы,1,Estimation,3143270764,2920918533,24.02.2021 23:38:51
202111,Beauty,Pharmacy,Спортивное питание,1,Estimation,4264953665,228358365,24.02.2021 23:38:51
202111,Beauty,Pharmacy,Лекарственные средства,0,Estimation,25824972,495464706,20.02.2021 18:23:40
202111,Beauty,Pharmacy,Профессиональный уход за полостью рта,0,Estimation,4070592166,261787764,20.02.2021 18:23:40
202111,Beauty,Pharmacy,Товары для взрослых,1,Estimation,3721839569,125729114,24.02.2021 23:38:51
202111,Beauty,Pharmacy,Профессиональный уход за полостью рта,1,Estimation,3669946371,178188332,24.02.2021 23:38:51
202111,Beauty,Pharmacy,Средства реабилитации,0,Estimation,2201881474,49762038,20.02.2021 18:23:40
202111,Beauty,Pharmacy,Антибактериальные  дезинфицирующие средства,0,Estimation,2904119769,2186851078,20.02.2021 18:23:40
202111,Beauty,Pharmacy,Медицинская техника,1,Estimation,300846654,773155797,24.02.2021 23:38:51
202111,Beauty,Pharmacy,Лекарственные средства,1,Estimation,2010392785,2247596602,24.02.2021 23:38:51
202111,Beauty,Pharmacy,Спортивное питание,0,Estimation,1513207378,1184198195,20.02.2021 18:23:40
202111,Beauty,Pharmacy,Витамины и БАДы,0,Estimation,2571287919,1486592444,20.02.2021 18:23:40
202111,Beauty,Pharmacy,Средства реабилитации,1,Estimation,363625254,3104573656,24.02.2021 23:38:51
202111,Beauty,Pharmacy,Медицинская техника,0,Estimation,178205709,731849741,20.02.2021 18:23:40
202111,Beauty,Pharmacy,Антибактериальные  дезинфицирующие средства,1,Estimation,1992046172,690300839,24.02.2021 23:38:51
202111,Beauty,Pharmacy,Товары для взрослых,0,Estimation,3932954583,2819393043,20.02.2021 18:23:40
202111,Beauty,Pharmacy,Лекарственные средства,1,Estimation,3197629567,3715927063,24.01.2021 23:38:51
202111,Beauty,Pharmacy,Уход и гигиена,0,Estimation,1684594545,1987281576,20.01.2021 18:23:40
202111,Beauty,Pharmacy,Средства реабилитации,1,Estimation,991872006,3183799701,24.01.2021 23:38:51
202111,Beauty,Pharmacy,Антибактериальные  дезинфицирующие средства,1,Estimation,1670186973,3338366860,24.01.2021 23:38:51
202111,Beauty,Pharmacy,Спортивное питание,0,Estimation,1802497977,3944160867,20.01.2021 18:23:40
202111,Beauty,Pharmacy,Уход и гигиена,1,Estimation,36229291,238624431,24.01.2021 23:38:51
202111,Beauty,Pharmacy,Оптика,0,Estimation,296579135,2171969165,20.01.2021 18:23:40
202111,Beauty,Pharmacy,Электронные сигареты  парители  кальяны,0,Estimation,1153721911,1524649756,20.01.2021 18:23:40
202111,Beauty,Pharmacy,Антибактериальные  дезинфицирующие средства,0,Estimation,4028908897,1304367631,20.01.2021 18:23:40
202111,Beauty,Pharmacy,Спортивное питание,1,Estimation,1260713985,3405131240,24.01.2021 23:38:51
202111,Beauty,Pharmacy,Медицинские изделия,1,Estimation,1855068019,4096574891,24.01.2021 23:38:51
202111,Beauty,Pharmacy,Парафармацевтика,1,Estimation,2743452398,3100799128,24.01.2021 23:38:51
202111,Beauty,Pharmacy,Медицинские изделия,0,Estimation,1271130389,2205784932,20.01.2021 18:23:40
202111,Beauty,Pharmacy,Оптика,1,Estimation,3201981518,1026363148,24.01.2021 23:38:51
202111,Beauty,Pharmacy,Тату,0,Estimation,867383392,3486851369,20.01.2021 18:23:40
202111,Beauty,Pharmacy,Парафармацевтика,0,Estimation,3981754515,3509343107,20.01.2021 18:23:40
202111,Beauty,Pharmacy,Лекарственные средства,0,Estimation,4231561423,1126428622,20.01.2021 18:23:40
202111,Beauty,Pharmacy,Средства реабилитации,0,Estimation,3414107295,45072578,20.01.2021 18:23:40
202111,Beauty,Pharmacy,Медицинская техника,0,Estimation,3800501527,3273455659,20.01.2021 18:23:40
202111,Beauty,Pharmacy,Товары для взрослых,0,Estimation,2030061774,1692732863,20.01.2021 18:23:40
202111,Beauty,Pharmacy,Ортопедия и компрессионный трикотаж,1,Estimation,3115616175,830583391,24.01.2021 23:38:51
202111,Beauty,Pharmacy,Медицинская техника,1,Estimation,1665099259,1229345287,24.01.2021 23:38:51
202111,Beauty,Pharmacy,Витамины и БАДы,0,Estimation,3369309227,2274015833,20.01.2021 18:23:40
202111,Beauty,Pharmacy,Ортопедия и компрессионный трикотаж,0,Estimation,2442413705,2797268264,20.01.2021 18:23:40
202111,Beauty,Pharmacy,Профессиональный уход за полостью рта,0,Estimation,1678068644,3338744138,20.01.2021 18:23:40
202111,Beauty,Pharmacy,Лекарственные средства для животных,0,Estimation,2642609659,2489996388,20.01.2021 18:23:40
202111,Beauty,Pharmacy,Товары для взрослых,1,Estimation,628148184,1446246639,24.01.2021 23:38:51
202111,Beauty,Pharmacy,Профессиональный уход за полостью рта,1,Estimation,11497458,1340314961,24.01.2021 23:38:51
202111,Beauty,Pharmacy,Электронные сигареты  парители  кальяны,1,Estimation,2506980716,2180858846,24.01.2021 23:38:51
202111,Beauty,Pharmacy,Витамины и БАДы,1,Estimation,1850511661,1822582212,24.01.2021 23:38:51
202111,ES + Home,Auto&Moto,Автомобили и мототехника,0,Estimation,3653101418,2735453602,18.02.2021 14:15:16
202111,ES + Home,Auto&Moto,Автоинструменты и гаражное оборудование,0,Estimation,804064742,371233557,18.02.2021 14:15:16
202111,ES + Home,Auto&Moto,Масла и автохимия,1,Estimation,2259196300,280386604,18.02.2021 14:15:16
202111,ES + Home,Auto&Moto,Дополнительное оборудование для авто и мото техники,0,Estimation,4219451143,1846775689,18.02.2021 14:15:16
202111,ES + Home,Auto&Moto,Автоинструменты и гаражное оборудование,1,Estimation,2649601151,1744349336,18.02.2021 14:15:16
202111,ES + Home,Auto&Moto,Масла и автохимия,0,Estimation,1273606984,2189393747,18.02.2021 14:15:16
202111,ES + Home,Auto&Moto,Универсальные авто и мото аксессуары,0,Estimation,483627316,714218445,17.02.2021 18:25:32
202111,ES + Home,Auto&Moto,Авто и мото запчасти,0,Estimation,1819117883,3970659492,17.02.2021 18:25:32
202111,ES + Home,Auto&Moto,Шины и диски,0,Estimation,1800384569,3139292675,18.02.2021 14:15:16
202111,ES + Home,Auto&Moto,Автомобили и мототехника,0,Estimation,1744575313,3208430527,17.02.2021 18:25:32
202111,ES + Home,Auto&Moto,Авто и мото запчасти,0,Estimation,2979607888,263133028,18.02.2021 14:15:16
202111,ES + Home,Auto&Moto,Универсальные авто и мото аксессуары,0,Estimation,3510299159,3962040514,18.02.2021 14:15:16
202111,ES + Home,Auto&Moto,Авто и мото запчасти,1,Estimation,2533323702,3289554895,18.02.2021 14:15:16
202111,ES + Home,Auto&Moto,Автоинструменты и гаражное оборудование,0,Estimation,4122121227,630727910,17.02.2021 18:25:32
202111,ES + Home,Auto&Moto,Шины и диски,0,Estimation,1028527316,2688414467,17.02.2021 18:25:32
202111,ES + Home,Auto&Moto,Масла и автохимия,0,Estimation,4197531739,3537707479,17.02.2021 18:25:32
202111,ES + Home,Auto&Moto,Универсальные авто и мото аксессуары,1,Estimation,2757815287,4217074532,18.02.2021 14:15:16
202111,ES + Home,Auto&Moto,Дополнительное оборудование для авто и мото техники,0,Estimation,4161473766,2944148694,17.02.2021 18:25:32
202111,ES + Home,Auto&Moto,Универсальные авто и мото аксессуары,1,Estimation,37586449,2053198832,18.01.2021 14:15:16
202111,ES + Home,Auto&Moto,Авто и мото запчасти,0,Estimation,1156339426,3291783078,18.01.2021 14:15:16
202111,ES + Home,Auto&Moto,Универсальные авто и мото аксессуары,0,Estimation,2885023616,364637572,17.01.2021 18:25:32
202111,ES + Home,Auto&Moto,Авто и мото запчасти,0,Estimation,2220525061,1911778761,17.01.2021 18:25:32
202111,ES + Home,Auto&Moto,Универсальные авто и мото аксессуары,0,Estimation,642976009,2402282814,18.01.2021 14:15:16
202111,ES + Home,Auto&Moto,Авто и мото запчасти,1,Estimation,4236534924,3154279113,18.01.2021 14:15:16
202111,ES + Home,Auto&Moto,Масла и автохимия,0,Estimation,1675636455,2907809720,17.01.2021 18:25:32
202111,ES + Home,Auto&Moto,Дополнительное оборудование для авто и мото техники,0,Estimation,3687238992,343664863,17.01.2021 18:25:32
202111,ES + Home,Auto&Moto,Автомобили и мототехника,0,Estimation,129059275,126128615,18.01.2021 14:15:16
202111,ES + Home,Auto&Moto,Автомобили и мототехника,0,Estimation,1198587573,1926994730,17.01.2021 18:25:32
202111,ES + Home,Auto&Moto,Автоинструменты и гаражное оборудование,0,Estimation,2071287764,990503082,17.01.2021 18:25:32
202111,ES + Home,Auto&Moto,Шины и диски,0,Estimation,3484679138,192919689,18.01.2021 14:15:16
202111,ES + Home,Auto&Moto,Автоинструменты и гаражное оборудование,0,Estimation,3322221052,3013955778,18.01.2021 14:15:16
202111,ES + Home,Auto&Moto,Шины и диски,0,Estimation,1144018792,1509733421,17.01.2021 18:25:32
202111,ES + Home,Auto&Moto,Масла и автохимия,1,Estimation,3050579020,1627626764,18.01.2021 14:15:16
202111,ES + Home,Auto&Moto,Дополнительное оборудование для авто и мото техники,0,Estimation,3717242706,3817806358,18.01.2021 14:15:16
202111,ES + Home,Auto&Moto,Автоинструменты и гаражное оборудование,1,Estimation,2033049847,4043469340,18.01.2021 14:15:16
202111,ES + Home,Auto&Moto,Масла и автохимия,0,Estimation,1729725207,3691707244,18.01.2021 14:15:16
202111,ES + Home,Books,Second-hand книга,1,Estimation,2120711078,882132004,16.02.2021 18:29:37
202111,ES + Home,Books,Second-hand книга,0,Estimation,1009352620,2012518336,16.02.2021 18:01:08
202111,ES + Home,Books,Учебная литература,0,Estimation,1651519140,429844051,16.02.2021 18:01:08
202111,ES + Home,Books,Художественная литература,0,Estimation,2511390869,3240560723,16.02.2021 18:01:08
202111,ES + Home,Books,Календари,0,Estimation,2751949945,2294058502,16.02.2021 18:01:08
202111,ES + Home,Books,Современные листовые издания,0,Estimation,614066820,1096137424,16.02.2021 18:01:08
202111,ES + Home,Books,Цифровая книга,0,Estimation,711982335,2403619382,16.02.2021 18:01:08
202111,ES + Home,Books,Книга по требованию,0,Estimation,3615220478,3993112473,16.02.2021 18:01:08
202111,ES + Home,Books,Манга,1,Estimation,486155567,3445798790,16.02.2021 18:29:37
202111,ES + Home,Books,Букинистическое издание,0,Estimation,536952175,3582240387,16.02.2021 18:01:08
202111,ES + Home,Books,Блокноты с ISBN,1,Estimation,3656919576,2554109123,16.02.2021 18:29:37
202111,ES + Home,Books,Комиксы,0,Estimation,2027899089,3894783816,16.02.2021 18:01:08
202111,ES + Home,Books,Художественная литература,1,Estimation,3435580771,299775908,16.02.2021 18:29:37
202111,ES + Home,Books,Комиксы,1,Estimation,3931763744,3183210286,16.02.2021 18:29:37
202111,ES + Home,Books,Нехудожественная литература,0,Estimation,649036371,3145512262,16.02.2021 18:01:08
202111,ES + Home,Books,Иностранное издание,0,Estimation,3520562467,3519585075,16.02.2021 18:01:08
202111,ES + Home,Books,Литература на иностранном языке,0,Estimation,2996567206,2161755492,16.02.2021 18:01:08
202111,ES + Home,Books,Блокноты с ISBN,0,Estimation,872228295,2833981703,16.02.2021 18:01:08
202111,ES + Home,Books,Антикварное издание,0,Estimation,2417866795,196407669,16.02.2021 18:01:08
202111,ES + Home,Books,Нехудожественная литература,1,Estimation,4280370326,3652430454,16.02.2021 18:29:37
202111,ES + Home,Books,Манга,0,Estimation,718012927,3040501447,16.02.2021 18:01:08
202111,ES + Home,Books,Бизнес-литература,0,Estimation,2944591925,3896057384,16.02.2021 18:01:08
202111,ES + Home,Books,Аудиокнига,0,Estimation,2219126602,2459880201,16.02.2021 18:01:08
202111,ES + Home,Books,Современная печатная книга,1,Estimation,1079757256,4259037026,16.02.2021 18:29:37
202111,ES + Home,Books,Книги детям и родителям,1,Estimation,4087806569,3810917304,16.02.2021 18:29:37
202111,ES + Home,Books,Современные картографические издания,0,Estimation,765926930,2865853134,16.02.2021 18:01:08
202111,ES + Home,Books,Цифровая аудиокнига,0,Estimation,2025733431,3331562799,16.02.2021 18:01:08
202111,ES + Home,Books,Бизнес-литература,1,Estimation,1711572484,1300742002,16.02.2021 18:29:37
202111,ES + Home,Books,Современная печатная книга,0,Estimation,1131225957,1578514714,16.02.2021 18:01:08
202111,ES + Home,Books,Книги детям и родителям,0,Estimation,1997334572,2742000153,16.02.2021 18:01:08
202111,ES + Home,Books,ПО на физических носителях,0,Estimation,3332845186,1231415961,16.02.2021 18:01:08
202111,ES + Home,Books,Блокноты с ISBN,1,Estimation,2393083553,968847270,16.01.2021 18:29:37
202111,ES + Home,Books,Комиксы,1,Estimation,1729224060,962858919,16.01.2021 18:29:37
202111,ES + Home,Books,Современные картографические издания,0,Estimation,281209421,3255295300,16.01.2021 18:01:08
202111,ES + Home,Books,Литература на иностранном языке,0,Estimation,2739578587,1998238625,16.01.2021 18:01:08
202111,ES + Home,Books,Нехудожественная литература,1,Estimation,2925920474,1617353876,16.01.2021 18:29:37
202111,ES + Home,Books,Цифровая аудиокнига,0,Estimation,2112264805,2391356647,16.01.2021 18:01:08
202111,ES + Home,Books,Учебная литература,0,Estimation,2981991193,3661764966,16.01.2021 18:01:08
202111,ES + Home,Books,Second-hand книга,1,Estimation,3295402331,1230980538,16.01.2021 18:29:37
202111,ES + Home,Books,Книги детям и родителям,1,Estimation,3474675173,1786882824,16.01.2021 18:29:37
202111,ES + Home,Books,Современная печатная книга,0,Estimation,653302250,377534953,16.01.2021 18:01:08
202111,ES + Home,Books,Манга,1,Estimation,1381122912,1644629059,16.01.2021 18:29:37
202111,ES + Home,Books,Художественная литература,0,Estimation,4171706147,3690359806,16.01.2021 18:01:08
202111,ES + Home,Books,Художественная литература,1,Estimation,3411912366,245325063,16.01.2021 18:29:37
202111,ES + Home,Books,Цифровая книга,0,Estimation,1245869373,3197051918,16.01.2021 18:01:08
202111,ES + Home,Books,Аудиокнига,0,Estimation,2120853840,337430176,16.01.2021 18:01:08
202111,ES + Home,Books,Блокноты с ISBN,0,Estimation,2495380492,831021638,16.01.2021 18:01:08
202111,ES + Home,Books,Антикварное издание,0,Estimation,3108570950,3635010689,16.01.2021 18:01:08
202111,ES + Home,Books,ПО на физических носителях,0,Estimation,3734562096,120094118,16.01.2021 18:01:08
202111,ES + Home,Books,Календари,0,Estimation,1402699302,4118252803,16.01.2021 18:01:08
202111,ES + Home,Books,Комиксы,0,Estimation,3919522797,1924050521,16.01.2021 18:01:08
202111,ES + Home,Books,Книги детям и родителям,0,Estimation,2588182730,3461231774,16.01.2021 18:01:08
202111,ES + Home,Books,Нехудожественная литература,0,Estimation,671106944,946957107,16.01.2021 18:01:08
202111,ES + Home,Books,Иностранное издание,0,Estimation,1417906050,2610216152,16.01.2021 18:01:08
202111,ES + Home,Books,Современная печатная книга,1,Estimation,609375323,330299612,16.01.2021 18:29:37
202111,ES + Home,Books,Современные листовые издания,0,Estimation,1803468445,826735490,16.01.2021 18:01:08
202111,ES + Home,Books,Книга по требованию,0,Estimation,3394639922,3470151043,16.01.2021 18:01:08
202111,ES + Home,Books,Букинистическое издание,0,Estimation,3128522780,2221148213,16.01.2021 18:01:08
202111,ES + Home,Books,Second-hand книга,0,Estimation,2960865228,883332125,16.01.2021 18:01:08
202111,ES + Home,Books,Бизнес-литература,1,Estimation,770583670,298480424,16.01.2021 18:29:37
202111,ES + Home,Books,Бизнес-литература,0,Estimation,137169468,865173533,16.01.2021 18:01:08
202111,ES + Home,Books,Манга,0,Estimation,3300095144,3531438310,16.01.2021 18:01:08
202111,ES + Home,Digital,Програмное обеспечение Digital,0,Estimation,4235932038,1444213340,25.02.2021 22:27:30
202111,ES + Home,Digital,Програмное обеспечение Digital,0,Estimation,1217228031,2050077724,25.01.2021 22:27:30
202111,ES + Home,DIY,Фильтры для воды,1,Estimation,1471693940,3986637208,18.02.2021 14:45:14
202111,ES + Home,DIY,Ремонт и строительство,0,Estimation,2037180794,1322086008,17.02.2021 18:25:32
202111,ES + Home,DIY,Фильтры для воды,0,Estimation,3227049392,1750988405,18.02.2021 14:45:14
202111,ES + Home,DIY,Сад и огород,0,Estimation,634457677,3196389285,17.02.2021 18:25:32
202111,ES + Home,DIY,Освещение,0,Estimation,3689076783,3306100602,17.02.2021 18:25:32
202111,ES + Home,DIY,Инструменты,0,Estimation,1609730691,1102232521,17.02.2021 18:25:32
202111,ES + Home,DIY,Освещение,0,Estimation,3483181833,38122092,18.02.2021 14:45:14
202111,ES + Home,DIY,Ремонт и строительство,1,Estimation,2879788309,164758620,18.02.2021 14:45:14
202111,ES + Home,DIY,Инструменты,1,Estimation,2397087525,807993562,18.02.2021 14:45:14
202111,ES + Home,DIY,Сантехника,0,Estimation,3042657624,2739866820,17.02.2021 18:25:32
202111,ES + Home,DIY,Инструменты,0,Estimation,2383470887,1707971068,18.02.2021 14:45:14
202111,ES + Home,DIY,Сад и огород,1,Estimation,1654703768,2703090623,18.02.2021 14:45:14
202111,ES + Home,DIY,Сантехника,0,Estimation,390821086,3438176611,18.02.2021 14:45:14
202111,ES + Home,DIY,Сад и огород,0,Estimation,2937617093,1711324024,18.02.2021 14:45:14
202111,ES + Home,DIY,Освещение,1,Estimation,1871081866,1777938715,18.02.2021 14:45:14
202111,ES + Home,DIY,Ремонт и строительство,0,Estimation,2473118020,254792575,18.02.2021 14:45:14
202111,ES + Home,DIY,Фильтры для воды,0,Estimation,1898081530,2885105556,17.02.2021 18:25:32
202111,ES + Home,DIY,Инструменты,0,Estimation,471692004,496017279,17.01.2021 18:25:32
202111,ES + Home,DIY,Фильтры для воды,1,Estimation,3818149299,3864068783,18.01.2021 14:45:14
202111,ES + Home,DIY,Освещение,0,Estimation,886620768,178463724,17.01.2021 18:25:32
202111,ES + Home,DIY,Фильтры для воды,0,Estimation,1903042501,926124391,18.01.2021 14:45:14
202111,ES + Home,DIY,Ремонт и строительство,0,Estimation,296330723,3528344544,17.01.2021 18:25:32
202111,ES + Home,DIY,Сад и огород,0,Estimation,3061250782,1203733298,17.01.2021 18:25:32
202111,ES + Home,DIY,Инструменты,1,Estimation,2096508101,568843847,18.01.2021 14:45:14
202111,ES + Home,DIY,Сантехника,0,Estimation,1854997752,3611906330,17.01.2021 18:25:32
202111,ES + Home,DIY,Сантехника,0,Estimation,1766980369,3285104468,18.01.2021 14:45:14
202111,ES + Home,DIY,Фильтры для воды,0,Estimation,295216185,3174269098,17.01.2021 18:25:32
202111,ES + Home,DIY,Ремонт и строительство,1,Estimation,3317452898,1182606950,18.01.2021 14:45:14
202111,ES + Home,DIY,Освещение,0,Estimation,1721150892,4281128694,18.01.2021 14:45:14
202111,ES + Home,DIY,Инструменты,0,Estimation,900063292,682603135,18.01.2021 14:45:14
202111,ES + Home,DIY,Сад и огород,1,Estimation,1095412925,2094586505,18.01.2021 14:45:14
202111,ES + Home,DIY,Ремонт и строительство,0,Estimation,2324646813,1641144165,18.01.2021 14:45:14
202111,ES + Home,DIY,Освещение,1,Estimation,728364343,1803848658,18.01.2021 14:45:14
202111,ES + Home,DIY,Сад и огород,0,Estimation,1250494235,2873490701,18.01.2021 14:45:14
202111,ES + Home,Furniture,Мебель для сада,0,Estimation,1252442777,3776274367,18.02.2021 14:15:16
202111,ES + Home,Furniture,Столы и стулья,0,Estimation,2302629689,1820836168,18.02.2021 14:15:16
202111,ES + Home,Furniture,Прочая мебель,0,Estimation,3411729093,2341650114,18.02.2021 14:15:16
202111,ES + Home,Furniture,Мягкая мебель,0,Estimation,2430593140,2547616352,17.02.2021 18:25:32
202111,ES + Home,Furniture,Компьютерная и офисная мебель,0,Estimation,43014841,4186129020,18.02.2021 14:15:16
202111,ES + Home,Furniture,Корпусная мебель и мебель для хранения,0,Estimation,3540821912,3167010836,18.02.2021 14:15:16
202111,ES + Home,Furniture,Мебель для сна,0,Estimation,1174416238,3326260564,18.02.2021 14:15:16
202111,ES + Home,Furniture,Мебель для сна,0,Estimation,3739997321,990784381,17.02.2021 18:25:32
202111,ES + Home,Furniture,Компьютерная и офисная мебель,0,Estimation,1971687967,71673694,17.02.2021 18:25:32
202111,ES + Home,Furniture,Столы и стулья,0,Estimation,575590941,3609651547,17.02.2021 18:25:32
202111,ES + Home,Furniture,Мебель для сада,0,Estimation,2515137406,3030521006,17.02.2021 18:25:32
202111,ES + Home,Furniture,Мягкая мебель,0,Estimation,762224229,1915869615,18.02.2021 14:15:16
202111,ES + Home,Furniture,Корпусная мебель и мебель для хранения,0,Estimation,3095855865,2608937741,17.02.2021 18:25:32
202111,ES + Home,Furniture,Прочая мебель,0,Estimation,3109438138,2336617403,17.02.2021 18:25:32
202111,ES + Home,Furniture,Корпусная мебель и мебель для хранения,0,Estimation,3547615510,4023441706,18.01.2021 14:15:16
202111,ES + Home,Furniture,Корпусная мебель и мебель для хранения,0,Estimation,2947997287,3592792706,17.01.2021 18:25:32
202111,ES + Home,Furniture,Мягкая мебель,0,Estimation,2192670352,396187764,18.01.2021 14:15:16
202111,ES + Home,Furniture,Мягкая мебель,0,Estimation,2508073985,1544861400,17.01.2021 18:25:32
202111,ES + Home,Furniture,Компьютерная и офисная мебель,0,Estimation,4238893302,2404547861,18.01.2021 14:15:16
202111,ES + Home,Furniture,Компьютерная и офисная мебель,0,Estimation,2931337435,3641543336,17.01.2021 18:25:32
202111,ES + Home,Furniture,Прочая мебель,0,Estimation,1685962113,3340634735,17.01.2021 18:25:32
202111,ES + Home,Furniture,Мебель для сада,0,Estimation,464853453,1907856350,17.01.2021 18:25:32
202111,ES + Home,Furniture,Столы и стулья,0,Estimation,177178668,3371825117,17.01.2021 18:25:32
202111,ES + Home,Furniture,Мебель для сна,0,Estimation,3188802948,967541403,18.01.2021 14:15:16
202111,ES + Home,Furniture,Мебель для сна,0,Estimation,1535920526,3344128135,17.01.2021 18:25:32
202111,ES + Home,Furniture,Мебель для сада,0,Estimation,4083459889,2065838178,18.01.2021 14:15:16
202111,ES + Home,Furniture,Столы и стулья,0,Estimation,3386099025,2189895391,18.01.2021 14:15:16
202111,ES + Home,Furniture,Прочая мебель,0,Estimation,3003186035,3062989373,18.01.2021 14:15:16
202111,ES + Home,Household,Ритуальные изделия,0,Estimation,3773722666,3924885440,18.02.2021 14:45:14
202111,ES + Home,Household,Кухня,0,Estimation,2644490658,2398237742,17.02.2021 18:25:32
202111,ES + Home,Household,Домашний текстиль,0,Estimation,2508648130,3085431765,17.02.2021 18:25:32
202111,ES + Home,Household,Принадлежности для Нового года,0,Estimation,1633788992,3261052031,17.02.2021 18:25:32
202111,ES + Home,Household,Интерьер и декор,0,Estimation,918164739,1601011201,17.02.2021 18:25:32
202111,ES + Home,Household,Ванная комната,0,Estimation,4241906634,3078503063,17.02.2021 18:25:32
202111,ES + Home,Household,Интерьер и декор,0,Estimation,2794407068,1602026217,18.02.2021 14:45:14
202111,ES + Home,Household,Принадлежности для Нового года,1,Estimation,1836012711,1838589101,17.02.2021 18:25:32
202111,ES + Home,Household,Аксессуары для уборки и стирки,0,Estimation,2066644866,4178100230,17.02.2021 18:25:32
202111,ES + Home,Household,Антиквариат Хоум Декор,0,Estimation,1514707682,2765209432,17.02.2021 18:25:32
202111,ES + Home,Household,Хранение,0,Estimation,3016980316,4208668560,17.02.2021 18:25:32
202111,ES + Home,Household,Принадлежности для Нового года,1,Estimation,1137902287,463702335,18.02.2021 14:45:14
202111,ES + Home,Household,Домашний текстиль,1,Estimation,3705012898,3489897040,18.02.2021 14:45:14
202111,ES + Home,Household,Аксессуары для уборки и стирки,1,Estimation,361380109,2345166930,18.02.2021 14:45:14
202111,ES + Home,Household,Кухня,1,Estimation,2492062408,3553972714,18.02.2021 14:45:14
202111,ES + Home,Household,Хранение,0,Estimation,2399786360,4095456029,18.02.2021 14:45:14
202111,ES + Home,Household,Аксессуары для уборки и стирки,0,Estimation,2710627886,1756886514,18.02.2021 14:45:14
202111,ES + Home,Household,Интерьер и декор,1,Estimation,1173597497,3380907754,18.02.2021 14:45:14
202111,ES + Home,Household,Антиквариат Хоум Декор,0,Estimation,1233228198,3084433619,18.02.2021 14:45:14
202111,ES + Home,Household,Кухня,0,Estimation,695382596,3568927885,18.02.2021 14:45:14
202111,ES + Home,Household,Ритуальные изделия,0,Estimation,668652674,1941498063,17.02.2021 18:25:32
202111,ES + Home,Household,Ванная комната,0,Estimation,2166320281,167075076,18.02.2021 14:45:14
202111,ES + Home,Household,Домашний текстиль,0,Estimation,1880346868,2482146291,18.02.2021 14:45:14
202111,ES + Home,Household,Принадлежности для Нового года,0,Estimation,2645097026,379918130,18.02.2021 14:45:14
202111,ES + Home,Household,Антиквариат Хоум Декор,0,Estimation,1685436858,3125652597,17.01.2021 18:25:32
202111,ES + Home,Household,Интерьер и декор,0,Estimation,685436106,437635171,18.01.2021 14:45:14
202111,ES + Home,Household,Интерьер и декор,0,Estimation,950401389,2145995797,17.01.2021 18:25:32
202111,ES + Home,Household,Аксессуары для уборки и стирки,0,Estimation,2471712108,2617979021,17.01.2021 18:25:32
202111,ES + Home,Household,Ритуальные изделия,0,Estimation,644791256,941092861,18.01.2021 14:45:14
202111,ES + Home,Household,Хранение,0,Estimation,370933100,3694125975,17.01.2021 18:25:32
202111,ES + Home,Household,Принадлежности для Нового года,1,Estimation,2280599016,582422462,17.01.2021 18:25:32
202111,ES + Home,Household,Принадлежности для Нового года,0,Estimation,1170612888,3134437117,17.01.2021 18:25:32
202111,ES + Home,Household,Домашний текстиль,0,Estimation,738619612,1015215768,17.01.2021 18:25:32
202111,ES + Home,Household,Ванная комната,0,Estimation,1212159139,52503565,17.01.2021 18:25:32
202111,ES + Home,Household,Кухня,0,Estimation,3448383871,3528365930,17.01.2021 18:25:32
202111,ES + Home,Household,Аксессуары для уборки и стирки,1,Estimation,2344809038,1161779556,18.01.2021 14:45:14
202111,ES + Home,Household,Кухня,1,Estimation,2826373283,491965860,18.01.2021 14:45:14
202111,ES + Home,Household,Принадлежности для Нового года,1,Estimation,3556078446,1035949687,18.01.2021 14:45:14
202111,ES + Home,Household,Домашний текстиль,1,Estimation,741765689,4154872629,18.01.2021 14:45:14
202111,ES + Home,Household,Аксессуары для уборки и стирки,0,Estimation,3051584809,4009834293,18.01.2021 14:45:14
202111,ES + Home,Household,Антиквариат Хоум Декор,0,Estimation,2799297230,3399832265,18.01.2021 14:45:14
202111,ES + Home,Household,Хранение,0,Estimation,2369680937,2347428455,18.01.2021 14:45:14
202111,ES + Home,Household,Ритуальные изделия,0,Estimation,4246505827,3836884841,17.01.2021 18:25:32
202111,ES + Home,Household,Кухня,0,Estimation,3190012545,4240163510,18.01.2021 14:45:14
202111,ES + Home,Household,Домашний текстиль,0,Estimation,346820307,3557174455,18.01.2021 14:45:14
202111,ES + Home,Household,Принадлежности для Нового года,0,Estimation,2836123809,3989279515,18.01.2021 14:45:14
202111,ES + Home,Household,Ванная комната,0,Estimation,3117042776,2141523501,18.01.2021 14:45:14
202111,ES + Home,Household,Интерьер и декор,1,Estimation,712173269,4085130918,18.01.2021 14:45:14
202111,ES + Home,Laptops & Computers,Компьютерная периферия Lap&Comp,1,Estimation,3455812020,4072910724,17.02.2021 13:05:08
202111,ES + Home,Laptops & Computers,Домашняя Аудио и Видеотехника Lap&Comp,0,Estimation,1459352372,630416672,17.02.2021 13:05:08
202111,ES + Home,Laptops & Computers,Компьютеры Lap&Comp,0,Estimation,3846013053,2599031985,17.02.2021 13:05:08
202111,ES + Home,Laptops & Computers,Расходный материал для электроники Lap&Comp,1,Estimation,3311888874,2209583196,17.02.2021 13:05:08
202111,ES + Home,Laptops & Computers,Компьютерная офисная техника Lap&Comp,0,Estimation,4267147821,2619331014,17.02.2021 13:05:08
202111,ES + Home,Laptops & Computers,Компьютеры Lap&Comp,1,Estimation,920901982,1825567341,17.02.2021 13:05:08
202111,ES + Home,Laptops & Computers,Расходный материал для электроники Lap&Comp,0,Estimation,519270149,4269643904,17.02.2021 13:05:08
202111,ES + Home,Laptops & Computers,Компьютерная периферия Lap&Comp,0,Estimation,1787360076,3912154707,17.02.2021 13:05:08
202111,ES + Home,Laptops & Computers,Расходный материал для электроники Lap&Comp,1,Estimation,1723176968,3257226254,17.01.2021 13:05:08
202111,ES + Home,Laptops & Computers,Компьютерная офисная техника Lap&Comp,0,Estimation,325611048,3812192761,17.01.2021 13:05:08
202111,ES + Home,Laptops & Computers,Компьютерная периферия Lap&Comp,0,Estimation,3159210105,3567048688,17.01.2021 13:05:08
202111,ES + Home,Laptops & Computers,Расходный материал для электроники Lap&Comp,0,Estimation,1731921382,1469184003,17.01.2021 13:05:08
202111,ES + Home,Laptops & Computers,Компьютеры Lap&Comp,0,Estimation,3649222452,269922053,17.01.2021 13:05:08
202111,ES + Home,Laptops & Computers,Компьютеры Lap&Comp,1,Estimation,3104241346,4184937364,17.01.2021 13:05:08
202111,ES + Home,Laptops & Computers,Домашняя Аудио и Видеотехника Lap&Comp,0,Estimation,2467801665,1253320010,17.01.2021 13:05:08
202111,ES + Home,Laptops & Computers,Компьютерная периферия Lap&Comp,1,Estimation,506264401,470773368,17.01.2021 13:05:08
202111,ES + Home,Major Domestic Appliances,Крупная бытовая техника MDA,0,Estimation,2861075650,1792743647,16.02.2021 17:46:45
202111,ES + Home,Major Domestic Appliances,Крупная бытовая техника MDA,0,Estimation,1786496224,4050575795,16.01.2021 17:46:45
202111,ES + Home,Miscellaneous accessories,Автомобильная техника Access,0,Estimation,3672861510,4046773564,17.02.2021 18:25:32
202111,ES + Home,Miscellaneous accessories,Домашняя Аудио и Видеотехника Access,0,Estimation,1383580303,561294039,17.02.2021 18:25:32
202111,ES + Home,Miscellaneous accessories,Электронные товары хобби и отдых Access,0,Estimation,3951487196,1901875736,17.02.2021 18:25:32
202111,ES + Home,Miscellaneous accessories,Средства связи Access,0,Estimation,981436703,2794556546,17.02.2021 18:25:32
202111,ES + Home,Miscellaneous accessories,Фото и видео Access,0,Estimation,2681863234,2879940434,17.02.2021 18:25:32
202111,ES + Home,Miscellaneous accessories,Оборудование Access,0,Estimation,1913190266,3978280187,17.02.2021 18:25:32
202111,ES + Home,Miscellaneous accessories,Электропитание Access,1,Estimation,1246148676,3353680941,17.02.2021 18:25:32
202111,ES + Home,Miscellaneous accessories,Фото и видео Access,1,Estimation,3662376612,3713119868,17.02.2021 18:25:32
202111,ES + Home,Miscellaneous accessories,Электропитание Access,0,Estimation,3613678840,1221666966,17.02.2021 18:25:32
202111,ES + Home,Miscellaneous accessories,Средства связи Access,1,Estimation,3843460829,2848036282,17.02.2021 18:25:32
202111,ES + Home,Miscellaneous accessories,Расходный материал для электроники Access,0,Estimation,2599053947,2532903805,17.02.2021 18:25:32
202111,ES + Home,Miscellaneous accessories,Игровые приставки и аксессуары Access,0,Estimation,3307915627,2372999532,17.02.2021 18:25:32
202111,ES + Home,Miscellaneous accessories,Компьютеры Access,1,Estimation,3214582104,2176022349,17.02.2021 18:25:32
202111,ES + Home,Miscellaneous accessories,Бытовая техника Access,1,Estimation,2492465981,83245169,17.02.2021 18:25:32
202111,ES + Home,Miscellaneous accessories,Компьютеры Access,0,Estimation,2216513576,3436635656,17.02.2021 18:25:32
202111,ES + Home,Miscellaneous accessories,Компьютерная периферия Access,0,Estimation,2851897131,1799496752,17.02.2021 18:25:32
202111,ES + Home,Miscellaneous accessories,Расходный материал для электроники Access,1,Estimation,3804730767,327326742,17.02.2021 18:25:32
202111,ES + Home,Miscellaneous accessories,Игровые приставки и аксессуары Access,1,Estimation,1458656252,2852009877,17.02.2021 18:25:32
202111,ES + Home,Miscellaneous accessories,Бытовая техника Access,0,Estimation,3944684850,2043329571,17.02.2021 18:25:32
202111,ES + Home,Miscellaneous accessories,Домашняя Аудио и Видеотехника Access,1,Estimation,3069489815,2395193315,17.02.2021 18:25:32
202111,ES + Home,Miscellaneous accessories,Компьютерная периферия Access,1,Estimation,2005408409,2911578562,17.02.2021 18:25:32
202111,ES + Home,Miscellaneous accessories,Средства связи Access,1,Estimation,759193867,4099675445,17.01.2021 18:25:32
202111,ES + Home,Miscellaneous accessories,Электропитание Access,0,Estimation,2701955170,3495754711,17.01.2021 18:25:32
202111,ES + Home,Miscellaneous accessories,Электропитание Access,1,Estimation,3836989938,1177329964,17.01.2021 18:25:32
202111,ES + Home,Miscellaneous accessories,Фото и видео Access,1,Estimation,2673307304,3273222756,17.01.2021 18:25:32
202111,ES + Home,Miscellaneous accessories,Домашняя Аудио и Видеотехника Access,0,Estimation,1695956695,2867744685,17.01.2021 18:25:32
202111,ES + Home,Miscellaneous accessories,Средства связи Access,0,Estimation,3820388324,2508133013,17.01.2021 18:25:32
202111,ES + Home,Miscellaneous accessories,Автомобильная техника Access,0,Estimation,533343468,3690509114,17.01.2021 18:25:32
202111,ES + Home,Miscellaneous accessories,Фото и видео Access,0,Estimation,530199808,2906583044,17.01.2021 18:25:32
202111,ES + Home,Miscellaneous accessories,Электронные товары хобби и отдых Access,0,Estimation,3276408847,1982671311,17.01.2021 18:25:32
202111,ES + Home,Miscellaneous accessories,Компьютерная периферия Access,1,Estimation,2854030164,2786620808,17.01.2021 18:25:32
202111,ES + Home,Miscellaneous accessories,Бытовая техника Access,0,Estimation,2854105188,590114176,17.01.2021 18:25:32
202111,ES + Home,Miscellaneous accessories,Расходный материал для электроники Access,1,Estimation,542098292,3195996887,17.01.2021 18:25:32
202111,ES + Home,Miscellaneous accessories,Домашняя Аудио и Видеотехника Access,1,Estimation,2408762925,2548190603,17.01.2021 18:25:32
202111,ES + Home,Miscellaneous accessories,Компьютерная периферия Access,0,Estimation,1261622251,857104648,17.01.2021 18:25:32
202111,ES + Home,Miscellaneous accessories,Компьютеры Access,0,Estimation,517890134,80282094,17.01.2021 18:25:32
202111,ES + Home,Miscellaneous accessories,Бытовая техника Access,1,Estimation,2679156345,888878593,17.01.2021 18:25:32
202111,ES + Home,Miscellaneous accessories,Игровые приставки и аксессуары Access,1,Estimation,1635587533,1823040241,17.01.2021 18:25:32
202111,ES + Home,Miscellaneous accessories,Расходный материал для электроники Access,0,Estimation,3181242334,1260123894,17.01.2021 18:25:32
202111,ES + Home,Miscellaneous accessories,Оборудование Access,0,Estimation,209845319,959423293,17.01.2021 18:25:32
202111,ES + Home,Miscellaneous accessories,Компьютеры Access,1,Estimation,3838764942,3217109103,17.01.2021 18:25:32
202111,ES + Home,Miscellaneous accessories,Игровые приставки и аксессуары Access,0,Estimation,3643190709,2181078769,17.01.2021 18:25:32
202111,ES + Home,Small Domestic Appliances,Мелкая бытовая техника SDA,0,Estimation,933402450,1740905635,18.02.2021 14:45:14
202111,ES + Home,Small Domestic Appliances,Оборудование SDA,0,Estimation,3523515284,2334401411,17.02.2021 18:25:32
202111,ES + Home,Small Domestic Appliances,Мелкая бытовая техника SDA,0,Estimation,3599254710,2542221100,17.02.2021 18:25:32
202111,ES + Home,Small Domestic Appliances,Мелкая бытовая техника SDA,1,Estimation,2601907419,1450849196,18.02.2021 14:45:14
202111,ES + Home,Small Domestic Appliances,Оборудование SDA,0,Estimation,1344532501,2553441,18.02.2021 14:45:14
202111,ES + Home,Small Domestic Appliances,Мелкая бытовая техника SDA,0,Estimation,3758411109,1399986162,18.01.2021 14:45:14
202111,ES + Home,Small Domestic Appliances,Оборудование SDA,0,Estimation,2376002578,3993762877,17.01.2021 18:25:32
202111,ES + Home,Small Domestic Appliances,Мелкая бытовая техника SDA,0,Estimation,1245226083,3027462035,17.01.2021 18:25:32
202111,ES + Home,Small Domestic Appliances,Мелкая бытовая техника SDA,1,Estimation,2985819067,2760559649,18.01.2021 14:45:14
202111,ES + Home,Small Domestic Appliances,Оборудование SDA,0,Estimation,325679549,2057540469,18.01.2021 14:45:14
202111,ES + Home,Smartphones & Tablets,Компьютеры Smart&Tablets,0,Estimation,383614866,630340673,16.02.2021 18:10:45
202111,ES + Home,Smartphones & Tablets,Средства связи Smart&Tablets,1,Estimation,3528526231,2263988229,16.02.2021 18:29:35
202111,ES + Home,Smartphones & Tablets,Средства связи Smart&Tablets,0,Estimation,1093012191,2307278858,16.02.2021 18:10:45
202111,ES + Home,Smartphones & Tablets,Компьютеры Smart&Tablets,1,Estimation,2938124243,4247721505,16.02.2021 18:29:35
202111,ES + Home,Smartphones & Tablets,Средства связи Smart&Tablets,1,Estimation,2254313074,1112040323,16.01.2021 18:29:35
202111,ES + Home,Smartphones & Tablets,Средства связи Smart&Tablets,0,Estimation,4027593649,2675145207,16.01.2021 18:10:45
202111,ES + Home,Smartphones & Tablets,Компьютеры Smart&Tablets,0,Estimation,4052009116,1859933639,16.01.2021 18:10:45
202111,ES + Home,Smartphones & Tablets,Компьютеры Smart&Tablets,1,Estimation,2625914912,2181101479,16.01.2021 18:29:35
202111,ES + Home,Sport,Зимние виды спорта,0,Estimation,1487438273,2421519429,17.02.2021 18:25:32
202111,ES + Home,Sport,Товары для рыбалки,0,Estimation,2561217294,626020430,17.02.2021 18:25:32
202111,ES + Home,Sport,Туризм,0,Estimation,479898721,2911205190,17.02.2021 18:25:32
202111,ES + Home,Sport,Товары для охоты,0,Estimation,292168769,1031219645,17.02.2021 18:25:32
202111,ES + Home,Sport,Туризм,1,Estimation,851963301,401891034,17.02.2021 18:25:32
202111,ES + Home,Sport,Летние виды спорта,0,Estimation,607025404,1723808299,17.02.2021 18:25:32
202111,ES + Home,Sport,Цирковое искусство,0,Estimation,543791975,782939037,17.02.2021 18:25:32
202111,ES + Home,Sport,Всесезонные виды спорта,1,Estimation,2433866076,528200310,17.02.2021 18:25:32
202111,ES + Home,Sport,Тренажеры и фитнес,1,Estimation,2311588950,3438247741,17.02.2021 18:25:32
202111,ES + Home,Sport,Всесезонные виды спорта,0,Estimation,2168474843,2192957243,17.02.2021 18:25:32
202111,ES + Home,Sport,Тренажеры и фитнес,0,Estimation,3213860791,2262769592,17.02.2021 18:25:32
202111,ES + Home,Sport,Страйкбол и пневматика,0,Estimation,3177795760,3827992858,17.02.2021 18:25:32
202111,ES + Home,Sport,Спортивные аксессуары,0,Estimation,214538545,3288275947,17.02.2021 18:25:32
202111,ES + Home,Sport,Спортивные аксессуары,1,Estimation,3230110238,3894726014,17.02.2021 18:25:32
202111,ES + Home,Sport,Единоборства,0,Estimation,1884380760,2628799208,17.02.2021 18:25:32
202111,ES + Home,Sport,Летние виды спорта,0,Estimation,967382382,3900207229,17.01.2021 18:25:32
202111,ES + Home,Sport,Всесезонные виды спорта,0,Estimation,3024273620,312437049,17.01.2021 18:25:32
202111,ES + Home,Sport,Товары для рыбалки,0,Estimation,4177732823,455608296,17.01.2021 18:25:32
202111,ES + Home,Sport,Всесезонные виды спорта,1,Estimation,2126920426,1630028657,17.01.2021 18:25:32
202111,ES + Home,Sport,Зимние виды спорта,0,Estimation,1247131309,920687124,17.01.2021 18:25:32
202111,ES + Home,Sport,Тренажеры и фитнес,1,Estimation,2715017571,681446154,17.01.2021 18:25:32
202111,ES + Home,Sport,Туризм,1,Estimation,3114431358,4193266028,17.01.2021 18:25:32
202111,ES + Home,Sport,Товары для охоты,0,Estimation,2948715081,3959777419,17.01.2021 18:25:32
202111,ES + Home,Sport,Туризм,0,Estimation,1553039343,3602541317,17.01.2021 18:25:32
202111,ES + Home,Sport,Спортивные аксессуары,1,Estimation,2587314446,2871705372,17.01.2021 18:25:32
202111,ES + Home,Sport,Единоборства,0,Estimation,573866043,3025615262,17.01.2021 18:25:32
202111,ES + Home,Sport,Страйкбол и пневматика,0,Estimation,1248135704,351250332,17.01.2021 18:25:32
202111,ES + Home,Sport,Тренажеры и фитнес,0,Estimation,1382103971,185641159,17.01.2021 18:25:32
202111,ES + Home,Sport,Спортивные аксессуары,0,Estimation,1491681808,531352732,17.01.2021 18:25:32
202111,ES + Home,Sport,Цирковое искусство,0,Estimation,846391347,3632513217,17.01.2021 18:25:32
202111,ES + Home,TV  audio  Hi-Fi & other electronics,Электронные товары хобби и отдых TV&Audio,0,Estimation,682472865,1101189382,18.02.2021 14:45:14
202111,ES + Home,TV  audio  Hi-Fi & other electronics,Автомобильная техника TV&Audio,0,Estimation,530590630,2486503150,17.02.2021 13:01:51
202111,ES + Home,TV  audio  Hi-Fi & other electronics,Компьютерная периферия TV&Audio,0,Estimation,2490304646,1414766725,18.02.2021 14:45:14
202111,ES + Home,TV  audio  Hi-Fi & other electronics,Система безопасности TV&Audio,1,Estimation,558756004,1589222490,18.02.2021 14:45:14
202111,ES + Home,TV  audio  Hi-Fi & other electronics,Электронные товары хобби и отдых TV&Audio,0,Estimation,3751132576,3307555279,17.02.2021 13:01:51
202111,ES + Home,TV  audio  Hi-Fi & other electronics,Электронные товары хобби и отдых TV&Audio,1,Estimation,2462511880,3082934049,18.02.2021 14:45:14
202111,ES + Home,TV  audio  Hi-Fi & other electronics,Игровые приставки и аксессуары TV&Audio,0,Estimation,4027697392,924605263,17.02.2021 13:01:51
202111,ES + Home,TV  audio  Hi-Fi & other electronics,Система безопасности TV&Audio,0,Estimation,1496997591,224649074,17.02.2021 13:01:51
202111,ES + Home,TV  audio  Hi-Fi & other electronics,Средства связи TV&Audio,0,Estimation,3238435635,2954466867,17.02.2021 13:01:51
202111,ES + Home,TV  audio  Hi-Fi & other electronics,Система безопасности TV&Audio,0,Estimation,987626650,2166976397,18.02.2021 14:45:14
202111,ES + Home,TV  audio  Hi-Fi & other electronics,Компьютерная периферия TV&Audio,0,Estimation,4136066159,3306593537,17.02.2021 13:01:51
202111,ES + Home,TV  audio  Hi-Fi & other electronics,Music,0,Estimation,3833994095,4281606327,18.02.2021 14:45:14
202111,ES + Home,TV  audio  Hi-Fi & other electronics,Movie,0,Estimation,2873638733,1691511999,18.02.2021 14:45:14
202111,ES + Home,TV  audio  Hi-Fi & other electronics,Movie,0,Estimation,158875723,393106034,17.02.2021 13:01:51
202111,ES + Home,TV  audio  Hi-Fi & other electronics,Средства связи TV&Audio,1,Estimation,2218369825,3259764025,18.02.2021 14:45:14
202111,ES + Home,TV  audio  Hi-Fi & other electronics,Music,0,Estimation,1546443530,1274073248,17.02.2021 13:01:51
202111,ES + Home,TV  audio  Hi-Fi & other electronics,Средства связи TV&Audio,0,Estimation,4204162874,2015199131,18.02.2021 14:45:14
202111,ES + Home,TV  audio  Hi-Fi & other electronics,Компьютеры TV&Audio,0,Estimation,276189921,907344324,17.02.2021 13:01:51
202111,ES + Home,TV  audio  Hi-Fi & other electronics,Компьютеры TV&Audio,0,Estimation,816350132,2096206724,18.02.2021 14:45:14
202111,ES + Home,TV  audio  Hi-Fi & other electronics,Автомобильная техника TV&Audio,0,Estimation,2772531092,2313347086,18.02.2021 14:45:14
202111,ES + Home,TV  audio  Hi-Fi & other electronics,Програмное обеспечение TV&Audio,0,Estimation,153795482,644813915,18.02.2021 14:45:14
202111,ES + Home,TV  audio  Hi-Fi & other electronics,Фан атрибутика TV&Audio,0,Estimation,705549371,1562074588,18.02.2021 14:45:14
202111,ES + Home,TV  audio  Hi-Fi & other electronics,Програмное обеспечение TV&Audio,1,Estimation,602823783,3341870374,18.02.2021 14:45:14
202111,ES + Home,TV  audio  Hi-Fi & other electronics,Компьютеры TV&Audio,1,Estimation,3325536509,710503633,18.02.2021 14:45:14
202111,ES + Home,TV  audio  Hi-Fi & other electronics,Игровые приставки и аксессуары TV&Audio,0,Estimation,3201896955,3203437682,18.02.2021 14:45:14
202111,ES + Home,TV  audio  Hi-Fi & other electronics,Фото и видео TV&Audio,1,Estimation,2198643037,4179186187,18.02.2021 14:45:14
202111,ES + Home,TV  audio  Hi-Fi & other electronics,Карты оплаты  страховки TV&Audio,0,Estimation,1242619300,3253845288,18.02.2021 14:45:14
202111,ES + Home,TV  audio  Hi-Fi & other electronics,Домашняя Аудио и Видеотехника TV&Audio,0,Estimation,2467808225,817732399,17.02.2021 13:01:51
202111,ES + Home,TV  audio  Hi-Fi & other electronics,Домашняя Аудио и Видеотехника TV&Audio,0,Estimation,1896314783,2905931317,18.02.2021 14:45:14
202111,ES + Home,TV  audio  Hi-Fi & other electronics,Портативная аудиотехника TV&Audio,1,Estimation,2984551864,3460053350,18.02.2021 14:45:14
202111,ES + Home,TV  audio  Hi-Fi & other electronics,Фан атрибутика TV&Audio,0,Estimation,3602108764,2100615589,17.02.2021 13:01:51
202111,ES + Home,TV  audio  Hi-Fi & other electronics,Автомобильная техника TV&Audio,1,Estimation,390844143,1635736491,18.02.2021 14:45:14
202111,ES + Home,TV  audio  Hi-Fi & other electronics,Програмное обеспечение TV&Audio,0,Estimation,3288431748,1256747329,17.02.2021 13:01:51
202111,ES + Home,TV  audio  Hi-Fi & other electronics,Фото и видео TV&Audio,0,Estimation,2058830013,4212659184,18.02.2021 14:45:14
202111,ES + Home,TV  audio  Hi-Fi & other electronics,Портативная аудиотехника TV&Audio,0,Estimation,4253757562,83522460,18.02.2021 14:45:14
202111,ES + Home,TV  audio  Hi-Fi & other electronics,Домашняя Аудио и Видеотехника TV&Audio,1,Estimation,2110950871,612119475,18.02.2021 14:45:14
202111,ES + Home,TV  audio  Hi-Fi & other electronics,Фото и видео TV&Audio,0,Estimation,3180867799,2956363558,17.02.2021 13:01:51
202111,ES + Home,TV  audio  Hi-Fi & other electronics,Игровые приставки и аксессуары TV&Audio,1,Estimation,772745828,2411647965,18.02.2021 14:45:14
202111,ES + Home,TV  audio  Hi-Fi & other electronics,Портативная аудиотехника TV&Audio,0,Estimation,3382705782,550190617,17.02.2021 13:01:51
202111,ES + Home,TV  audio  Hi-Fi & other electronics,Игровые приставки и аксессуары TV&Audio,0,Estimation,3858748850,4010942881,17.01.2021 13:01:51
202111,ES + Home,TV  audio  Hi-Fi & other electronics,Карты оплаты  страховки TV&Audio,0,Estimation,688200976,3492847272,18.01.2021 14:45:14
202111,ES + Home,TV  audio  Hi-Fi & other electronics,Movie,0,Estimation,2301407804,881397653,17.01.2021 13:01:51
202111,ES + Home,TV  audio  Hi-Fi & other electronics,Автомобильная техника TV&Audio,1,Estimation,5981681,3574490747,18.01.2021 14:45:14
202111,ES + Home,TV  audio  Hi-Fi & other electronics,Music,0,Estimation,529267531,1352901357,17.01.2021 13:01:51
202111,ES + Home,TV  audio  Hi-Fi & other electronics,Электронные товары хобби и отдых TV&Audio,0,Estimation,1057307234,2823765579,18.01.2021 14:45:14
202111,ES + Home,TV  audio  Hi-Fi & other electronics,Програмное обеспечение TV&Audio,1,Estimation,3244024032,3755082522,18.01.2021 14:45:14
202111,ES + Home,TV  audio  Hi-Fi & other electronics,Система безопасности TV&Audio,1,Estimation,3229153268,1470703318,18.01.2021 14:45:14
202111,ES + Home,TV  audio  Hi-Fi & other electronics,Система безопасности TV&Audio,0,Estimation,2078408308,1764145242,18.01.2021 14:45:14
202111,ES + Home,TV  audio  Hi-Fi & other electronics,Програмное обеспечение TV&Audio,0,Estimation,3540295213,1038296449,18.01.2021 14:45:14
202111,ES + Home,TV  audio  Hi-Fi & other electronics,Фан атрибутика TV&Audio,0,Estimation,3953961750,3846326347,17.01.2021 13:01:51
202111,ES + Home,TV  audio  Hi-Fi & other electronics,Автомобильная техника TV&Audio,0,Estimation,4271231481,1410170853,17.01.2021 13:01:51
202111,ES + Home,TV  audio  Hi-Fi & other electronics,Фан атрибутика TV&Audio,0,Estimation,3845652840,950906610,18.01.2021 14:45:14
202111,ES + Home,TV  audio  Hi-Fi & other electronics,Игровые приставки и аксессуары TV&Audio,1,Estimation,3286237528,1442944074,18.01.2021 14:45:14
202111,ES + Home,TV  audio  Hi-Fi & other electronics,Програмное обеспечение TV&Audio,0,Estimation,2223717807,3292679521,17.01.2021 13:01:51
202111,ES + Home,TV  audio  Hi-Fi & other electronics,Электронные товары хобби и отдых TV&Audio,1,Estimation,1300835285,2170943801,18.01.2021 14:45:14
202111,ES + Home,TV  audio  Hi-Fi & other electronics,Электронные товары хобби и отдых TV&Audio,0,Estimation,306667056,1466767492,17.01.2021 13:01:51
202111,ES + Home,TV  audio  Hi-Fi & other electronics,Автомобильная техника TV&Audio,0,Estimation,3421645960,3897647190,18.01.2021 14:45:14
202111,ES + Home,TV  audio  Hi-Fi & other electronics,Music,0,Estimation,1948138915,2896157404,18.01.2021 14:45:14
202111,ES + Home,TV  audio  Hi-Fi & other electronics,Movie,0,Estimation,2476369221,636543720,18.01.2021 14:45:14
202111,ES + Home,TV  audio  Hi-Fi & other electronics,Игровые приставки и аксессуары TV&Audio,0,Estimation,483527078,1310900644,18.01.2021 14:45:14
202111,ES + Home,TV  audio  Hi-Fi & other electronics,Система безопасности TV&Audio,0,Estimation,3135323038,2053245003,17.01.2021 13:01:51
202111,ES + Home,TV  audio  Hi-Fi & other electronics,Компьютеры TV&Audio,0,Estimation,4172168232,2916031960,18.01.2021 14:45:14
202111,ES + Home,TV  audio  Hi-Fi & other electronics,Домашняя Аудио и Видеотехника TV&Audio,0,Estimation,514689182,2061451582,17.01.2021 13:01:51
202111,ES + Home,TV  audio  Hi-Fi & other electronics,Компьютеры TV&Audio,1,Estimation,529492786,2914127851,18.01.2021 14:45:14
202111,ES + Home,TV  audio  Hi-Fi & other electronics,Фото и видео TV&Audio,0,Estimation,630016754,1649293507,17.01.2021 13:01:51
202111,ES + Home,TV  audio  Hi-Fi & other electronics,Портативная аудиотехника TV&Audio,0,Estimation,1308623462,2740640171,17.01.2021 13:01:51
202111,ES + Home,TV  audio  Hi-Fi & other electronics,Фото и видео TV&Audio,1,Estimation,123298971,1231292290,18.01.2021 14:45:14
202111,ES + Home,TV  audio  Hi-Fi & other electronics,Компьютерная периферия TV&Audio,0,Estimation,2695445225,2889151103,18.01.2021 14:45:14
202111,ES + Home,TV  audio  Hi-Fi & other electronics,Компьютерная периферия TV&Audio,0,Estimation,4048757032,3197121024,17.01.2021 13:01:51
202111,ES + Home,TV  audio  Hi-Fi & other electronics,Портативная аудиотехника TV&Audio,1,Estimation,3785309649,1902800005,18.01.2021 14:45:14
202111,ES + Home,TV  audio  Hi-Fi & other electronics,Домашняя Аудио и Видеотехника TV&Audio,0,Estimation,4197923240,3109409507,18.01.2021 14:45:14
202111,ES + Home,TV  audio  Hi-Fi & other electronics,Средства связи TV&Audio,0,Estimation,4191693889,2075476203,17.01.2021 13:01:51
202111,ES + Home,TV  audio  Hi-Fi & other electronics,Компьютеры TV&Audio,0,Estimation,4267114930,764830120,17.01.2021 13:01:51
202111,ES + Home,TV  audio  Hi-Fi & other electronics,Средства связи TV&Audio,0,Estimation,3290297220,3899634245,18.01.2021 14:45:14
202111,ES + Home,TV  audio  Hi-Fi & other electronics,Средства связи TV&Audio,1,Estimation,1191652495,1040131573,18.01.2021 14:45:14
202111,ES + Home,TV  audio  Hi-Fi & other electronics,Фото и видео TV&Audio,0,Estimation,276640482,1988886104,18.01.2021 14:45:14
202111,ES + Home,TV  audio  Hi-Fi & other electronics,Домашняя Аудио и Видеотехника TV&Audio,1,Estimation,4152871878,3701308164,18.01.2021 14:45:14
202111,ES + Home,TV  audio  Hi-Fi & other electronics,Портативная аудиотехника TV&Audio,0,Estimation,132472702,676720294,18.01.2021 14:45:14
202111,FMCG,FMCG nonfood,Бытовая химия,1,Estimation,222026689,1421960253,26.02.2021 01:04:22
202111,FMCG,FMCG nonfood,Кормление детское,0,Estimation,1044969733,335178236,26.02.2021 00:57:31
202111,FMCG,FMCG nonfood,Детская продукция,0,Estimation,1158547351,62320233,26.02.2021 00:57:31
202111,FMCG,FMCG nonfood,Уход и гигиена,1,Estimation,2046569376,455808847,26.02.2021 01:04:22
202111,FMCG,FMCG nonfood,Личная гигиена,0,Estimation,1819327851,3339944961,26.02.2021 01:05:34
202111,FMCG,FMCG nonfood,Уход и гигиена,0,Estimation,3831274772,688655581,26.02.2021 00:57:31
202111,FMCG,FMCG nonfood,Личная гигиена,0,Estimation,2590908606,911823051,26.02.2021 01:35:54
202111,FMCG,FMCG nonfood,Бытовая химия,0,Estimation,3364872269,1377484732,26.02.2021 01:05:34
202111,FMCG,FMCG nonfood,Кормление детское,0,Estimation,1468241985,446623260,26.02.2021 01:35:54
202111,FMCG,FMCG nonfood,Детская продукция,0,Estimation,1747352330,3642337198,26.02.2021 01:35:54
202111,FMCG,FMCG nonfood,Бритвы и лезвия,0,Estimation,1138194848,3150822151,26.02.2021 01:35:54
202111,FMCG,FMCG nonfood,Электроника детская,0,Estimation,3984702881,1250632357,26.02.2021 00:57:31
202111,FMCG,FMCG nonfood,Электроника детская,1,Estimation,411704790,2080027406,26.02.2021 01:04:22
202111,FMCG,FMCG nonfood,Бритвы и лезвия,0,Estimation,3418061738,3377520137,26.02.2021 01:05:34
202111,FMCG,FMCG nonfood,Кормление детское,0,Estimation,3056140481,2767714468,26.02.2021 01:05:34
202111,FMCG,FMCG nonfood,Бритвы и лезвия,1,Estimation,2602452306,2239334196,26.02.2021 01:04:22
202111,FMCG,FMCG nonfood,Детская продукция,0,Estimation,973357980,2338743667,26.02.2021 01:05:34
202111,FMCG,FMCG nonfood,Личная гигиена,0,Estimation,3161616854,965710620,26.02.2021 00:57:31
202111,FMCG,FMCG nonfood,Уход и гигиена,0,Estimation,329287949,2885510043,26.02.2021 01:05:34
202111,FMCG,FMCG nonfood,Уход и гигиена,0,Estimation,623219527,1535341453,26.02.2021 01:35:54
202111,FMCG,FMCG nonfood,Бытовая химия,0,Estimation,1292780722,3588147651,26.02.2021 01:35:54
202111,FMCG,FMCG nonfood,Детская продукция,1,Estimation,563523637,955397407,26.02.2021 01:04:22
202111,FMCG,FMCG nonfood,Бытовая химия,0,Estimation,2337099396,3397712788,26.02.2021 00:57:31
202111,FMCG,FMCG nonfood,Кормление детское,1,Estimation,3032385225,1607377363,26.02.2021 01:04:22
202111,FMCG,FMCG nonfood,Личная гигиена,1,Estimation,3100241390,3595963162,26.02.2021 01:04:22
202111,FMCG,FMCG nonfood,Электроника детская,0,Estimation,2760135363,1036473596,26.02.2021 01:35:54
202111,FMCG,FMCG nonfood,Бритвы и лезвия,0,Estimation,156384489,1503563541,26.02.2021 00:57:31
202111,FMCG,FMCG nonfood,Электроника детская,0,Estimation,1631811792,1253010248,26.02.2021 01:05:34
202111,FMCG,FMCG nonfood,Электроника детская,0,Estimation,3745332388,1356287738,26.01.2021 01:35:54
202111,FMCG,FMCG nonfood,Бытовая химия,0,Estimation,3553444495,4133298343,26.01.2021 00:57:31
202111,FMCG,FMCG nonfood,Электроника детская,0,Estimation,1127590838,622829775,26.01.2021 00:57:31
202111,FMCG,FMCG nonfood,Уход и гигиена,1,Estimation,2272333104,1505249712,26.01.2021 01:04:22
202111,FMCG,FMCG nonfood,Кормление детское,0,Estimation,13613230,1084560399,26.01.2021 01:35:54
202111,FMCG,FMCG nonfood,Уход и гигиена,0,Estimation,2860335599,479256500,26.01.2021 01:05:34
202111,FMCG,FMCG nonfood,Детская продукция,0,Estimation,3653787407,491503664,26.01.2021 01:35:54
202111,FMCG,FMCG nonfood,Уход и гигиена,0,Estimation,2460717250,1093369218,26.01.2021 01:35:54
202111,FMCG,FMCG nonfood,Кормление детское,1,Estimation,749018264,2943537852,26.01.2021 01:04:22
202111,FMCG,FMCG nonfood,Электроника детская,1,Estimation,1691237462,3872541306,26.01.2021 01:04:22
202111,FMCG,FMCG nonfood,Уход и гигиена,0,Estimation,1042260343,667006667,26.01.2021 00:57:31
202111,FMCG,FMCG nonfood,Детская продукция,1,Estimation,1812135046,3222641690,26.01.2021 01:04:22
202111,FMCG,FMCG nonfood,Бытовая химия,0,Estimation,3858518948,1194864238,26.01.2021 01:05:34
202111,FMCG,FMCG nonfood,Электроника детская,0,Estimation,361363025,1254284798,26.01.2021 01:05:34
202111,FMCG,FMCG nonfood,Бритвы и лезвия,0,Estimation,3908979468,1442357811,26.01.2021 00:57:31
202111,FMCG,FMCG nonfood,Бытовая химия,1,Estimation,3433827183,1901929028,26.01.2021 01:04:22
202111,FMCG,FMCG nonfood,Бритвы и лезвия,0,Estimation,1138669011,3096671251,26.01.2021 01:35:54
202111,FMCG,FMCG nonfood,Личная гигиена,0,Estimation,2982881036,2063128589,26.01.2021 01:05:34
202111,FMCG,FMCG nonfood,Детская продукция,0,Estimation,965451871,3713332800,26.01.2021 01:05:34
202111,FMCG,FMCG nonfood,Бритвы и лезвия,1,Estimation,2481101742,3874376591,26.01.2021 01:04:22
202111,FMCG,FMCG nonfood,Кормление детское,0,Estimation,1702943234,3731478505,26.01.2021 01:05:34
202111,FMCG,FMCG nonfood,Личная гигиена,0,Estimation,895521041,2323662575,26.01.2021 00:57:31
202111,FMCG,FMCG nonfood,Кормление детское,0,Estimation,3329528406,1687838449,26.01.2021 00:57:31
202111,FMCG,FMCG nonfood,Личная гигиена,0,Estimation,2729809171,4161577667,26.01.2021 01:35:54
202111,FMCG,FMCG nonfood,Личная гигиена,1,Estimation,39612876,2668191110,26.01.2021 01:04:22
202111,FMCG,FMCG nonfood,Детская продукция,0,Estimation,693810032,4060621322,26.01.2021 00:57:31
202111,FMCG,FMCG nonfood,Бритвы и лезвия,0,Estimation,1713092325,1298116904,26.01.2021 01:05:34
202111,FMCG,FMCG nonfood,Бытовая химия,0,Estimation,3757736991,2890914294,26.01.2021 01:35:54
202111,FMCG,Food,Молочная продукция стерилизованная,1,Estimation,1119539883,1251936487,26.02.2021 00:30:07
202111,FMCG,Food,Молекулярная кухня,0,Estimation,1042017041,651979696,26.02.2021 00:23:17
202111,FMCG,Food,Бакалея,0,Estimation,4232361397,2725584675,26.02.2021 01:35:54
202111,FMCG,Food,Детское питание,0,Estimation,140484998,2640000659,26.02.2021 01:35:54
202111,FMCG,Food,Молочная продукция стерилизованная,0,Estimation,3408848647,3200693192,26.02.2021 00:23:17
202111,FMCG,Food,Напитки,0,Estimation,4170599979,1563402191,26.02.2021 00:31:30
202111,FMCG,Food,Напитки,0,Estimation,777500563,366480682,26.02.2021 01:35:54
202111,FMCG,Food,Детское питание,0,Estimation,2874341957,1743062408,26.02.2021 00:31:30
202111,FMCG,Food,Бакалея,0,Estimation,159111252,1505230103,26.02.2021 00:31:30
202111,FMCG,Food,Кондитерские изделия,0,Estimation,3890712465,561484218,26.02.2021 00:23:17
202111,FMCG,Food,Молекулярная кухня,0,Estimation,217512169,2015312595,26.02.2021 01:35:54
202111,FMCG,Food,Напитки,1,Estimation,3033940410,3766433243,26.02.2021 00:30:07
202111,FMCG,Food,Кондитерские изделия,0,Estimation,1375049584,3539805477,26.02.2021 01:35:54
202111,FMCG,Food,Детское питание,1,Estimation,2486581892,823959020,26.02.2021 00:30:07
202111,FMCG,Food,Кондитерские изделия,0,Estimation,3356713981,2666171628,26.02.2021 00:31:30
202111,FMCG,Food,Молочная продукция стерилизованная,0,Estimation,49838922,3141391410,26.02.2021 01:35:54
202111,FMCG,Food,Бакалея,0,Estimation,564604548,2018621360,26.02.2021 00:23:17
202111,FMCG,Food,Кондитерские изделия,1,Estimation,437508615,2600279575,26.02.2021 00:30:07
202111,FMCG,Food,Детское питание,0,Estimation,1336375892,1304543547,26.02.2021 00:23:17
202111,FMCG,Food,Бакалея,1,Estimation,4083067759,769924287,26.02.2021 00:30:07
202111,FMCG,Food,Молочная продукция стерилизованная,0,Estimation,3076056209,1164861930,26.02.2021 00:31:30
202111,FMCG,Food,Напитки,0,Estimation,776419308,2501405243,26.02.2021 00:23:17
202111,FMCG,Food,Кондитерские изделия,0,Estimation,2848950779,1820263720,26.01.2021 00:23:17
202111,FMCG,Food,Кондитерские изделия,0,Estimation,1491912158,4254788888,26.01.2021 01:35:54
202111,FMCG,Food,Молочная продукция стерилизованная,0,Estimation,3135854073,95672414,26.01.2021 00:31:30
202111,FMCG,Food,Молочная продукция стерилизованная,0,Estimation,3313520140,2143366011,26.01.2021 00:23:17
202111,FMCG,Food,Молочная продукция стерилизованная,0,Estimation,1824919016,2873944480,26.01.2021 01:35:54
202111,FMCG,Food,Молекулярная кухня,0,Estimation,1249772336,804919684,26.01.2021 01:35:54
202111,FMCG,Food,Молочная продукция стерилизованная,1,Estimation,1671316109,3756515091,26.01.2021 00:30:07
202111,FMCG,Food,Молекулярная кухня,0,Estimation,174240189,1403389240,26.01.2021 00:23:17
202111,FMCG,Food,Кондитерские изделия,1,Estimation,1321693828,1978445111,26.01.2021 00:30:07
202111,FMCG,Food,Напитки,0,Estimation,1902316515,260132835,26.01.2021 01:35:54
202111,FMCG,Food,Напитки,0,Estimation,2200397071,4038582190,26.01.2021 00:23:17
202111,FMCG,Food,Детское питание,0,Estimation,2546942438,3076538049,26.01.2021 00:31:30
202111,FMCG,Food,Бакалея,0,Estimation,2560117508,3256863168,26.01.2021 00:31:30
202111,FMCG,Food,Бакалея,1,Estimation,2013436010,1175338424,26.01.2021 00:30:07
202111,FMCG,Food,Детское питание,0,Estimation,472539913,136616730,26.01.2021 01:35:54
202111,FMCG,Food,Бакалея,0,Estimation,3487028073,403190966,26.01.2021 01:35:54
202111,FMCG,Food,Детское питание,0,Estimation,3179859363,2367008512,26.01.2021 00:23:17
202111,FMCG,Food,Бакалея,0,Estimation,3165836567,2685953319,26.01.2021 00:23:17
202111,FMCG,Food,Напитки,1,Estimation,2029463474,786622081,26.01.2021 00:30:07
202111,FMCG,Food,Кондитерские изделия,0,Estimation,22608439,2879974518,26.01.2021 00:31:30
202111,FMCG,Food,Напитки,0,Estimation,801197711,1860238304,26.01.2021 00:31:30
202111,FMCG,Food,Детское питание,1,Estimation,1111052195,4027256594,26.01.2021 00:30:07
202111,FMCG,FreshFood,Замороженные продукты,1,Estimation,249990313,2554499265,26.02.2021 00:30:36
202111,FMCG,FreshFood,Мясная гастрономия,1,Estimation,831954583,2464350769,26.02.2021 00:30:36
202111,FMCG,FreshFood,Овощи  фрукты  зелень свежие,1,Estimation,1141345911,495310603,26.02.2021 00:30:36
202111,FMCG,FreshFood,Рыба  морепродукты,1,Estimation,1044006688,1140481483,26.02.2021 00:30:36
202111,FMCG,FreshFood,Молочная продукция и яйца Fresh,1,Estimation,2948398295,1391803548,26.02.2021 00:30:36
202111,FMCG,FreshFood,Напитки Fresh,1,Estimation,2244428518,2109561502,26.02.2021 00:30:36
202111,FMCG,FreshFood,Кулинария и полуфабрикаты Fresh,1,Estimation,4034457201,2845905422,26.02.2021 00:30:36
202111,FMCG,FreshFood,Мясо  птица,1,Estimation,1168088790,4271704010,26.02.2021 00:30:36
202111,FMCG,FreshFood,Растительные аналоги Fresh,1,Estimation,1940461618,2227947486,26.02.2021 00:30:36
202111,FMCG,FreshFood,Хлебобулочные изделия Fresh,1,Estimation,1664484333,484921143,26.02.2021 00:30:36
202111,FMCG,FreshFood,Молочная продукция и яйца Fresh,1,Estimation,2554058012,3343035555,26.01.2021 00:30:36
202111,FMCG,FreshFood,Кулинария и полуфабрикаты Fresh,1,Estimation,2708106632,2989578809,26.01.2021 00:30:36
202111,FMCG,FreshFood,Овощи  фрукты  зелень свежие,1,Estimation,3078054339,3922118036,26.01.2021 00:30:36
202111,FMCG,FreshFood,Мясная гастрономия,1,Estimation,1414151554,3307396403,26.01.2021 00:30:36
202111,FMCG,FreshFood,Замороженные продукты,1,Estimation,1828584592,1467500542,26.01.2021 00:30:36
202111,FMCG,FreshFood,Рыба  морепродукты,1,Estimation,568105664,2744191098,26.01.2021 00:30:36
202111,FMCG,FreshFood,Напитки Fresh,1,Estimation,458163523,3245385344,26.01.2021 00:30:36
202111,FMCG,FreshFood,Мясо  птица,1,Estimation,3941497698,3241405554,26.01.2021 00:30:36
202111,FMCG,FreshFood,Хлебобулочные изделия Fresh,1,Estimation,1107878095,3789389761,26.01.2021 00:30:36
202111,FMCG,FreshFood,Растительные аналоги Fresh,1,Estimation,984584372,2448077708,26.01.2021 00:30:36
202111,FMCG,Moms&Kids,Игрушки,0,Estimation,1844648945,3332223656,25.02.2021 13:53:11
202111,FMCG,Moms&Kids,КГТ и спорт для детей,0,Estimation,3630824855,2662188368,25.02.2021 14:13:39
202111,FMCG,Moms&Kids,Товары для школы  канцелярия  оборудование,0,Estimation,2986087555,1916082766,26.02.2021 01:35:54
202111,FMCG,Moms&Kids,Творчество  хобби и игры,0,Estimation,3422836397,3678920696,25.02.2021 13:53:11
202111,FMCG,Moms&Kids,Творчество  хобби и игры,1,Estimation,3981901921,2717133439,25.02.2021 13:53:11
202111,FMCG,Moms&Kids,Творчество  хобби и игры,0,Estimation,1983744271,1346742865,26.02.2021 01:35:54
202111,FMCG,Moms&Kids,Игрушки,1,Estimation,2061590267,4058926980,25.02.2021 13:53:11
202111,FMCG,Moms&Kids,КГТ и спорт для детей,0,Estimation,946204760,1709406939,26.02.2021 01:35:54
202111,FMCG,Moms&Kids,Товары для школы  канцелярия  оборудование,0,Estimation,44014930,1393767569,25.02.2021 14:13:39
202111,FMCG,Moms&Kids,Товары для школы  канцелярия  оборудование,0,Estimation,564803272,3297449473,25.02.2021 13:53:11
202111,FMCG,Moms&Kids,КГТ и спорт для детей,1,Estimation,3938263317,2870298292,25.02.2021 13:53:11
202111,FMCG,Moms&Kids,Игрушки,0,Estimation,4257569067,1502485674,26.02.2021 01:35:54
202111,FMCG,Moms&Kids,КГТ и спорт для детей,0,Estimation,3929507447,608172916,25.02.2021 13:53:11
202111,FMCG,Moms&Kids,Товары для школы  канцелярия  оборудование,1,Estimation,1618830113,3923787553,25.02.2021 13:53:11
202111,FMCG,Moms&Kids,Игрушки,0,Estimation,2323964381,2501637592,25.02.2021 14:13:39
202111,FMCG,Moms&Kids,Творчество  хобби и игры,0,Estimation,1589267158,3830381612,25.02.2021 14:13:39
202111,FMCG,Moms&Kids,Игрушки,0,Estimation,4256371660,820885954,25.01.2021 14:13:39
202111,FMCG,Moms&Kids,Игрушки,0,Estimation,4162568961,2849726155,25.01.2021 13:53:11
202111,FMCG,Moms&Kids,Игрушки,1,Estimation,3456695367,2557294874,25.01.2021 13:53:11
202111,FMCG,Moms&Kids,Игрушки,0,Estimation,3831402858,2825886479,26.01.2021 01:35:54
202111,FMCG,Moms&Kids,Творчество  хобби и игры,0,Estimation,2455225647,3448195574,26.01.2021 01:35:54
202111,FMCG,Moms&Kids,Товары для школы  канцелярия  оборудование,0,Estimation,3120874728,1908720966,25.01.2021 13:53:11
202111,FMCG,Moms&Kids,КГТ и спорт для детей,1,Estimation,4045034632,1577416915,25.01.2021 13:53:11
202111,FMCG,Moms&Kids,Творчество  хобби и игры,0,Estimation,2220199437,69452696,25.01.2021 13:53:11
202111,FMCG,Moms&Kids,КГТ и спорт для детей,0,Estimation,3604165490,1443286176,26.01.2021 01:35:54
202111,FMCG,Moms&Kids,Творчество  хобби и игры,0,Estimation,3130828431,2721252717,25.01.2021 14:13:39
202111,FMCG,Moms&Kids,Товары для школы  канцелярия  оборудование,0,Estimation,3212979865,2121771206,25.01.2021 14:13:39
202111,FMCG,Moms&Kids,Творчество  хобби и игры,1,Estimation,905462268,3535344110,25.01.2021 13:53:11
202111,FMCG,Moms&Kids,КГТ и спорт для детей,0,Estimation,1875700284,3428475764,25.01.2021 14:13:39
202111,FMCG,Moms&Kids,Товары для школы  канцелярия  оборудование,0,Estimation,2503500638,1257538252,26.01.2021 01:35:54
202111,FMCG,Moms&Kids,КГТ и спорт для детей,0,Estimation,1670661177,2382685840,25.01.2021 13:53:11
202111,FMCG,Moms&Kids,Товары для школы  канцелярия  оборудование,1,Estimation,1811521426,3381919882,25.01.2021 13:53:11
202111,FMCG,Zoo,Фермерское хозяйство - Оборудование для птицеводства и животноводства,0,Estimation,1149816415,2938767667,26.02.2021 01:35:54
202111,FMCG,Zoo,Спальное место животного,0,Estimation,1709299947,2360878456,26.02.2021 00:56:14
202111,FMCG,Zoo,Фермерское хозяйство - Оборудование для птицеводства и животноводства,0,Estimation,3059267247,1531518810,26.02.2021 00:56:14
202111,FMCG,Zoo,Зоокорм  витамины,0,Estimation,2148369033,1543411546,26.02.2021 00:56:14
202111,FMCG,Zoo,Фермерское хозяйство - Товары для пчеловодства,0,Estimation,3118910805,977766982,26.02.2021 01:35:54
202111,FMCG,Zoo,Спальное место животного,1,Estimation,4071410775,2117382964,26.02.2021 01:00:04
202111,FMCG,Zoo,Гигиена и уход животных,0,Estimation,3110851276,409294583,26.02.2021 01:35:54
202111,FMCG,Zoo,Товары для прогулки и дрессировки животных,0,Estimation,1248948007,526666177,26.02.2021 01:02:02
202111,FMCG,Zoo,Зоокорм  витамины,0,Estimation,2042472318,4006300392,26.02.2021 01:02:02
202111,FMCG,Zoo,Зоокорм  витамины,1,Estimation,3010657731,3809821877,26.02.2021 01:00:04
202111,FMCG,Zoo,Фермерское хозяйство - Содержание  уход птицы и сельскохозяйственных животных,0,Estimation,3125947631,1044982145,26.02.2021 01:35:54
202111,FMCG,Zoo,Гигиена и уход животных,0,Estimation,3183643539,750450795,26.02.2021 01:02:02
202111,FMCG,Zoo,Товары для прогулки и дрессировки животных,0,Estimation,758174773,3884543147,26.02.2021 01:35:54
202111,FMCG,Zoo,Фермерское хозяйство - Корма и кормовые добавки для птицеводства и животноводства,0,Estimation,2098759304,930865756,26.02.2021 01:35:54
202111,FMCG,Zoo,Товары для прогулки и дрессировки животных,0,Estimation,527217977,3012355527,26.02.2021 00:56:14
202111,FMCG,Zoo,Фермерское хозяйство - Корма и кормовые добавки для птицеводства и животноводства,0,Estimation,2841909637,1008961753,26.02.2021 00:56:14
202111,FMCG,Zoo,Спальное место животного,0,Estimation,2891708507,3435555183,26.02.2021 01:02:02
202111,FMCG,Zoo,Фермерское хозяйство - Содержание  уход птицы и сельскохозяйственных животных,0,Estimation,1810303590,359940699,26.02.2021 00:56:14
202111,FMCG,Zoo,Гигиена и уход животных,0,Estimation,966591359,4244439327,26.02.2021 00:56:14
202111,FMCG,Zoo,Фермерское хозяйство - Товары для пчеловодства,0,Estimation,2147635074,2670501680,26.02.2021 00:56:14
202111,FMCG,Zoo,Спальное место животного,0,Estimation,522217704,1555675505,26.02.2021 01:35:54
202111,FMCG,Zoo,Гигиена и уход животных,1,Estimation,2861496073,4006797824,26.02.2021 01:00:04
202111,FMCG,Zoo,Зоокорм  витамины,0,Estimation,638373582,788277329,26.02.2021 01:35:54
202111,FMCG,Zoo,Товары для прогулки и дрессировки животных,1,Estimation,1576347154,3587992964,26.02.2021 01:00:04
202111,FMCG,Zoo,Гигиена и уход животных,0,Estimation,562567007,1232468413,26.01.2021 00:56:14
202111,FMCG,Zoo,Спальное место животного,0,Estimation,2998035367,365364691,26.01.2021 01:35:54
202111,FMCG,Zoo,Фермерское хозяйство - Товары для пчеловодства,0,Estimation,3746310755,1222016737,26.01.2021 00:56:14
202111,FMCG,Zoo,Товары для прогулки и дрессировки животных,0,Estimation,848914833,656878644,26.01.2021 01:02:02
202111,FMCG,Zoo,Гигиена и уход животных,1,Estimation,4250677188,3597668751,26.01.2021 01:00:04
202111,FMCG,Zoo,Товары для прогулки и дрессировки животных,1,Estimation,2102919883,2276551553,26.01.2021 01:00:04
202111,FMCG,Zoo,Зоокорм  витамины,0,Estimation,969193095,2491490485,26.01.2021 01:35:54
202111,FMCG,Zoo,Товары для прогулки и дрессировки животных,0,Estimation,699248050,1684333080,26.01.2021 00:56:14
202111,FMCG,Zoo,Фермерское хозяйство - Корма и кормовые добавки для птицеводства и животноводства,0,Estimation,1543458426,4280257433,26.01.2021 00:56:14
202111,FMCG,Zoo,Фермерское хозяйство - Оборудование для птицеводства и животноводства,0,Estimation,3315283823,1254977380,26.01.2021 01:35:54
202111,FMCG,Zoo,Гигиена и уход животных,0,Estimation,1601961440,867555374,26.01.2021 01:02:02
202111,FMCG,Zoo,Фермерское хозяйство - Содержание  уход птицы и сельскохозяйственных животных,0,Estimation,3138414677,1601415755,26.01.2021 00:56:14
202111,FMCG,Zoo,Фермерское хозяйство - Оборудование для птицеводства и животноводства,0,Estimation,54254132,130759402,26.01.2021 00:56:14
202111,FMCG,Zoo,Зоокорм  витамины,0,Estimation,2434096899,2044061549,26.01.2021 01:02:02
202111,FMCG,Zoo,Спальное место животного,0,Estimation,4189050591,2201593133,26.01.2021 01:02:02
202111,FMCG,Zoo,Фермерское хозяйство - Корма и кормовые добавки для птицеводства и животноводства,0,Estimation,2491655062,357871634,26.01.2021 01:35:54
202111,FMCG,Zoo,Товары для прогулки и дрессировки животных,0,Estimation,4127478919,1415700261,26.01.2021 01:35:54
202111,FMCG,Zoo,Зоокорм  витамины,1,Estimation,2382374198,1628423030,26.01.2021 01:00:04
202111,FMCG,Zoo,Фермерское хозяйство - Товары для пчеловодства,0,Estimation,826480896,3912581090,26.01.2021 01:35:54
202111,FMCG,Zoo,Спальное место животного,0,Estimation,1522013335,3272432550,26.01.2021 00:56:14
202111,FMCG,Zoo,Гигиена и уход животных,0,Estimation,3826834569,3911578031,26.01.2021 01:35:54
202111,FMCG,Zoo,Зоокорм  витамины,0,Estimation,2228334463,1145168520,26.01.2021 00:56:14
202111,FMCG,Zoo,Спальное место животного,1,Estimation,2819713072,1918321578,26.01.2021 01:00:04
202111,FMCG,Zoo,Фермерское хозяйство - Содержание  уход птицы и сельскохозяйственных животных,0,Estimation,3291835229,264025692,26.01.2021 01:35:54
202112,Beauty,Apparel,Взрослая обувь,0,Estimation,979650956,1085283439,25.02.2021 10:58:00
202112,Beauty,Apparel,Взрослая обувь,0,Estimation,3198199096,291475580,25.02.2021 10:39:58
202112,Beauty,Apparel,Детская одежда,0,Estimation,3849112,2076713645,25.02.2021 10:39:58
202112,Beauty,Apparel,Детская одежда,0,Estimation,2835562430,649655091,25.02.2021 10:58:00
202112,Beauty,Apparel,Детская обувь,0,Estimation,1905711471,1580160858,25.02.2021 10:39:58
202112,Beauty,Apparel,Аксессуары для взрослых и детей,1,Estimation,195140900,827411737,24.02.2021 16:27:18
202112,Beauty,Apparel,Взрослая одежда,0,Estimation,1127731890,3786746999,25.02.2021 10:58:00
202112,Beauty,Apparel,Взрослая одежда,1,Estimation,3426045018,1442367829,24.02.2021 16:27:18
202112,Beauty,Apparel,Бижутерия и часы бижутерные,0,Estimation,4261733505,19599577,25.02.2021 10:39:58
202112,Beauty,Apparel,Бижутерия и часы бижутерные,0,Estimation,4058424523,2966298362,25.02.2021 10:58:00
202112,Beauty,Apparel,Аксессуары для взрослых и детей,0,Estimation,266870739,2879480918,25.02.2021 10:58:00
202112,Beauty,Apparel,Детская обувь,0,Estimation,818450927,2231404417,25.02.2021 10:58:00
202112,Beauty,Apparel,Аксессуары для взрослых и детей,0,Estimation,1240943745,3434212531,25.02.2021 10:39:58
202112,Beauty,Apparel,Взрослая одежда,0,Estimation,3083977502,1969891193,25.02.2021 10:39:58
202112,Beauty,Apparel,Взрослая одежда,0,Estimation,2877033978,844201732,25.01.2021 10:39:58
202112,Beauty,Apparel,Аксессуары для взрослых и детей,0,Estimation,2565308522,569682031,25.01.2021 10:58:00
202112,Beauty,Apparel,Бижутерия и часы бижутерные,0,Estimation,2976931513,2179623930,25.01.2021 10:39:58
202112,Beauty,Apparel,Взрослая обувь,0,Estimation,1311618094,1325397923,25.01.2021 10:58:00
202112,Beauty,Apparel,Детская одежда,0,Estimation,1225181660,3736193025,25.01.2021 10:58:00
202112,Beauty,Apparel,Взрослая одежда,1,Estimation,3653907345,3544198859,24.01.2021 16:27:18
202112,Beauty,Apparel,Взрослая одежда,0,Estimation,93381069,1975941210,25.01.2021 10:58:00
202112,Beauty,Apparel,Детская одежда,0,Estimation,3341284423,2697442578,25.01.2021 10:39:58
202112,Beauty,Apparel,Аксессуары для взрослых и детей,0,Estimation,2884572929,1682792590,25.01.2021 10:39:58
202112,Beauty,Apparel,Детская обувь,0,Estimation,840783957,3266862682,25.01.2021 10:58:00
202112,Beauty,Apparel,Взрослая обувь,0,Estimation,2660374760,2469490261,25.01.2021 10:39:58
202112,Beauty,Apparel,Аксессуары для взрослых и детей,1,Estimation,1014975538,4096665051,24.01.2021 16:27:18
202112,Beauty,Apparel,Бижутерия и часы бижутерные,0,Estimation,1326045655,2514905687,25.01.2021 10:58:00
202112,Beauty,Apparel,Детская обувь,0,Estimation,1214815987,3377737715,25.01.2021 10:39:58
202112,Beauty,Health&Beauty,Косметические средства для детей и беременных,0,Estimation,723710817,1103932497,25.02.2021 20:57:25
202112,Beauty,Health&Beauty,Косметика для ухода за волосами,1,Estimation,438396183,3667199444,24.02.2021 17:44:13
202112,Beauty,Health&Beauty,Косметика для ухода за кожей,0,Estimation,2120639247,2552535419,25.02.2021 20:57:25
202112,Beauty,Health&Beauty,Косметика для ухода за волосами,0,Estimation,759824282,1558118986,24.02.2021 11:02:28
202112,Beauty,Health&Beauty,Косметическая техника,0,Estimation,2887169753,4169262107,24.02.2021 11:02:28
202112,Beauty,Health&Beauty,Парфюмерия  ароматерапия,1,Estimation,3353754087,1903218379,24.02.2021 17:44:13
202112,Beauty,Health&Beauty,Декоративная косметика,0,Estimation,1554187149,4225792190,24.02.2021 11:02:28
202112,Beauty,Health&Beauty,Уход и гигиена,0,Estimation,1327574067,4258473876,25.02.2021 20:57:25
202112,Beauty,Health&Beauty,Косметические средства для детей и беременных,1,Estimation,2146984639,1499874692,24.02.2021 17:44:13
202112,Beauty,Health&Beauty,Косметические аксессуары,0,Estimation,2643812026,1313040930,25.02.2021 20:57:25
202112,Beauty,Health&Beauty,Косметика для ухода за кожей,0,Estimation,1167735672,3793626656,24.02.2021 11:02:28
202112,Beauty,Health&Beauty,Косметика для ухода за кожей,1,Estimation,3258434645,1706347100,24.02.2021 17:44:13
202112,Beauty,Health&Beauty,Декоративная косметика,1,Estimation,85913988,525572168,24.02.2021 17:44:13
202112,Beauty,Health&Beauty,Косметическая техника,1,Estimation,2420047422,1845699035,24.02.2021 17:44:13
202112,Beauty,Health&Beauty,Косметика для ухода за волосами,0,Estimation,2915907031,4238945361,25.02.2021 20:57:25
202112,Beauty,Health&Beauty,Косметическая техника,0,Estimation,1976504581,2493852199,25.02.2021 20:57:25
202112,Beauty,Health&Beauty,Уход и гигиена,0,Estimation,3935991047,2108335848,24.02.2021 11:02:28
202112,Beauty,Health&Beauty,Косметические аксессуары,1,Estimation,1233572710,4202172591,24.02.2021 17:44:13
202112,Beauty,Health&Beauty,Декоративная косметика,0,Estimation,1777417630,534924566,25.02.2021 20:57:25
202112,Beauty,Health&Beauty,Уход и гигиена,1,Estimation,1843592796,1217871057,24.02.2021 17:44:13
202112,Beauty,Health&Beauty,Косметические аксессуары,0,Estimation,316772301,1011428932,24.02.2021 11:02:28
202112,Beauty,Health&Beauty,Парфюмерия  ароматерапия,0,Estimation,1402889729,34219002,25.02.2021 20:57:25
202112,Beauty,Health&Beauty,Парфюмерия  ароматерапия,0,Estimation,3164040981,2144442315,24.02.2021 11:02:28
202112,Beauty,Health&Beauty,Косметические средства для детей и беременных,0,Estimation,3104451446,715790047,24.02.2021 11:02:28
202112,Beauty,Health&Beauty,Косметика для ухода за кожей,0,Estimation,3445022140,2109392122,25.01.2021 20:57:25
202112,Beauty,Health&Beauty,Парфюмерия  ароматерапия,1,Estimation,3305546280,3404308949,24.01.2021 17:44:13
202112,Beauty,Health&Beauty,Косметические аксессуары,1,Estimation,2681605378,1329550671,24.01.2021 17:44:13
202112,Beauty,Health&Beauty,Уход и гигиена,1,Estimation,1528954968,1907905157,24.01.2021 17:44:13
202112,Beauty,Health&Beauty,Косметические средства для детей и беременных,0,Estimation,1072566880,1184731086,25.01.2021 20:57:25
202112,Beauty,Health&Beauty,Косметические аксессуары,0,Estimation,1954023996,2331806174,24.01.2021 11:02:28
202112,Beauty,Health&Beauty,Косметика для ухода за волосами,0,Estimation,2844597226,2999476398,25.01.2021 20:57:25
202112,Beauty,Health&Beauty,Косметическая техника,0,Estimation,996673410,1367872550,25.01.2021 20:57:25
202112,Beauty,Health&Beauty,Косметические средства для детей и беременных,0,Estimation,2860477011,3774181714,24.01.2021 11:02:28
202112,Beauty,Health&Beauty,Уход и гигиена,0,Estimation,500685033,155249430,24.01.2021 11:02:28
202112,Beauty,Health&Beauty,Декоративная косметика,0,Estimation,4154971091,1418396063,25.01.2021 20:57:25
202112,Beauty,Health&Beauty,Косметические средства для детей и беременных,1,Estimation,3530747938,848329569,24.01.2021 17:44:13
202112,Beauty,Health&Beauty,Косметика для ухода за кожей,1,Estimation,4253937080,2102108272,24.01.2021 17:44:13
202112,Beauty,Health&Beauty,Косметика для ухода за волосами,1,Estimation,1723413781,445418766,24.01.2021 17:44:13
202112,Beauty,Health&Beauty,Косметика для ухода за кожей,0,Estimation,180512299,2743977750,24.01.2021 11:02:28
202112,Beauty,Health&Beauty,Косметическая техника,1,Estimation,2706334336,3409158430,24.01.2021 17:44:13
202112,Beauty,Health&Beauty,Парфюмерия  ароматерапия,0,Estimation,3039254064,4165545433,25.01.2021 20:57:25
202112,Beauty,Health&Beauty,Декоративная косметика,1,Estimation,4250285218,131538165,24.01.2021 17:44:13
202112,Beauty,Health&Beauty,Декоративная косметика,0,Estimation,1358918205,1410332393,24.01.2021 11:02:28
202112,Beauty,Health&Beauty,Уход и гигиена,0,Estimation,2374213337,2199800824,25.01.2021 20:57:25
202112,Beauty,Health&Beauty,Парфюмерия  ароматерапия,0,Estimation,545852518,1896097820,24.01.2021 11:02:28
202112,Beauty,Health&Beauty,Косметическая техника,0,Estimation,3328969679,267483160,24.01.2021 11:02:28
202112,Beauty,Health&Beauty,Косметика для ухода за волосами,0,Estimation,979352664,3884947271,24.01.2021 11:02:28
202112,Beauty,Health&Beauty,Косметические аксессуары,0,Estimation,3950403382,3438363723,25.01.2021 20:57:25
202112,Beauty,Jewelry,Ювелирные изделия,0,Estimation,3537815553,3557622108,25.02.2021 15:11:04
202112,Beauty,Jewelry,Ювелирные изделия,0,Estimation,2738058751,426726613,25.01.2021 15:11:04
202112,Beauty,Pharmacy,Средства реабилитации,1,Estimation,520369962,558967017,24.02.2021 23:38:51
202112,Beauty,Pharmacy,Товары для взрослых,0,Estimation,3504617764,1764377645,20.02.2021 18:23:40
202112,Beauty,Pharmacy,Медицинская техника,0,Estimation,3157971701,1911044752,20.02.2021 18:23:40
202112,Beauty,Pharmacy,Электронные сигареты  парители  кальяны,1,Estimation,934490987,1342694597,24.02.2021 23:38:51
202112,Beauty,Pharmacy,Антибактериальные  дезинфицирующие средства,0,Estimation,2558541396,1281967224,20.02.2021 18:23:40
202112,Beauty,Pharmacy,Спортивное питание,0,Estimation,262123689,2074959830,20.02.2021 18:23:40
202112,Beauty,Pharmacy,Лекарственные средства,1,Estimation,4036698856,2138862477,24.02.2021 23:38:51
202112,Beauty,Pharmacy,Профессиональный уход за полостью рта,0,Estimation,3893084354,2573375358,20.02.2021 18:23:40
202112,Beauty,Pharmacy,Витамины и БАДы,0,Estimation,2986399241,1487430255,20.02.2021 18:23:40
202112,Beauty,Pharmacy,Медицинская техника,1,Estimation,4117477018,1755630548,24.02.2021 23:38:51
202112,Beauty,Pharmacy,Профессиональный уход за полостью рта,1,Estimation,3511595707,3548608579,24.02.2021 23:38:51
202112,Beauty,Pharmacy,Антибактериальные  дезинфицирующие средства,1,Estimation,4274665284,165341202,24.02.2021 23:38:51
202112,Beauty,Pharmacy,Витамины и БАДы,1,Estimation,2017455133,3437478959,24.02.2021 23:38:51
202112,Beauty,Pharmacy,Электронные сигареты  парители  кальяны,0,Estimation,3386991694,685811667,20.02.2021 18:23:40
202112,Beauty,Pharmacy,Товары для взрослых,1,Estimation,522497620,3110710560,24.02.2021 23:38:51
202112,Beauty,Pharmacy,Средства реабилитации,0,Estimation,3388908997,1313933295,20.02.2021 18:23:40
202112,Beauty,Pharmacy,Спортивное питание,1,Estimation,2363930768,3942195978,24.02.2021 23:38:51
202112,Beauty,Pharmacy,Лекарственные средства,0,Estimation,2103593279,1015987408,20.02.2021 18:23:40
202112,Beauty,Pharmacy,Ортопедия и компрессионный трикотаж,0,Estimation,2897177061,3596569295,20.02.2021 18:23:40
202112,Beauty,Pharmacy,Лекарственные средства для животных,0,Estimation,3439098090,1265682131,20.02.2021 18:23:40
202112,Beauty,Pharmacy,Оптика,1,Estimation,28053848,2994006786,24.02.2021 23:38:51
202112,Beauty,Pharmacy,Уход и гигиена,0,Estimation,3754425644,1199884384,20.02.2021 18:23:40
202112,Beauty,Pharmacy,Уход и гигиена,1,Estimation,558411923,2545544315,24.02.2021 23:38:51
202112,Beauty,Pharmacy,Парафармацевтика,1,Estimation,356800533,2061280280,24.02.2021 23:38:51
202112,Beauty,Pharmacy,Оптика,0,Estimation,4281558624,17516898,20.02.2021 18:23:40
202112,Beauty,Pharmacy,Медицинские изделия,0,Estimation,3294926081,3820072002,20.02.2021 18:23:40
202112,Beauty,Pharmacy,Тату,0,Estimation,2890615720,180245174,20.02.2021 18:23:40
202112,Beauty,Pharmacy,Ортопедия и компрессионный трикотаж,1,Estimation,1480409048,3612806055,24.02.2021 23:38:51
202112,Beauty,Pharmacy,Медицинские изделия,1,Estimation,1259992403,3061103642,24.02.2021 23:38:51
202112,Beauty,Pharmacy,Парафармацевтика,0,Estimation,1509311982,3313392195,20.02.2021 18:23:40
202112,Beauty,Pharmacy,Ортопедия и компрессионный трикотаж,1,Estimation,4016851637,2420630068,24.01.2021 23:38:51
202112,Beauty,Pharmacy,Товары для взрослых,1,Estimation,722248065,4231551420,24.01.2021 23:38:51
202112,Beauty,Pharmacy,Витамины и БАДы,1,Estimation,2843286304,655975555,24.01.2021 23:38:51
202112,Beauty,Pharmacy,Лекарственные средства для животных,0,Estimation,4246444470,3347325713,20.01.2021 18:23:40
202112,Beauty,Pharmacy,Профессиональный уход за полостью рта,1,Estimation,2173971114,814161418,24.01.2021 23:38:51
202112,Beauty,Pharmacy,Медицинская техника,1,Estimation,1657478794,4001540676,24.01.2021 23:38:51
202112,Beauty,Pharmacy,Товары для взрослых,0,Estimation,1612994536,67824931,20.01.2021 18:23:40
202112,Beauty,Pharmacy,Медицинская техника,0,Estimation,221897345,1038016703,20.01.2021 18:23:40
202112,Beauty,Pharmacy,Витамины и БАДы,0,Estimation,4118568697,2654756093,20.01.2021 18:23:40
202112,Beauty,Pharmacy,Средства реабилитации,0,Estimation,1180372118,726414655,20.01.2021 18:23:40
202112,Beauty,Pharmacy,Ортопедия и компрессионный трикотаж,0,Estimation,2460139874,701602312,20.01.2021 18:23:40
202112,Beauty,Pharmacy,Профессиональный уход за полостью рта,0,Estimation,1487435329,2505012253,20.01.2021 18:23:40
202112,Beauty,Pharmacy,Электронные сигареты  парители  кальяны,0,Estimation,801982146,3655135540,20.01.2021 18:23:40
202112,Beauty,Pharmacy,Оптика,0,Estimation,3894422645,3147767433,20.01.2021 18:23:40
202112,Beauty,Pharmacy,Медицинские изделия,0,Estimation,1885827702,3306385794,20.01.2021 18:23:40
202112,Beauty,Pharmacy,Тату,0,Estimation,1662573685,2523987353,20.01.2021 18:23:40
202112,Beauty,Pharmacy,Лекарственные средства,0,Estimation,3653683884,3766769388,20.01.2021 18:23:40
202112,Beauty,Pharmacy,Антибактериальные  дезинфицирующие средства,1,Estimation,2732986880,29154459,24.01.2021 23:38:51
202112,Beauty,Pharmacy,Медицинские изделия,1,Estimation,3094436993,4066527998,24.01.2021 23:38:51
202112,Beauty,Pharmacy,Парафармацевтика,0,Estimation,3833909866,1667064948,20.01.2021 18:23:40
202112,Beauty,Pharmacy,Спортивное питание,1,Estimation,3105845897,970172156,24.01.2021 23:38:51
202112,Beauty,Pharmacy,Парафармацевтика,1,Estimation,1425854308,3897492609,24.01.2021 23:38:51
202112,Beauty,Pharmacy,Уход и гигиена,0,Estimation,3688799812,3564267030,20.01.2021 18:23:40
202112,Beauty,Pharmacy,Оптика,1,Estimation,2082866191,1938702927,24.01.2021 23:38:51
202112,Beauty,Pharmacy,Спортивное питание,0,Estimation,3191637407,3222416645,20.01.2021 18:23:40
202112,Beauty,Pharmacy,Средства реабилитации,1,Estimation,3142668293,3808388903,24.01.2021 23:38:51
202112,Beauty,Pharmacy,Электронные сигареты  парители  кальяны,1,Estimation,136653090,1789171071,24.01.2021 23:38:51
202112,Beauty,Pharmacy,Антибактериальные  дезинфицирующие средства,0,Estimation,2937679975,2703272461,20.01.2021 18:23:40
202112,Beauty,Pharmacy,Уход и гигиена,1,Estimation,3202005421,1481397089,24.01.2021 23:38:51
202112,Beauty,Pharmacy,Лекарственные средства,1,Estimation,1280747359,3650218466,24.01.2021 23:38:51
202112,ES + Home,Auto&Moto,Автомобили и мототехника,0,Estimation,2305892706,225881576,18.02.2021 14:15:16
202112,ES + Home,Auto&Moto,Автоинструменты и гаражное оборудование,1,Estimation,1829228458,681523835,18.02.2021 14:15:16
202112,ES + Home,Auto&Moto,Масла и автохимия,0,Estimation,4249602575,1738618157,17.02.2021 18:25:32
202112,ES + Home,Auto&Moto,Авто и мото запчасти,1,Estimation,2345813888,3848265192,18.02.2021 14:15:16
202112,ES + Home,Auto&Moto,Автоинструменты и гаражное оборудование,0,Estimation,203729205,3175226153,18.02.2021 14:15:16
202112,ES + Home,Auto&Moto,Шины и диски,0,Estimation,1926523345,1341286195,17.02.2021 18:25:32
202112,ES + Home,Auto&Moto,Универсальные авто и мото аксессуары,0,Estimation,1124106239,3707038366,18.02.2021 14:15:16
202112,ES + Home,Auto&Moto,Универсальные авто и мото аксессуары,1,Estimation,3151320267,3366398345,18.02.2021 14:15:16
202112,ES + Home,Auto&Moto,Дополнительное оборудование для авто и мото техники,0,Estimation,4271475182,2932033227,18.02.2021 14:15:16
202112,ES + Home,Auto&Moto,Авто и мото запчасти,0,Estimation,2133783027,2876554255,18.02.2021 14:15:16
202112,ES + Home,Auto&Moto,Автомобили и мототехника,0,Estimation,443973517,763906319,17.02.2021 18:25:32
202112,ES + Home,Auto&Moto,Авто и мото запчасти,0,Estimation,2441734723,2406017198,17.02.2021 18:25:32
202112,ES + Home,Auto&Moto,Дополнительное оборудование для авто и мото техники,0,Estimation,1773624088,3287645472,17.02.2021 18:25:32
202112,ES + Home,Auto&Moto,Шины и диски,0,Estimation,2785577665,378065910,18.02.2021 14:15:16
202112,ES + Home,Auto&Moto,Масла и автохимия,0,Estimation,3092386497,3078375260,18.02.2021 14:15:16
202112,ES + Home,Auto&Moto,Автоинструменты и гаражное оборудование,0,Estimation,1476480845,1438505205,17.02.2021 18:25:32
202112,ES + Home,Auto&Moto,Масла и автохимия,1,Estimation,3236494893,706628118,18.02.2021 14:15:16
202112,ES + Home,Auto&Moto,Универсальные авто и мото аксессуары,0,Estimation,1878616938,3507822119,17.02.2021 18:25:32
202112,ES + Home,Auto&Moto,Масла и автохимия,0,Estimation,3260711009,1200422165,18.01.2021 14:15:16
202112,ES + Home,Auto&Moto,Шины и диски,0,Estimation,3372252374,796745252,17.01.2021 18:25:32
202112,ES + Home,Auto&Moto,Шины и диски,0,Estimation,3599402054,2474490213,18.01.2021 14:15:16
202112,ES + Home,Auto&Moto,Масла и автохимия,1,Estimation,3633817528,1457902226,18.01.2021 14:15:16
202112,ES + Home,Auto&Moto,Масла и автохимия,0,Estimation,1297136868,982176121,17.01.2021 18:25:32
202112,ES + Home,Auto&Moto,Универсальные авто и мото аксессуары,1,Estimation,3681176033,2686310833,18.01.2021 14:15:16
202112,ES + Home,Auto&Moto,Универсальные авто и мото аксессуары,0,Estimation,2992130202,718649972,17.01.2021 18:25:32
202112,ES + Home,Auto&Moto,Дополнительное оборудование для авто и мото техники,0,Estimation,1025282776,3120023298,18.01.2021 14:15:16
202112,ES + Home,Auto&Moto,Автоинструменты и гаражное оборудование,0,Estimation,2287863870,2944406631,17.01.2021 18:25:32
202112,ES + Home,Auto&Moto,Авто и мото запчасти,1,Estimation,1511442493,987119032,18.01.2021 14:15:16
202112,ES + Home,Auto&Moto,Автомобили и мототехника,0,Estimation,874017927,3285646819,18.01.2021 14:15:16
202112,ES + Home,Auto&Moto,Автомобили и мототехника,0,Estimation,373038586,3834214697,17.01.2021 18:25:32
202112,ES + Home,Auto&Moto,Авто и мото запчасти,0,Estimation,4064851103,483178925,17.01.2021 18:25:32
202112,ES + Home,Auto&Moto,Автоинструменты и гаражное оборудование,1,Estimation,2303185161,3678707574,18.01.2021 14:15:16
202112,ES + Home,Auto&Moto,Авто и мото запчасти,0,Estimation,3670178701,1660334526,18.01.2021 14:15:16
202112,ES + Home,Auto&Moto,Автоинструменты и гаражное оборудование,0,Estimation,4269873413,3572015731,18.01.2021 14:15:16
202112,ES + Home,Auto&Moto,Универсальные авто и мото аксессуары,0,Estimation,2160756565,526636308,18.01.2021 14:15:16
202112,ES + Home,Auto&Moto,Дополнительное оборудование для авто и мото техники,0,Estimation,1919033232,3740006845,17.01.2021 18:25:32
202112,ES + Home,Books,Книги детям и родителям,0,Estimation,3543459131,2134502109,16.02.2021 18:01:08
202112,ES + Home,Books,Художественная литература,0,Estimation,2097947783,1585323806,16.02.2021 18:01:08
202112,ES + Home,Books,Современные листовые издания,0,Estimation,141180501,1950147440,16.02.2021 18:01:08
202112,ES + Home,Books,Цифровая аудиокнига,0,Estimation,817036918,4147007205,16.02.2021 18:01:08
202112,ES + Home,Books,Бизнес-литература,1,Estimation,4281534063,1633821176,16.02.2021 18:29:37
202112,ES + Home,Books,Аудиокнига,0,Estimation,887470692,3684834544,16.02.2021 18:01:08
202112,ES + Home,Books,Художественная литература,1,Estimation,3035508580,2196920352,16.02.2021 18:29:37
202112,ES + Home,Books,Нехудожественная литература,0,Estimation,1586634852,161084948,16.02.2021 18:01:08
202112,ES + Home,Books,Книги детям и родителям,1,Estimation,3495536671,902792674,16.02.2021 18:29:37
202112,ES + Home,Books,Современные картографические издания,0,Estimation,3347119204,3167016283,16.02.2021 18:01:08
202112,ES + Home,Books,Бизнес-литература,0,Estimation,1558096303,741422414,16.02.2021 18:01:08
202112,ES + Home,Books,Нехудожественная литература,1,Estimation,2523707630,2675216697,16.02.2021 18:29:37
202112,ES + Home,Books,Манга,1,Estimation,4246083180,4088285434,16.02.2021 18:29:37
202112,ES + Home,Books,Календари,0,Estimation,2198448890,2019206688,16.02.2021 18:01:08
202112,ES + Home,Books,Антикварное издание,0,Estimation,4278928610,3141944019,16.02.2021 18:01:08
202112,ES + Home,Books,Современная печатная книга,1,Estimation,2634423835,4196992137,16.02.2021 18:29:37
202112,ES + Home,Books,Second-hand книга,0,Estimation,609235552,3237574397,16.02.2021 18:01:08
202112,ES + Home,Books,Иностранное издание,0,Estimation,3776248217,1079562721,16.02.2021 18:01:08
202112,ES + Home,Books,Литература на иностранном языке,0,Estimation,2821718460,3743706932,16.02.2021 18:01:08
202112,ES + Home,Books,Second-hand книга,1,Estimation,1324426610,172277244,16.02.2021 18:29:37
202112,ES + Home,Books,Блокноты с ISBN,0,Estimation,3225738777,793564041,16.02.2021 18:01:08
202112,ES + Home,Books,Манга,0,Estimation,868717641,5353842,16.02.2021 18:01:08
202112,ES + Home,Books,Книга по требованию,0,Estimation,2073043038,115066477,16.02.2021 18:01:08
202112,ES + Home,Books,Букинистическое издание,0,Estimation,3369709938,3100164311,16.02.2021 18:01:08
202112,ES + Home,Books,Современная печатная книга,0,Estimation,2930959321,1941143541,16.02.2021 18:01:08
202112,ES + Home,Books,Учебная литература,0,Estimation,735094464,523421808,16.02.2021 18:01:08
202112,ES + Home,Books,ПО на физических носителях,0,Estimation,1433718776,1128261947,16.02.2021 18:01:08
202112,ES + Home,Books,Блокноты с ISBN,1,Estimation,1213181924,3702578102,16.02.2021 18:29:37
202112,ES + Home,Books,Цифровая книга,0,Estimation,1338515624,1595551849,16.02.2021 18:01:08
202112,ES + Home,Books,Комиксы,1,Estimation,1955344427,1496460499,16.02.2021 18:29:37
202112,ES + Home,Books,Комиксы,0,Estimation,2939261893,1441144720,16.02.2021 18:01:08
202112,ES + Home,Books,Бизнес-литература,0,Estimation,548978102,4160090834,16.01.2021 18:01:08
202112,ES + Home,Books,Бизнес-литература,1,Estimation,610899604,3574642002,16.01.2021 18:29:37
202112,ES + Home,Books,Календари,0,Estimation,778626410,218215272,16.01.2021 18:01:08
202112,ES + Home,Books,Комиксы,0,Estimation,1474446460,4129943670,16.01.2021 18:01:08
202112,ES + Home,Books,Блокноты с ISBN,0,Estimation,3474035125,3701288763,16.01.2021 18:01:08
202112,ES + Home,Books,Букинистическое издание,0,Estimation,994050029,1683477059,16.01.2021 18:01:08
202112,ES + Home,Books,Книга по требованию,0,Estimation,1816583468,3716441247,16.01.2021 18:01:08
202112,ES + Home,Books,Нехудожественная литература,1,Estimation,1278333115,67468390,16.01.2021 18:29:37
202112,ES + Home,Books,Иностранное издание,0,Estimation,1878721453,2138457190,16.01.2021 18:01:08
202112,ES + Home,Books,Second-hand книга,0,Estimation,2744980743,101708827,16.01.2021 18:01:08
202112,ES + Home,Books,Манга,0,Estimation,4004625252,4264038332,16.01.2021 18:01:08
202112,ES + Home,Books,Книги детям и родителям,0,Estimation,1946944901,529345202,16.01.2021 18:01:08
202112,ES + Home,Books,Современная печатная книга,0,Estimation,3819378336,2426312691,16.01.2021 18:01:08
202112,ES + Home,Books,Антикварное издание,0,Estimation,3465477085,544093760,16.01.2021 18:01:08
202112,ES + Home,Books,Художественная литература,0,Estimation,1532355473,2166393238,16.01.2021 18:01:08
202112,ES + Home,Books,Художественная литература,1,Estimation,2411420748,291659610,16.01.2021 18:29:37
202112,ES + Home,Books,Современные картографические издания,0,Estimation,2050658667,575418727,16.01.2021 18:01:08
202112,ES + Home,Books,ПО на физических носителях,0,Estimation,1648347972,3189929403,16.01.2021 18:01:08
202112,ES + Home,Books,Комиксы,1,Estimation,4036480941,4147602248,16.01.2021 18:29:37
202112,ES + Home,Books,Учебная литература,0,Estimation,1664504083,249396071,16.01.2021 18:01:08
202112,ES + Home,Books,Книги детям и родителям,1,Estimation,4118078977,137856006,16.01.2021 18:29:37
202112,ES + Home,Books,Цифровая книга,0,Estimation,1508105664,3581222013,16.01.2021 18:01:08
202112,ES + Home,Books,Нехудожественная литература,0,Estimation,2656921627,2759671294,16.01.2021 18:01:08
202112,ES + Home,Books,Блокноты с ISBN,1,Estimation,80303988,2274229038,16.01.2021 18:29:37
202112,ES + Home,Books,Современная печатная книга,1,Estimation,2569608442,2985171189,16.01.2021 18:29:37
202112,ES + Home,Books,Цифровая аудиокнига,0,Estimation,1936961015,1156609856,16.01.2021 18:01:08
202112,ES + Home,Books,Современные листовые издания,0,Estimation,3509330700,2282937414,16.01.2021 18:01:08
202112,ES + Home,Books,Аудиокнига,0,Estimation,3649025139,3592562275,16.01.2021 18:01:08
202112,ES + Home,Books,Манга,1,Estimation,1866543587,3573381953,16.01.2021 18:29:37
202112,ES + Home,Books,Литература на иностранном языке,0,Estimation,1155195826,2818799217,16.01.2021 18:01:08
202112,ES + Home,Books,Second-hand книга,1,Estimation,3897029247,448215161,16.01.2021 18:29:37
202112,ES + Home,Digital,Програмное обеспечение Digital,0,Estimation,2777723399,2105672852,25.02.2021 22:27:30
202112,ES + Home,Digital,Програмное обеспечение Digital,0,Estimation,4132119375,3336916822,25.01.2021 22:27:30
202112,ES + Home,DIY,Ремонт и строительство,0,Estimation,3795358843,3669424108,18.02.2021 14:45:14
202112,ES + Home,DIY,Сантехника,0,Estimation,279092186,1617300227,17.02.2021 18:25:32
202112,ES + Home,DIY,Инструменты,0,Estimation,1970168555,2552220152,18.02.2021 14:45:14
202112,ES + Home,DIY,Фильтры для воды,0,Estimation,238303456,3055647440,17.02.2021 18:25:32
202112,ES + Home,DIY,Освещение,0,Estimation,2743993239,975577755,18.02.2021 14:45:14
202112,ES + Home,DIY,Инструменты,1,Estimation,1667094133,1185188085,18.02.2021 14:45:14
202112,ES + Home,DIY,Освещение,1,Estimation,682742490,1664857887,18.02.2021 14:45:14
202112,ES + Home,DIY,Сад и огород,0,Estimation,2428145872,3636164023,18.02.2021 14:45:14
202112,ES + Home,DIY,Сад и огород,1,Estimation,3555439601,572971407,18.02.2021 14:45:14
202112,ES + Home,DIY,Ремонт и строительство,1,Estimation,4038684798,2723280041,18.02.2021 14:45:14
202112,ES + Home,DIY,Сантехника,0,Estimation,1614865286,1547475775,18.02.2021 14:45:14
202112,ES + Home,DIY,Сад и огород,0,Estimation,321703913,3645390751,17.02.2021 18:25:32
202112,ES + Home,DIY,Инструменты,0,Estimation,1721837749,2172728729,17.02.2021 18:25:32
202112,ES + Home,DIY,Фильтры для воды,1,Estimation,3351183184,1182276985,18.02.2021 14:45:14
202112,ES + Home,DIY,Ремонт и строительство,0,Estimation,3742409764,2715038439,17.02.2021 18:25:32
202112,ES + Home,DIY,Освещение,0,Estimation,2463234747,1542301409,17.02.2021 18:25:32
202112,ES + Home,DIY,Фильтры для воды,0,Estimation,1064504199,3135275339,18.02.2021 14:45:14
202112,ES + Home,DIY,Инструменты,0,Estimation,2496115796,2080637067,18.01.2021 14:45:14
202112,ES + Home,DIY,Ремонт и строительство,0,Estimation,530788156,1324087528,18.01.2021 14:45:14
202112,ES + Home,DIY,Освещение,0,Estimation,2631439622,2936747838,18.01.2021 14:45:14
202112,ES + Home,DIY,Инструменты,1,Estimation,343707387,1603025473,18.01.2021 14:45:14
202112,ES + Home,DIY,Сантехника,0,Estimation,892256969,1875341139,17.01.2021 18:25:32
202112,ES + Home,DIY,Сантехника,0,Estimation,636057238,1472382761,18.01.2021 14:45:14
202112,ES + Home,DIY,Фильтры для воды,0,Estimation,1784247492,1474481275,17.01.2021 18:25:32
202112,ES + Home,DIY,Освещение,1,Estimation,623334031,3960724384,18.01.2021 14:45:14
202112,ES + Home,DIY,Сад и огород,0,Estimation,3950350518,432889106,18.01.2021 14:45:14
202112,ES + Home,DIY,Ремонт и строительство,1,Estimation,1516548143,1263309641,18.01.2021 14:45:14
202112,ES + Home,DIY,Сад и огород,1,Estimation,3710268277,3499868810,18.01.2021 14:45:14
202112,ES + Home,DIY,Освещение,0,Estimation,1855958931,1519569350,17.01.2021 18:25:32
202112,ES + Home,DIY,Инструменты,0,Estimation,2857774393,150546654,17.01.2021 18:25:32
202112,ES + Home,DIY,Ремонт и строительство,0,Estimation,2881247759,1603334450,17.01.2021 18:25:32
202112,ES + Home,DIY,Фильтры для воды,1,Estimation,2151978983,3536444247,18.01.2021 14:45:14
202112,ES + Home,DIY,Фильтры для воды,0,Estimation,4053096479,609500270,18.01.2021 14:45:14
202112,ES + Home,DIY,Сад и огород,0,Estimation,1862684898,3969666018,17.01.2021 18:25:32
202112,ES + Home,Furniture,Столы и стулья,0,Estimation,1618665400,2765458132,17.02.2021 18:25:32
202112,ES + Home,Furniture,Мебель для сада,0,Estimation,1462449442,4065466487,17.02.2021 18:25:32
202112,ES + Home,Furniture,Прочая мебель,0,Estimation,1446156445,2989732638,17.02.2021 18:25:32
202112,ES + Home,Furniture,Мягкая мебель,0,Estimation,1784324255,3576059516,18.02.2021 14:15:16
202112,ES + Home,Furniture,Корпусная мебель и мебель для хранения,0,Estimation,161154355,1136804573,18.02.2021 14:15:16
202112,ES + Home,Furniture,Мебель для сна,0,Estimation,3093590051,1220445312,17.02.2021 18:25:32
202112,ES + Home,Furniture,Компьютерная и офисная мебель,0,Estimation,3622324869,1519657943,17.02.2021 18:25:32
202112,ES + Home,Furniture,Мебель для сна,0,Estimation,1370137649,3495606567,18.02.2021 14:15:16
202112,ES + Home,Furniture,Мебель для сада,0,Estimation,1150624533,326793061,18.02.2021 14:15:16
202112,ES + Home,Furniture,Столы и стулья,0,Estimation,918883212,2197998648,18.02.2021 14:15:16
202112,ES + Home,Furniture,Корпусная мебель и мебель для хранения,0,Estimation,2242259132,738490949,17.02.2021 18:25:32
202112,ES + Home,Furniture,Мягкая мебель,0,Estimation,2467938275,708380729,17.02.2021 18:25:32
202112,ES + Home,Furniture,Компьютерная и офисная мебель,0,Estimation,2300710406,426709641,18.02.2021 14:15:16
202112,ES + Home,Furniture,Прочая мебель,0,Estimation,3846091927,1411917551,18.02.2021 14:15:16
202112,ES + Home,Furniture,Мебель для сада,0,Estimation,4267778217,702734868,18.01.2021 14:15:16
202112,ES + Home,Furniture,Столы и стулья,0,Estimation,1087933346,3339031409,18.01.2021 14:15:16
202112,ES + Home,Furniture,Корпусная мебель и мебель для хранения,0,Estimation,2157046087,2510390829,17.01.2021 18:25:32
202112,ES + Home,Furniture,Мебель для сна,0,Estimation,609099584,2996687567,17.01.2021 18:25:32
202112,ES + Home,Furniture,Корпусная мебель и мебель для хранения,0,Estimation,3475361320,3496032389,18.01.2021 14:15:16
202112,ES + Home,Furniture,Прочая мебель,0,Estimation,3070642018,2842954746,18.01.2021 14:15:16
202112,ES + Home,Furniture,Прочая мебель,0,Estimation,2356032355,2358127046,17.01.2021 18:25:32
202112,ES + Home,Furniture,Мебель для сна,0,Estimation,667468660,151599342,18.01.2021 14:15:16
202112,ES + Home,Furniture,Мебель для сада,0,Estimation,1994842694,460376818,17.01.2021 18:25:32
202112,ES + Home,Furniture,Столы и стулья,0,Estimation,3418050116,717030472,17.01.2021 18:25:32
202112,ES + Home,Furniture,Мягкая мебель,0,Estimation,3109085177,3396995601,17.01.2021 18:25:32
202112,ES + Home,Furniture,Компьютерная и офисная мебель,0,Estimation,1082622813,3944513103,18.01.2021 14:15:16
202112,ES + Home,Furniture,Компьютерная и офисная мебель,0,Estimation,292725332,2119977756,17.01.2021 18:25:32
202112,ES + Home,Furniture,Мягкая мебель,0,Estimation,422455778,587243673,18.01.2021 14:15:16
202112,ES + Home,Household,Хранение,0,Estimation,1274196797,1920407845,18.02.2021 14:45:14
202112,ES + Home,Household,Домашний текстиль,0,Estimation,905811422,1492422668,18.02.2021 14:45:14
202112,ES + Home,Household,Кухня,1,Estimation,3587715016,1214087884,18.02.2021 14:45:14
202112,ES + Home,Household,Ритуальные изделия,0,Estimation,1048506973,873620359,17.02.2021 18:25:32
202112,ES + Home,Household,Принадлежности для Нового года,0,Estimation,3592658014,2773246076,18.02.2021 14:45:14
202112,ES + Home,Household,Ванная комната,0,Estimation,3554228594,674141805,18.02.2021 14:45:14
202112,ES + Home,Household,Интерьер и декор,1,Estimation,582246523,3496179059,18.02.2021 14:45:14
202112,ES + Home,Household,Принадлежности для Нового года,1,Estimation,1668986858,3883968110,18.02.2021 14:45:14
202112,ES + Home,Household,Антиквариат Хоум Декор,0,Estimation,3057063779,3316895097,18.02.2021 14:45:14
202112,ES + Home,Household,Аксессуары для уборки и стирки,1,Estimation,1945300062,3206463505,18.02.2021 14:45:14
202112,ES + Home,Household,Аксессуары для уборки и стирки,0,Estimation,547346349,61686215,18.02.2021 14:45:14
202112,ES + Home,Household,Домашний текстиль,1,Estimation,883474652,3504190812,18.02.2021 14:45:14
202112,ES + Home,Household,Кухня,0,Estimation,2490142156,2379328344,18.02.2021 14:45:14
202112,ES + Home,Household,Антиквариат Хоум Декор,0,Estimation,55499133,2372694527,17.02.2021 18:25:32
202112,ES + Home,Household,Принадлежности для Нового года,1,Estimation,3547277293,601199849,17.02.2021 18:25:32
202112,ES + Home,Household,Аксессуары для уборки и стирки,0,Estimation,863350829,1837992374,17.02.2021 18:25:32
202112,ES + Home,Household,Кухня,0,Estimation,624226757,2647369201,17.02.2021 18:25:32
202112,ES + Home,Household,Интерьер и декор,0,Estimation,412426126,3522277072,18.02.2021 14:45:14
202112,ES + Home,Household,Интерьер и декор,0,Estimation,2410002540,1791838305,17.02.2021 18:25:32
202112,ES + Home,Household,Хранение,0,Estimation,1298856125,127421122,17.02.2021 18:25:32
202112,ES + Home,Household,Домашний текстиль,0,Estimation,904124505,1950245116,17.02.2021 18:25:32
202112,ES + Home,Household,Принадлежности для Нового года,0,Estimation,3161162026,2210278928,17.02.2021 18:25:32
202112,ES + Home,Household,Ванная комната,0,Estimation,2052068387,963124236,17.02.2021 18:25:32
202112,ES + Home,Household,Ритуальные изделия,0,Estimation,3746203878,2408003169,18.02.2021 14:45:14
202112,ES + Home,Household,Интерьер и декор,1,Estimation,3052411052,2683880894,18.01.2021 14:45:14
202112,ES + Home,Household,Хранение,0,Estimation,1571863377,3802408489,18.01.2021 14:45:14
202112,ES + Home,Household,Домашний текстиль,0,Estimation,4158570527,3222017370,18.01.2021 14:45:14
202112,ES + Home,Household,Принадлежности для Нового года,0,Estimation,443274789,2610079925,18.01.2021 14:45:14
202112,ES + Home,Household,Ванная комната,0,Estimation,1840535076,829283315,18.01.2021 14:45:14
202112,ES + Home,Household,Кухня,1,Estimation,353061614,638983613,18.01.2021 14:45:14
202112,ES + Home,Household,Аксессуары для уборки и стирки,1,Estimation,2257062779,1827457743,18.01.2021 14:45:14
202112,ES + Home,Household,Ритуальные изделия,0,Estimation,2775693521,1475930180,17.01.2021 18:25:32
202112,ES + Home,Household,Принадлежности для Нового года,1,Estimation,4069536202,2109985716,18.01.2021 14:45:14
202112,ES + Home,Household,Антиквариат Хоум Декор,0,Estimation,4268221519,1397428239,18.01.2021 14:45:14
202112,ES + Home,Household,Аксессуары для уборки и стирки,0,Estimation,726130314,897225091,18.01.2021 14:45:14
202112,ES + Home,Household,Домашний текстиль,1,Estimation,1971371566,2493764366,18.01.2021 14:45:14
202112,ES + Home,Household,Кухня,0,Estimation,3645952931,1960256604,18.01.2021 14:45:14
202112,ES + Home,Household,Ванная комната,0,Estimation,685677674,1714555010,17.01.2021 18:25:32
202112,ES + Home,Household,Принадлежности для Нового года,0,Estimation,4174961852,2883342358,17.01.2021 18:25:32
202112,ES + Home,Household,Домашний текстиль,0,Estimation,4136214370,2811918001,17.01.2021 18:25:32
202112,ES + Home,Household,Хранение,0,Estimation,710090526,3907644366,17.01.2021 18:25:32
202112,ES + Home,Household,Кухня,0,Estimation,1506868209,3595176468,17.01.2021 18:25:32
202112,ES + Home,Household,Аксессуары для уборки и стирки,0,Estimation,321814354,3231094582,17.01.2021 18:25:32
202112,ES + Home,Household,Ритуальные изделия,0,Estimation,532592858,1844743819,18.01.2021 14:45:14
202112,ES + Home,Household,Принадлежности для Нового года,1,Estimation,1682793926,437969481,17.01.2021 18:25:32
202112,ES + Home,Household,Антиквариат Хоум Декор,0,Estimation,3494344660,212783334,17.01.2021 18:25:32
202112,ES + Home,Household,Интерьер и декор,0,Estimation,3882582466,1696799326,18.01.2021 14:45:14
202112,ES + Home,Household,Интерьер и декор,0,Estimation,3572121987,1776653129,17.01.2021 18:25:32
202112,ES + Home,Laptops & Computers,Расходный материал для электроники Lap&Comp,1,Estimation,4157949662,3458972485,17.02.2021 13:05:08
202112,ES + Home,Laptops & Computers,Домашняя Аудио и Видеотехника Lap&Comp,0,Estimation,4130170111,2694541605,17.02.2021 13:05:08
202112,ES + Home,Laptops & Computers,Компьютеры Lap&Comp,1,Estimation,752371478,2199775788,17.02.2021 13:05:08
202112,ES + Home,Laptops & Computers,Компьютерная периферия Lap&Comp,0,Estimation,3221080469,1546288719,17.02.2021 13:05:08
202112,ES + Home,Laptops & Computers,Расходный материал для электроники Lap&Comp,0,Estimation,1681912925,1775863134,17.02.2021 13:05:08
202112,ES + Home,Laptops & Computers,Компьютеры Lap&Comp,0,Estimation,157909625,2169172637,17.02.2021 13:05:08
202112,ES + Home,Laptops & Computers,Компьютерная офисная техника Lap&Comp,0,Estimation,2641067363,540393662,17.02.2021 13:05:08
202112,ES + Home,Laptops & Computers,Компьютерная периферия Lap&Comp,1,Estimation,1790817589,1109786954,17.02.2021 13:05:08
202112,ES + Home,Laptops & Computers,Компьютерная периферия Lap&Comp,1,Estimation,2437275561,457000753,17.01.2021 13:05:08
202112,ES + Home,Laptops & Computers,Компьютерная офисная техника Lap&Comp,0,Estimation,961156234,3007579192,17.01.2021 13:05:08
202112,ES + Home,Laptops & Computers,Компьютеры Lap&Comp,1,Estimation,2079524433,169145235,17.01.2021 13:05:08
202112,ES + Home,Laptops & Computers,Компьютеры Lap&Comp,0,Estimation,3093228666,3045604909,17.01.2021 13:05:08
202112,ES + Home,Laptops & Computers,Домашняя Аудио и Видеотехника Lap&Comp,0,Estimation,2071490125,3430418757,17.01.2021 13:05:08
202112,ES + Home,Laptops & Computers,Расходный материал для электроники Lap&Comp,1,Estimation,238599630,2393463407,17.01.2021 13:05:08
202112,ES + Home,Laptops & Computers,Расходный материал для электроники Lap&Comp,0,Estimation,3635138777,2460597690,17.01.2021 13:05:08
202112,ES + Home,Laptops & Computers,Компьютерная периферия Lap&Comp,0,Estimation,2302463875,1206108099,17.01.2021 13:05:08
202112,ES + Home,Major Domestic Appliances,Крупная бытовая техника MDA,0,Estimation,3484209362,3218679550,16.02.2021 17:46:45
202112,ES + Home,Major Domestic Appliances,Крупная бытовая техника MDA,0,Estimation,503681419,2319028148,16.01.2021 17:46:45
202112,ES + Home,Miscellaneous accessories,Компьютерная периферия Access,0,Estimation,3646591954,878444028,17.02.2021 18:25:32
202112,ES + Home,Miscellaneous accessories,Игровые приставки и аксессуары Access,1,Estimation,2360596608,2145735301,17.02.2021 18:25:32
202112,ES + Home,Miscellaneous accessories,Фото и видео Access,0,Estimation,832443798,3263516784,17.02.2021 18:25:32
202112,ES + Home,Miscellaneous accessories,Оборудование Access,0,Estimation,2377869665,423494252,17.02.2021 18:25:32
202112,ES + Home,Miscellaneous accessories,Средства связи Access,0,Estimation,3723723388,3067111048,17.02.2021 18:25:32
202112,ES + Home,Miscellaneous accessories,Игровые приставки и аксессуары Access,0,Estimation,349440761,2060474440,17.02.2021 18:25:32
202112,ES + Home,Miscellaneous accessories,Электропитание Access,1,Estimation,2023329946,1850658999,17.02.2021 18:25:32
202112,ES + Home,Miscellaneous accessories,Домашняя Аудио и Видеотехника Access,1,Estimation,3855693501,3583749133,17.02.2021 18:25:32
202112,ES + Home,Miscellaneous accessories,Расходный материал для электроники Access,0,Estimation,2631260093,3703267592,17.02.2021 18:25:32
202112,ES + Home,Miscellaneous accessories,Компьютеры Access,0,Estimation,1828920010,1245350564,17.02.2021 18:25:32
202112,ES + Home,Miscellaneous accessories,Компьютерная периферия Access,1,Estimation,3553454298,3491877187,17.02.2021 18:25:32
202112,ES + Home,Miscellaneous accessories,Фото и видео Access,1,Estimation,4203322064,2243361340,17.02.2021 18:25:32
202112,ES + Home,Miscellaneous accessories,Расходный материал для электроники Access,1,Estimation,522612902,1048144506,17.02.2021 18:25:32
202112,ES + Home,Miscellaneous accessories,Компьютеры Access,1,Estimation,3089639879,836063949,17.02.2021 18:25:32
202112,ES + Home,Miscellaneous accessories,Электропитание Access,0,Estimation,4183435701,935773363,17.02.2021 18:25:32
202112,ES + Home,Miscellaneous accessories,Средства связи Access,1,Estimation,890224008,2518161636,17.02.2021 18:25:32
202112,ES + Home,Miscellaneous accessories,Бытовая техника Access,1,Estimation,3778585405,2508641884,17.02.2021 18:25:32
202112,ES + Home,Miscellaneous accessories,Автомобильная техника Access,0,Estimation,2713791890,1935777435,17.02.2021 18:25:32
202112,ES + Home,Miscellaneous accessories,Электронные товары хобби и отдых Access,0,Estimation,92978278,513492941,17.02.2021 18:25:32
202112,ES + Home,Miscellaneous accessories,Домашняя Аудио и Видеотехника Access,0,Estimation,1303588938,1946786086,17.02.2021 18:25:32
202112,ES + Home,Miscellaneous accessories,Бытовая техника Access,0,Estimation,2807343687,1021949339,17.02.2021 18:25:32
202112,ES + Home,Miscellaneous accessories,Компьютеры Access,1,Estimation,2754760038,3615510982,17.01.2021 18:25:32
202112,ES + Home,Miscellaneous accessories,Расходный материал для электроники Access,1,Estimation,627367118,924616483,17.01.2021 18:25:32
202112,ES + Home,Miscellaneous accessories,Средства связи Access,1,Estimation,2454933677,3731074322,17.01.2021 18:25:32
202112,ES + Home,Miscellaneous accessories,Электропитание Access,0,Estimation,1475577813,2349119097,17.01.2021 18:25:32
202112,ES + Home,Miscellaneous accessories,Расходный материал для электроники Access,0,Estimation,1354434129,144382278,17.01.2021 18:25:32
202112,ES + Home,Miscellaneous accessories,Электропитание Access,1,Estimation,1997449350,2360250750,17.01.2021 18:25:32
202112,ES + Home,Miscellaneous accessories,Фото и видео Access,1,Estimation,1510336479,3999336106,17.01.2021 18:25:32
202112,ES + Home,Miscellaneous accessories,Компьютерная периферия Access,1,Estimation,3721269324,1447995469,17.01.2021 18:25:32
202112,ES + Home,Miscellaneous accessories,Компьютеры Access,0,Estimation,2216720109,1723046665,17.01.2021 18:25:32
202112,ES + Home,Miscellaneous accessories,Игровые приставки и аксессуары Access,0,Estimation,2193569928,3761463613,17.01.2021 18:25:32
202112,ES + Home,Miscellaneous accessories,Средства связи Access,0,Estimation,2032262662,2029652977,17.01.2021 18:25:32
202112,ES + Home,Miscellaneous accessories,Игровые приставки и аксессуары Access,1,Estimation,426557676,1936508146,17.01.2021 18:25:32
202112,ES + Home,Miscellaneous accessories,Компьютерная периферия Access,0,Estimation,2311328218,3869085454,17.01.2021 18:25:32
202112,ES + Home,Miscellaneous accessories,Фото и видео Access,0,Estimation,252726944,1333450451,17.01.2021 18:25:32
202112,ES + Home,Miscellaneous accessories,Домашняя Аудио и Видеотехника Access,1,Estimation,930681025,2621483925,17.01.2021 18:25:32
202112,ES + Home,Miscellaneous accessories,Домашняя Аудио и Видеотехника Access,0,Estimation,3564430017,539777421,17.01.2021 18:25:32
202112,ES + Home,Miscellaneous accessories,Бытовая техника Access,0,Estimation,3791536961,1613936664,17.01.2021 18:25:32
202112,ES + Home,Miscellaneous accessories,Электронные товары хобби и отдых Access,0,Estimation,1018415308,2735914439,17.01.2021 18:25:32
202112,ES + Home,Miscellaneous accessories,Автомобильная техника Access,0,Estimation,830482493,2968416070,17.01.2021 18:25:32
202112,ES + Home,Miscellaneous accessories,Бытовая техника Access,1,Estimation,101131860,2158277238,17.01.2021 18:25:32
202112,ES + Home,Miscellaneous accessories,Оборудование Access,0,Estimation,1305508844,2752827981,17.01.2021 18:25:32
202112,ES + Home,Small Domestic Appliances,Оборудование SDA,0,Estimation,3307680276,444531855,18.02.2021 14:45:14
202112,ES + Home,Small Domestic Appliances,Мелкая бытовая техника SDA,1,Estimation,648697705,1624259838,18.02.2021 14:45:14
202112,ES + Home,Small Domestic Appliances,Мелкая бытовая техника SDA,0,Estimation,1008439138,1395921422,18.02.2021 14:45:14
202112,ES + Home,Small Domestic Appliances,Мелкая бытовая техника SDA,0,Estimation,2530242736,4118957615,17.02.2021 18:25:32
202112,ES + Home,Small Domestic Appliances,Оборудование SDA,0,Estimation,923478007,217326915,17.02.2021 18:25:32
202112,ES + Home,Small Domestic Appliances,Оборудование SDA,0,Estimation,719536756,1693689359,18.01.2021 14:45:14
202112,ES + Home,Small Domestic Appliances,Мелкая бытовая техника SDA,1,Estimation,1071956645,4021436658,18.01.2021 14:45:14
202112,ES + Home,Small Domestic Appliances,Оборудование SDA,0,Estimation,3227344606,3773940410,17.01.2021 18:25:32
202112,ES + Home,Small Domestic Appliances,Мелкая бытовая техника SDA,0,Estimation,675016198,604025912,17.01.2021 18:25:32
202112,ES + Home,Small Domestic Appliances,Мелкая бытовая техника SDA,0,Estimation,2025330397,3134856580,18.01.2021 14:45:14
202112,ES + Home,Smartphones & Tablets,Средства связи Smart&Tablets,0,Estimation,1955605236,157401129,16.02.2021 18:10:45
202112,ES + Home,Smartphones & Tablets,Компьютеры Smart&Tablets,0,Estimation,1953500139,1244618207,16.02.2021 18:10:45
202112,ES + Home,Smartphones & Tablets,Компьютеры Smart&Tablets,1,Estimation,788479519,3674916629,16.02.2021 18:29:35
202112,ES + Home,Smartphones & Tablets,Средства связи Smart&Tablets,1,Estimation,825749897,325114335,16.02.2021 18:29:35
202112,ES + Home,Smartphones & Tablets,Компьютеры Smart&Tablets,0,Estimation,3290819142,2788164501,16.01.2021 18:10:45
202112,ES + Home,Smartphones & Tablets,Средства связи Smart&Tablets,0,Estimation,624987204,4147624220,16.01.2021 18:10:45
202112,ES + Home,Smartphones & Tablets,Компьютеры Smart&Tablets,1,Estimation,2536077366,1019659552,16.01.2021 18:29:35
202112,ES + Home,Smartphones & Tablets,Средства связи Smart&Tablets,1,Estimation,425936004,3291339123,16.01.2021 18:29:35
202112,ES + Home,Sport,Спортивные аксессуары,1,Estimation,3636992569,4070173590,17.02.2021 18:25:32
202112,ES + Home,Sport,Единоборства,0,Estimation,4269931174,1663027043,17.02.2021 18:25:32
202112,ES + Home,Sport,Страйкбол и пневматика,0,Estimation,3844571030,1250711210,17.02.2021 18:25:32
202112,ES + Home,Sport,Спортивные аксессуары,0,Estimation,3047086215,728094174,17.02.2021 18:25:32
202112,ES + Home,Sport,Тренажеры и фитнес,0,Estimation,2249701708,593566551,17.02.2021 18:25:32
202112,ES + Home,Sport,Всесезонные виды спорта,0,Estimation,1614012680,1132016156,17.02.2021 18:25:32
202112,ES + Home,Sport,Туризм,1,Estimation,3000904287,1573009608,17.02.2021 18:25:32
202112,ES + Home,Sport,Тренажеры и фитнес,1,Estimation,1945976679,2888095596,17.02.2021 18:25:32
202112,ES + Home,Sport,Всесезонные виды спорта,1,Estimation,2438731383,3127165996,17.02.2021 18:25:32
202112,ES + Home,Sport,Туризм,0,Estimation,1744091813,2060962396,17.02.2021 18:25:32
202112,ES + Home,Sport,Цирковое искусство,0,Estimation,2557844099,2663277098,17.02.2021 18:25:32
202112,ES + Home,Sport,Летние виды спорта,0,Estimation,2429243966,3546652828,17.02.2021 18:25:32
202112,ES + Home,Sport,Товары для охоты,0,Estimation,2902556242,442860899,17.02.2021 18:25:32
202112,ES + Home,Sport,Товары для рыбалки,0,Estimation,3131792370,1136826773,17.02.2021 18:25:32
202112,ES + Home,Sport,Зимние виды спорта,0,Estimation,183989810,3637870033,17.02.2021 18:25:32
202112,ES + Home,Sport,Цирковое искусство,0,Estimation,1363576654,1325189629,17.01.2021 18:25:32
202112,ES + Home,Sport,Спортивные аксессуары,0,Estimation,3837355289,3271886489,17.01.2021 18:25:32
202112,ES + Home,Sport,Единоборства,0,Estimation,1898545084,239143518,17.01.2021 18:25:32
202112,ES + Home,Sport,Страйкбол и пневматика,0,Estimation,3681917739,3312593668,17.01.2021 18:25:32
202112,ES + Home,Sport,Тренажеры и фитнес,0,Estimation,2391732203,4211701432,17.01.2021 18:25:32
202112,ES + Home,Sport,Спортивные аксессуары,1,Estimation,3672416171,1328175781,17.01.2021 18:25:32
202112,ES + Home,Sport,Тренажеры и фитнес,1,Estimation,3919414612,211885515,17.01.2021 18:25:32
202112,ES + Home,Sport,Товары для охоты,0,Estimation,3291513956,3162783331,17.01.2021 18:25:32
202112,ES + Home,Sport,Туризм,0,Estimation,351022737,4218005757,17.01.2021 18:25:32
202112,ES + Home,Sport,Зимние виды спорта,0,Estimation,668063845,469359233,17.01.2021 18:25:32
202112,ES + Home,Sport,Всесезонные виды спорта,1,Estimation,1860218747,780860995,17.01.2021 18:25:32
202112,ES + Home,Sport,Товары для рыбалки,0,Estimation,775704133,304035014,17.01.2021 18:25:32
202112,ES + Home,Sport,Туризм,1,Estimation,3822501181,844591012,17.01.2021 18:25:32
202112,ES + Home,Sport,Всесезонные виды спорта,0,Estimation,593592801,2504836611,17.01.2021 18:25:32
202112,ES + Home,Sport,Летние виды спорта,0,Estimation,343648650,2210444267,17.01.2021 18:25:32
202112,ES + Home,TV  audio  Hi-Fi & other electronics,Карты оплаты  страховки TV&Audio,0,Estimation,3569071300,4155072765,18.02.2021 14:45:14
202112,ES + Home,TV  audio  Hi-Fi & other electronics,Система безопасности TV&Audio,0,Estimation,3992564236,2190735634,18.02.2021 14:45:14
202112,ES + Home,TV  audio  Hi-Fi & other electronics,Домашняя Аудио и Видеотехника TV&Audio,0,Estimation,1843899255,1261100645,17.02.2021 13:01:51
202112,ES + Home,TV  audio  Hi-Fi & other electronics,Система безопасности TV&Audio,0,Estimation,1667752899,1125115345,17.02.2021 13:01:51
202112,ES + Home,TV  audio  Hi-Fi & other electronics,Домашняя Аудио и Видеотехника TV&Audio,0,Estimation,3581866227,2003898197,18.02.2021 14:45:14
202112,ES + Home,TV  audio  Hi-Fi & other electronics,Програмное обеспечение TV&Audio,1,Estimation,3872334396,2215872445,18.02.2021 14:45:14
202112,ES + Home,TV  audio  Hi-Fi & other electronics,Фото и видео TV&Audio,0,Estimation,2932308575,858409729,18.02.2021 14:45:14
202112,ES + Home,TV  audio  Hi-Fi & other electronics,Автомобильная техника TV&Audio,0,Estimation,4092089913,1738858076,18.02.2021 14:45:14
202112,ES + Home,TV  audio  Hi-Fi & other electronics,Програмное обеспечение TV&Audio,0,Estimation,742010117,3044079598,18.02.2021 14:45:14
202112,ES + Home,TV  audio  Hi-Fi & other electronics,Домашняя Аудио и Видеотехника TV&Audio,1,Estimation,4144755673,3556255246,18.02.2021 14:45:14
202112,ES + Home,TV  audio  Hi-Fi & other electronics,Фото и видео TV&Audio,0,Estimation,3932527090,3708759849,17.02.2021 13:01:51
202112,ES + Home,TV  audio  Hi-Fi & other electronics,Система безопасности TV&Audio,1,Estimation,2911634383,357826413,18.02.2021 14:45:14
202112,ES + Home,TV  audio  Hi-Fi & other electronics,Фан атрибутика TV&Audio,0,Estimation,1589646515,242802092,18.02.2021 14:45:14
202112,ES + Home,TV  audio  Hi-Fi & other electronics,Портативная аудиотехника TV&Audio,0,Estimation,2380731216,3431697842,17.02.2021 13:01:51
202112,ES + Home,TV  audio  Hi-Fi & other electronics,Компьютеры TV&Audio,0,Estimation,2070308528,1978818454,17.02.2021 13:01:51
202112,ES + Home,TV  audio  Hi-Fi & other electronics,Игровые приставки и аксессуары TV&Audio,0,Estimation,2361641070,1576428347,17.02.2021 13:01:51
202112,ES + Home,TV  audio  Hi-Fi & other electronics,Электронные товары хобби и отдых TV&Audio,1,Estimation,1429254233,709414359,18.02.2021 14:45:14
202112,ES + Home,TV  audio  Hi-Fi & other electronics,Компьютеры TV&Audio,0,Estimation,3121489348,3403358144,18.02.2021 14:45:14
202112,ES + Home,TV  audio  Hi-Fi & other electronics,Портативная аудиотехника TV&Audio,0,Estimation,1158810224,2257039625,18.02.2021 14:45:14
202112,ES + Home,TV  audio  Hi-Fi & other electronics,Програмное обеспечение TV&Audio,0,Estimation,997336739,872330309,17.02.2021 13:01:51
202112,ES + Home,TV  audio  Hi-Fi & other electronics,Портативная аудиотехника TV&Audio,1,Estimation,1063741088,3651801331,18.02.2021 14:45:14
202112,ES + Home,TV  audio  Hi-Fi & other electronics,Автомобильная техника TV&Audio,1,Estimation,1683893086,142350232,18.02.2021 14:45:14
202112,ES + Home,TV  audio  Hi-Fi & other electronics,Электронные товары хобби и отдых TV&Audio,0,Estimation,285796215,543691732,18.02.2021 14:45:14
202112,ES + Home,TV  audio  Hi-Fi & other electronics,Компьютеры TV&Audio,1,Estimation,2687476095,3244154878,18.02.2021 14:45:14
202112,ES + Home,TV  audio  Hi-Fi & other electronics,Фан атрибутика TV&Audio,0,Estimation,4075420320,4179101408,17.02.2021 13:01:51
202112,ES + Home,TV  audio  Hi-Fi & other electronics,Фото и видео TV&Audio,1,Estimation,1942878850,4200953723,18.02.2021 14:45:14
202112,ES + Home,TV  audio  Hi-Fi & other electronics,Электронные товары хобби и отдых TV&Audio,0,Estimation,759616670,3763901393,17.02.2021 13:01:51
202112,ES + Home,TV  audio  Hi-Fi & other electronics,Средства связи TV&Audio,0,Estimation,3522319562,2148076263,17.02.2021 13:01:51
202112,ES + Home,TV  audio  Hi-Fi & other electronics,Игровые приставки и аксессуары TV&Audio,1,Estimation,3078583422,4095414627,18.02.2021 14:45:14
202112,ES + Home,TV  audio  Hi-Fi & other electronics,Movie,0,Estimation,493939939,238377829,17.02.2021 13:01:51
202112,ES + Home,TV  audio  Hi-Fi & other electronics,Music,0,Estimation,2020430375,2537616102,17.02.2021 13:01:51
202112,ES + Home,TV  audio  Hi-Fi & other electronics,Music,0,Estimation,2137519422,1573340101,18.02.2021 14:45:14
202112,ES + Home,TV  audio  Hi-Fi & other electronics,Movie,0,Estimation,1956362173,3935185321,18.02.2021 14:45:14
202112,ES + Home,TV  audio  Hi-Fi & other electronics,Автомобильная техника TV&Audio,0,Estimation,1217908544,3899441334,17.02.2021 13:01:51
202112,ES + Home,TV  audio  Hi-Fi & other electronics,Компьютерная периферия TV&Audio,0,Estimation,649614072,2207225966,18.02.2021 14:45:14
202112,ES + Home,TV  audio  Hi-Fi & other electronics,Средства связи TV&Audio,0,Estimation,498570787,537828997,18.02.2021 14:45:14
202112,ES + Home,TV  audio  Hi-Fi & other electronics,Игровые приставки и аксессуары TV&Audio,0,Estimation,2311419402,30347690,18.02.2021 14:45:14
202112,ES + Home,TV  audio  Hi-Fi & other electronics,Компьютерная периферия TV&Audio,0,Estimation,3361257840,1747335082,17.02.2021 13:01:51
202112,ES + Home,TV  audio  Hi-Fi & other electronics,Средства связи TV&Audio,1,Estimation,3218353745,830662537,18.02.2021 14:45:14
202112,ES + Home,TV  audio  Hi-Fi & other electronics,Домашняя Аудио и Видеотехника TV&Audio,0,Estimation,1854307985,2227231822,18.01.2021 14:45:14
202112,ES + Home,TV  audio  Hi-Fi & other electronics,Игровые приставки и аксессуары TV&Audio,0,Estimation,1350859252,4058796314,18.01.2021 14:45:14
202112,ES + Home,TV  audio  Hi-Fi & other electronics,Компьютерная периферия TV&Audio,0,Estimation,1551738571,479091283,17.01.2021 13:01:51
202112,ES + Home,TV  audio  Hi-Fi & other electronics,Компьютерная периферия TV&Audio,0,Estimation,1128565571,509428124,18.01.2021 14:45:14
202112,ES + Home,TV  audio  Hi-Fi & other electronics,Портативная аудиотехника TV&Audio,0,Estimation,1001212238,2044078085,17.01.2021 13:01:51
202112,ES + Home,TV  audio  Hi-Fi & other electronics,Компьютеры TV&Audio,0,Estimation,185159447,1510412654,17.01.2021 13:01:51
202112,ES + Home,TV  audio  Hi-Fi & other electronics,Система безопасности TV&Audio,0,Estimation,4291513342,3135176316,18.01.2021 14:45:14
202112,ES + Home,TV  audio  Hi-Fi & other electronics,Система безопасности TV&Audio,1,Estimation,2439383581,528345530,18.01.2021 14:45:14
202112,ES + Home,TV  audio  Hi-Fi & other electronics,Электронные товары хобби и отдых TV&Audio,0,Estimation,346479484,2721449297,17.01.2021 13:01:51
202112,ES + Home,TV  audio  Hi-Fi & other electronics,Фото и видео TV&Audio,0,Estimation,1804561937,2850180431,18.01.2021 14:45:14
202112,ES + Home,TV  audio  Hi-Fi & other electronics,Домашняя Аудио и Видеотехника TV&Audio,1,Estimation,1715496284,2247488125,18.01.2021 14:45:14
202112,ES + Home,TV  audio  Hi-Fi & other electronics,Игровые приставки и аксессуары TV&Audio,1,Estimation,2147622461,3367354283,18.01.2021 14:45:14
202112,ES + Home,TV  audio  Hi-Fi & other electronics,Компьютеры TV&Audio,0,Estimation,1026665566,1150936255,18.01.2021 14:45:14
202112,ES + Home,TV  audio  Hi-Fi & other electronics,Система безопасности TV&Audio,0,Estimation,1840897724,1100469748,17.01.2021 13:01:51
202112,ES + Home,TV  audio  Hi-Fi & other electronics,Портативная аудиотехника TV&Audio,0,Estimation,2057634083,3760555996,18.01.2021 14:45:14
202112,ES + Home,TV  audio  Hi-Fi & other electronics,Средства связи TV&Audio,1,Estimation,1745255713,4144533123,18.01.2021 14:45:14
202112,ES + Home,TV  audio  Hi-Fi & other electronics,Домашняя Аудио и Видеотехника TV&Audio,0,Estimation,614766220,3622583323,17.01.2021 13:01:51
202112,ES + Home,TV  audio  Hi-Fi & other electronics,Электронные товары хобби и отдых TV&Audio,1,Estimation,389143460,1368644505,18.01.2021 14:45:14
202112,ES + Home,TV  audio  Hi-Fi & other electronics,Компьютеры TV&Audio,1,Estimation,1548535684,3338535444,18.01.2021 14:45:14
202112,ES + Home,TV  audio  Hi-Fi & other electronics,Фото и видео TV&Audio,0,Estimation,2995795589,3455732590,17.01.2021 13:01:51
202112,ES + Home,TV  audio  Hi-Fi & other electronics,Игровые приставки и аксессуары TV&Audio,0,Estimation,2104235910,2444271546,17.01.2021 13:01:51
202112,ES + Home,TV  audio  Hi-Fi & other electronics,Фото и видео TV&Audio,1,Estimation,58885946,1479096394,18.01.2021 14:45:14
202112,ES + Home,TV  audio  Hi-Fi & other electronics,Средства связи TV&Audio,0,Estimation,47461722,1939949845,17.01.2021 13:01:51
202112,ES + Home,TV  audio  Hi-Fi & other electronics,Портативная аудиотехника TV&Audio,1,Estimation,4080797937,2767486753,18.01.2021 14:45:14
202112,ES + Home,TV  audio  Hi-Fi & other electronics,Средства связи TV&Audio,0,Estimation,3547310626,348453343,18.01.2021 14:45:14
202112,ES + Home,TV  audio  Hi-Fi & other electronics,Электронные товары хобби и отдых TV&Audio,0,Estimation,3869771540,3724136117,18.01.2021 14:45:14
202112,ES + Home,TV  audio  Hi-Fi & other electronics,Фан атрибутика TV&Audio,0,Estimation,4294158341,2139779723,17.01.2021 13:01:51
202112,ES + Home,TV  audio  Hi-Fi & other electronics,Фан атрибутика TV&Audio,0,Estimation,3396817993,3406982695,18.01.2021 14:45:14
202112,ES + Home,TV  audio  Hi-Fi & other electronics,Автомобильная техника TV&Audio,0,Estimation,587800215,294975528,17.01.2021 13:01:51
202112,ES + Home,TV  audio  Hi-Fi & other electronics,Програмное обеспечение TV&Audio,0,Estimation,1141685900,4178242903,17.01.2021 13:01:51
202112,ES + Home,TV  audio  Hi-Fi & other electronics,Програмное обеспечение TV&Audio,0,Estimation,700856761,1969771061,18.01.2021 14:45:14
202112,ES + Home,TV  audio  Hi-Fi & other electronics,Music,0,Estimation,1399916554,471444277,18.01.2021 14:45:14
202112,ES + Home,TV  audio  Hi-Fi & other electronics,Movie,0,Estimation,3222188956,3479117005,18.01.2021 14:45:14
202112,ES + Home,TV  audio  Hi-Fi & other electronics,Програмное обеспечение TV&Audio,1,Estimation,1978168324,2333455460,18.01.2021 14:45:14
202112,ES + Home,TV  audio  Hi-Fi & other electronics,Автомобильная техника TV&Audio,1,Estimation,1138563173,404085518,18.01.2021 14:45:14
202112,ES + Home,TV  audio  Hi-Fi & other electronics,Карты оплаты  страховки TV&Audio,0,Estimation,1822156867,1879242006,18.01.2021 14:45:14
202112,ES + Home,TV  audio  Hi-Fi & other electronics,Movie,0,Estimation,4132807351,1483045614,17.01.2021 13:01:51
202112,ES + Home,TV  audio  Hi-Fi & other electronics,Автомобильная техника TV&Audio,0,Estimation,2357563833,1963103238,18.01.2021 14:45:14
202112,ES + Home,TV  audio  Hi-Fi & other electronics,Music,0,Estimation,1093656117,712708910,17.01.2021 13:01:51
202112,FMCG,FMCG nonfood,Бытовая химия,0,Estimation,3066398126,4028827650,26.02.2021 00:57:31
202112,FMCG,FMCG nonfood,Электроника детская,0,Estimation,27255909,1677323342,26.02.2021 01:05:34
202112,FMCG,FMCG nonfood,Электроника детская,0,Estimation,156861367,1987597536,26.02.2021 01:35:54
202112,FMCG,FMCG nonfood,Кормление детское,1,Estimation,1068429462,2305602925,26.02.2021 01:04:22
202112,FMCG,FMCG nonfood,Бритвы и лезвия,0,Estimation,3962048099,3769829808,26.02.2021 00:57:31
202112,FMCG,FMCG nonfood,Детская продукция,1,Estimation,2350291284,2226738666,26.02.2021 01:04:22
202112,FMCG,FMCG nonfood,Личная гигиена,1,Estimation,2598914579,133002876,26.02.2021 01:04:22
202112,FMCG,FMCG nonfood,Бритвы и лезвия,1,Estimation,3238779199,105006613,26.02.2021 01:04:22
202112,FMCG,FMCG nonfood,Бытовая химия,0,Estimation,960205176,743557251,26.02.2021 01:35:54
202112,FMCG,FMCG nonfood,Детская продукция,0,Estimation,1570274068,1583063848,26.02.2021 01:05:34
202112,FMCG,FMCG nonfood,Уход и гигиена,0,Estimation,653299198,730595229,26.02.2021 01:35:54
202112,FMCG,FMCG nonfood,Кормление детское,0,Estimation,626478055,3392980841,26.02.2021 01:05:34
202112,FMCG,FMCG nonfood,Личная гигиена,0,Estimation,3901778043,362943568,26.02.2021 00:57:31
202112,FMCG,FMCG nonfood,Уход и гигиена,0,Estimation,728992217,3992683046,26.02.2021 01:05:34
202112,FMCG,FMCG nonfood,Электроника детская,1,Estimation,810739362,2867532251,26.02.2021 01:04:22
202112,FMCG,FMCG nonfood,Электроника детская,0,Estimation,3928212158,3701181305,26.02.2021 00:57:31
202112,FMCG,FMCG nonfood,Детская продукция,0,Estimation,2828109540,3976405785,26.02.2021 01:35:54
202112,FMCG,FMCG nonfood,Бытовая химия,0,Estimation,1886963944,3579468672,26.02.2021 01:05:34
202112,FMCG,FMCG nonfood,Кормление детское,0,Estimation,3521648938,2169409862,26.02.2021 01:35:54
202112,FMCG,FMCG nonfood,Бритвы и лезвия,0,Estimation,1258778032,1086595987,26.02.2021 01:05:34
202112,FMCG,FMCG nonfood,Бритвы и лезвия,0,Estimation,3320367084,733223195,26.02.2021 01:35:54
202112,FMCG,FMCG nonfood,Бытовая химия,1,Estimation,1277407742,694597593,26.02.2021 01:04:22
202112,FMCG,FMCG nonfood,Детская продукция,0,Estimation,1473053899,420881094,26.02.2021 00:57:31
202112,FMCG,FMCG nonfood,Личная гигиена,0,Estimation,2111514327,451941657,26.02.2021 01:35:54
202112,FMCG,FMCG nonfood,Личная гигиена,0,Estimation,2727956903,3995965462,26.02.2021 01:05:34
202112,FMCG,FMCG nonfood,Уход и гигиена,0,Estimation,3051392696,934691439,26.02.2021 00:57:31
202112,FMCG,FMCG nonfood,Кормление детское,0,Estimation,2417818194,3277852990,26.02.2021 00:57:31
202112,FMCG,FMCG nonfood,Уход и гигиена,1,Estimation,2795377512,1240948977,26.02.2021 01:04:22
202112,FMCG,FMCG nonfood,Личная гигиена,1,Estimation,565751621,3328978427,26.01.2021 01:04:22
202112,FMCG,FMCG nonfood,Личная гигиена,0,Estimation,2435878845,393786639,26.01.2021 01:35:54
202112,FMCG,FMCG nonfood,Личная гигиена,0,Estimation,3481372032,1800519073,26.01.2021 00:57:31
202112,FMCG,FMCG nonfood,Детская продукция,0,Estimation,4034934352,1510586469,26.01.2021 00:57:31
202112,FMCG,FMCG nonfood,Бытовая химия,0,Estimation,257755938,4084576788,26.01.2021 01:35:54
202112,FMCG,FMCG nonfood,Кормление детское,0,Estimation,537511145,3198292339,26.01.2021 00:57:31
202112,FMCG,FMCG nonfood,Бритвы и лезвия,0,Estimation,1349488392,930306349,26.01.2021 01:05:34
202112,FMCG,FMCG nonfood,Кормление детское,0,Estimation,3957210310,2260651698,26.01.2021 01:05:34
202112,FMCG,FMCG nonfood,Бритвы и лезвия,0,Estimation,4053148496,3829745209,26.01.2021 01:35:54
202112,FMCG,FMCG nonfood,Бытовая химия,1,Estimation,1731442704,1416367058,26.01.2021 01:04:22
202112,FMCG,FMCG nonfood,Детская продукция,0,Estimation,1573132677,3769722820,26.01.2021 01:05:34
202112,FMCG,FMCG nonfood,Бритвы и лезвия,0,Estimation,4172809559,1504834304,26.01.2021 00:57:31
202112,FMCG,FMCG nonfood,Бритвы и лезвия,1,Estimation,3819356167,231383215,26.01.2021 01:04:22
202112,FMCG,FMCG nonfood,Личная гигиена,0,Estimation,867226841,3025227591,26.01.2021 01:05:34
202112,FMCG,FMCG nonfood,Электроника детская,0,Estimation,933628508,2784149315,26.01.2021 01:05:34
202112,FMCG,FMCG nonfood,Уход и гигиена,0,Estimation,183641798,3186345783,26.01.2021 00:57:31
202112,FMCG,FMCG nonfood,Уход и гигиена,0,Estimation,972981927,120310774,26.01.2021 01:35:54
202112,FMCG,FMCG nonfood,Детская продукция,1,Estimation,3903615974,1203202961,26.01.2021 01:04:22
202112,FMCG,FMCG nonfood,Кормление детское,1,Estimation,128617697,4008807385,26.01.2021 01:04:22
202112,FMCG,FMCG nonfood,Электроника детская,1,Estimation,2020678071,319889690,26.01.2021 01:04:22
202112,FMCG,FMCG nonfood,Бытовая химия,0,Estimation,1909838258,3252487850,26.01.2021 01:05:34
202112,FMCG,FMCG nonfood,Детская продукция,0,Estimation,3654821899,4241318129,26.01.2021 01:35:54
202112,FMCG,FMCG nonfood,Уход и гигиена,1,Estimation,2277404082,2000804647,26.01.2021 01:04:22
202112,FMCG,FMCG nonfood,Бытовая химия,0,Estimation,58083290,3853930477,26.01.2021 00:57:31
202112,FMCG,FMCG nonfood,Кормление детское,0,Estimation,949503511,297599317,26.01.2021 01:35:54
202112,FMCG,FMCG nonfood,Электроника детская,0,Estimation,3939177484,2686098904,26.01.2021 00:57:31
202112,FMCG,FMCG nonfood,Уход и гигиена,0,Estimation,856866574,322671173,26.01.2021 01:05:34
202112,FMCG,FMCG nonfood,Электроника детская,0,Estimation,2351479267,2329744457,26.01.2021 01:35:54
202112,FMCG,Food,Напитки,0,Estimation,1392487210,231352904,26.02.2021 00:23:17
202112,FMCG,Food,Детское питание,0,Estimation,1046418338,4036999620,26.02.2021 00:23:17
202112,FMCG,Food,Бакалея,1,Estimation,3675362470,2593744293,26.02.2021 00:30:07
202112,FMCG,Food,Молочная продукция стерилизованная,0,Estimation,2010270271,3118094992,26.02.2021 00:31:30
202112,FMCG,Food,Детское питание,1,Estimation,2268115294,2492159898,26.02.2021 00:30:07
202112,FMCG,Food,Кондитерские изделия,1,Estimation,1003363570,3816551289,26.02.2021 00:30:07
202112,FMCG,Food,Бакалея,0,Estimation,425599539,562238206,26.02.2021 00:23:17
202112,FMCG,Food,Молекулярная кухня,0,Estimation,2286646928,213071953,26.02.2021 01:35:54
202112,FMCG,Food,Кондитерские изделия,0,Estimation,2923051715,2326089180,26.02.2021 00:31:30
202112,FMCG,Food,Кондитерские изделия,0,Estimation,3764635568,2330209711,26.02.2021 01:35:54
202112,FMCG,Food,Напитки,1,Estimation,812772493,2522458677,26.02.2021 00:30:07
202112,FMCG,Food,Молочная продукция стерилизованная,0,Estimation,616560472,2429644066,26.02.2021 01:35:54
202112,FMCG,Food,Кондитерские изделия,0,Estimation,3206565312,917982382,26.02.2021 00:23:17
202112,FMCG,Food,Детское питание,0,Estimation,87677217,2180795926,26.02.2021 01:35:54
202112,FMCG,Food,Бакалея,0,Estimation,1286443694,80601889,26.02.2021 00:31:30
202112,FMCG,Food,Напитки,0,Estimation,923063979,3439627573,26.02.2021 01:35:54
202112,FMCG,Food,Молекулярная кухня,0,Estimation,3600410049,2520049098,26.02.2021 00:23:17
202112,FMCG,Food,Напитки,0,Estimation,2221915441,2239494662,26.02.2021 00:31:30
202112,FMCG,Food,Бакалея,0,Estimation,1768134982,27171372,26.02.2021 01:35:54
202112,FMCG,Food,Молочная продукция стерилизованная,1,Estimation,3127813839,4143787529,26.02.2021 00:30:07
202112,FMCG,Food,Детское питание,0,Estimation,1765526104,1583956918,26.02.2021 00:31:30
202112,FMCG,Food,Молочная продукция стерилизованная,0,Estimation,1078968472,1608078540,26.02.2021 00:23:17
202112,FMCG,Food,Напитки,1,Estimation,2651688878,3162035042,26.01.2021 00:30:07
202112,FMCG,Food,Кондитерские изделия,0,Estimation,1923622885,174731644,26.01.2021 00:31:30
202112,FMCG,Food,Напитки,0,Estimation,3744938547,675683987,26.01.2021 00:31:30
202112,FMCG,Food,Детское питание,0,Estimation,638211409,1199093533,26.01.2021 00:31:30
202112,FMCG,Food,Бакалея,0,Estimation,2007631472,1698052498,26.01.2021 00:23:17
202112,FMCG,Food,Бакалея,0,Estimation,4048661003,836651410,26.01.2021 01:35:54
202112,FMCG,Food,Бакалея,0,Estimation,2910773662,4279891326,26.01.2021 00:31:30
202112,FMCG,Food,Бакалея,1,Estimation,2603899392,1111373796,26.01.2021 00:30:07
202112,FMCG,Food,Детское питание,1,Estimation,2838933181,607499764,26.01.2021 00:30:07
202112,FMCG,Food,Напитки,0,Estimation,2110517038,3436041812,26.01.2021 00:23:17
202112,FMCG,Food,Детское питание,0,Estimation,169087501,360229217,26.01.2021 01:35:54
202112,FMCG,Food,Кондитерские изделия,1,Estimation,104125686,2221630838,26.01.2021 00:30:07
202112,FMCG,Food,Напитки,0,Estimation,162610183,1688641727,26.01.2021 01:35:54
202112,FMCG,Food,Детское питание,0,Estimation,2119971441,2890309717,26.01.2021 00:23:17
202112,FMCG,Food,Молочная продукция стерилизованная,0,Estimation,3586047846,2373861891,26.01.2021 00:23:17
202112,FMCG,Food,Молочная продукция стерилизованная,0,Estimation,1171121345,2152166432,26.01.2021 01:35:54
202112,FMCG,Food,Молекулярная кухня,0,Estimation,3800879217,1743465088,26.01.2021 00:23:17
202112,FMCG,Food,Молочная продукция стерилизованная,1,Estimation,171542109,3365512767,26.01.2021 00:30:07
202112,FMCG,Food,Молекулярная кухня,0,Estimation,1866164965,192095254,26.01.2021 01:35:54
202112,FMCG,Food,Кондитерские изделия,0,Estimation,4271366265,2057339515,26.01.2021 01:35:54
202112,FMCG,Food,Кондитерские изделия,0,Estimation,4040493607,499554533,26.01.2021 00:23:17
202112,FMCG,Food,Молочная продукция стерилизованная,0,Estimation,2123631201,1009142426,26.01.2021 00:31:30
202112,FMCG,FreshFood,Овощи  фрукты  зелень свежие,1,Estimation,2953154580,2887484214,26.02.2021 00:30:36
202112,FMCG,FreshFood,Молочная продукция и яйца Fresh,1,Estimation,2771289513,3226753216,26.02.2021 00:30:36
202112,FMCG,FreshFood,Кулинария и полуфабрикаты Fresh,1,Estimation,2061661978,3859368874,26.02.2021 00:30:36
202112,FMCG,FreshFood,Хлебобулочные изделия Fresh,1,Estimation,1185791500,2740063272,26.02.2021 00:30:36
202112,FMCG,FreshFood,Растительные аналоги Fresh,1,Estimation,915271214,3374857643,26.02.2021 00:30:36
202112,FMCG,FreshFood,Рыба  морепродукты,1,Estimation,967691402,603527691,26.02.2021 00:30:36
202112,FMCG,FreshFood,Мясо  птица,1,Estimation,2353037728,2059138442,26.02.2021 00:30:36
202112,FMCG,FreshFood,Мясная гастрономия,1,Estimation,3690996178,4141049292,26.02.2021 00:30:36
202112,FMCG,FreshFood,Замороженные продукты,1,Estimation,65494177,1954257594,26.02.2021 00:30:36
202112,FMCG,FreshFood,Напитки Fresh,1,Estimation,2067103861,1381080227,26.02.2021 00:30:36
202112,FMCG,FreshFood,Мясо  птица,1,Estimation,3805332502,3871930622,26.01.2021 00:30:36
202112,FMCG,FreshFood,Растительные аналоги Fresh,1,Estimation,1322291591,4262243704,26.01.2021 00:30:36
202112,FMCG,FreshFood,Молочная продукция и яйца Fresh,1,Estimation,3891541667,3227904963,26.01.2021 00:30:36
202112,FMCG,FreshFood,Кулинария и полуфабрикаты Fresh,1,Estimation,2911481314,51116663,26.01.2021 00:30:36
202112,FMCG,FreshFood,Напитки Fresh,1,Estimation,889070507,3678484853,26.01.2021 00:30:36
202112,FMCG,FreshFood,Хлебобулочные изделия Fresh,1,Estimation,4256036198,1199734175,26.01.2021 00:30:36
202112,FMCG,FreshFood,Овощи  фрукты  зелень свежие,1,Estimation,1086889464,581694802,26.01.2021 00:30:36
202112,FMCG,FreshFood,Рыба  морепродукты,1,Estimation,2626707871,2850828103,26.01.2021 00:30:36
202112,FMCG,FreshFood,Замороженные продукты,1,Estimation,4211164295,3143551961,26.01.2021 00:30:36
202112,FMCG,FreshFood,Мясная гастрономия,1,Estimation,3254929550,740708435,26.01.2021 00:30:36
202112,FMCG,Moms&Kids,Игрушки,0,Estimation,1007188784,3123596163,26.02.2021 01:35:54
202112,FMCG,Moms&Kids,Творчество  хобби и игры,0,Estimation,945778418,3031775149,25.02.2021 14:13:39
202112,FMCG,Moms&Kids,Товары для школы  канцелярия  оборудование,0,Estimation,3227389358,1770973546,26.02.2021 01:35:54
202112,FMCG,Moms&Kids,КГТ и спорт для детей,0,Estimation,767611470,2805072715,25.02.2021 13:53:11
202112,FMCG,Moms&Kids,КГТ и спорт для детей,1,Estimation,2523535164,74729678,25.02.2021 13:53:11
202112,FMCG,Moms&Kids,Товары для школы  канцелярия  оборудование,0,Estimation,1781928940,201436644,25.02.2021 14:13:39
202112,FMCG,Moms&Kids,Игрушки,0,Estimation,2492252239,2049084545,25.02.2021 14:13:39
202112,FMCG,Moms&Kids,Товары для школы  канцелярия  оборудование,0,Estimation,2918121728,4076856892,25.02.2021 13:53:11
202112,FMCG,Moms&Kids,КГТ и спорт для детей,0,Estimation,4093368568,650576513,26.02.2021 01:35:54
202112,FMCG,Moms&Kids,Игрушки,0,Estimation,2908567107,3421836540,25.02.2021 13:53:11
202112,FMCG,Moms&Kids,Игрушки,1,Estimation,1524132864,3647854880,25.02.2021 13:53:11
202112,FMCG,Moms&Kids,Творчество  хобби и игры,0,Estimation,878983452,2782905175,26.02.2021 01:35:54
202112,FMCG,Moms&Kids,Творчество  хобби и игры,1,Estimation,3158078524,488284913,25.02.2021 13:53:11
202112,FMCG,Moms&Kids,Творчество  хобби и игры,0,Estimation,1626500777,2289955945,25.02.2021 13:53:11
202112,FMCG,Moms&Kids,КГТ и спорт для детей,0,Estimation,1369384588,2374995216,25.02.2021 14:13:39
202112,FMCG,Moms&Kids,Товары для школы  канцелярия  оборудование,1,Estimation,3602316553,279759247,25.02.2021 13:53:11
202112,FMCG,Moms&Kids,КГТ и спорт для детей,0,Estimation,2921354711,834164070,25.01.2021 13:53:11
202112,FMCG,Moms&Kids,КГТ и спорт для детей,0,Estimation,1538528540,3384998401,25.01.2021 14:13:39
202112,FMCG,Moms&Kids,Творчество  хобби и игры,1,Estimation,3473493377,421613554,25.01.2021 13:53:11
202112,FMCG,Moms&Kids,КГТ и спорт для детей,0,Estimation,1691606296,185566438,26.01.2021 01:35:54
202112,FMCG,Moms&Kids,Творчество  хобби и игры,0,Estimation,3443458821,2215755729,25.01.2021 14:13:39
202112,FMCG,Moms&Kids,КГТ и спорт для детей,1,Estimation,593566805,3764928206,25.01.2021 13:53:11
202112,FMCG,Moms&Kids,Творчество  хобби и игры,0,Estimation,3516801933,21598095,25.01.2021 13:53:11
202112,FMCG,Moms&Kids,Творчество  хобби и игры,0,Estimation,4092410446,702129280,26.01.2021 01:35:54
202112,FMCG,Moms&Kids,Игрушки,0,Estimation,3500666179,3468966837,25.01.2021 13:53:11
202112,FMCG,Moms&Kids,Товары для школы  канцелярия  оборудование,0,Estimation,3198489136,2339482966,25.01.2021 14:13:39
202112,FMCG,Moms&Kids,Игрушки,0,Estimation,4031458106,3659796839,25.01.2021 14:13:39
202112,FMCG,Moms&Kids,Товары для школы  канцелярия  оборудование,0,Estimation,1231345310,4040296085,25.01.2021 13:53:11
202112,FMCG,Moms&Kids,Товары для школы  канцелярия  оборудование,1,Estimation,3460412900,1790631992,25.01.2021 13:53:11
202112,FMCG,Moms&Kids,Товары для школы  канцелярия  оборудование,0,Estimation,2492258885,1697559759,26.01.2021 01:35:54
202112,FMCG,Moms&Kids,Игрушки,0,Estimation,2126032702,956292841,26.01.2021 01:35:54
202112,FMCG,Moms&Kids,Игрушки,1,Estimation,292529753,1317877520,25.01.2021 13:53:11
202112,FMCG,Zoo,Фермерское хозяйство - Товары для пчеловодства,0,Estimation,1468209280,2034641825,26.02.2021 01:35:54
202112,FMCG,Zoo,Спальное место животного,0,Estimation,3226756951,1213721094,26.02.2021 01:35:54
202112,FMCG,Zoo,Гигиена и уход животных,1,Estimation,428613901,3124158434,26.02.2021 01:00:04
202112,FMCG,Zoo,Зоокорм  витамины,0,Estimation,792335940,4262548844,26.02.2021 01:35:54
202112,FMCG,Zoo,Товары для прогулки и дрессировки животных,0,Estimation,388899875,3550675205,26.02.2021 00:56:14
202112,FMCG,Zoo,Гигиена и уход животных,0,Estimation,2410071192,645780007,26.02.2021 00:56:14
202112,FMCG,Zoo,Фермерское хозяйство - Содержание  уход птицы и сельскохозяйственных животных,0,Estimation,828619353,1425868078,26.02.2021 00:56:14
202112,FMCG,Zoo,Товары для прогулки и дрессировки животных,1,Estimation,1569700052,553208277,26.02.2021 01:00:04
202112,FMCG,Zoo,Спальное место животного,0,Estimation,3465476744,1648169410,26.02.2021 01:02:02
202112,FMCG,Zoo,Фермерское хозяйство - Корма и кормовые добавки для птицеводства и животноводства,0,Estimation,3930934402,3379005422,26.02.2021 00:56:14
202112,FMCG,Zoo,Гигиена и уход животных,0,Estimation,3488062632,953560694,26.02.2021 01:02:02
202112,FMCG,Zoo,Зоокорм  витамины,1,Estimation,1208102375,1251549933,26.02.2021 01:00:04
202112,FMCG,Zoo,Фермерское хозяйство - Корма и кормовые добавки для птицеводства и животноводства,0,Estimation,2847259673,683398812,26.02.2021 01:35:54
202112,FMCG,Zoo,Товары для прогулки и дрессировки животных,0,Estimation,772674209,3944361944,26.02.2021 01:02:02
202112,FMCG,Zoo,Фермерское хозяйство - Содержание  уход птицы и сельскохозяйственных животных,0,Estimation,1583135488,1888566859,26.02.2021 01:35:54
202112,FMCG,Zoo,Зоокорм  витамины,0,Estimation,4027985656,3607013030,26.02.2021 00:56:14
202112,FMCG,Zoo,Гигиена и уход животных,0,Estimation,77267535,2090036596,26.02.2021 01:35:54
202112,FMCG,Zoo,Спальное место животного,1,Estimation,827243119,2889731346,26.02.2021 01:00:04
202112,FMCG,Zoo,Товары для прогулки и дрессировки животных,0,Estimation,3952802338,260925009,26.02.2021 01:35:54
202112,FMCG,Zoo,Фермерское хозяйство - Товары для пчеловодства,0,Estimation,1259315622,279527079,26.02.2021 00:56:14
202112,FMCG,Zoo,Фермерское хозяйство - Оборудование для птицеводства и животноводства,0,Estimation,2246556398,19081867,26.02.2021 00:56:14
202112,FMCG,Zoo,Спальное место животного,0,Estimation,2883989598,1884759002,26.02.2021 00:56:14
202112,FMCG,Zoo,Зоокорм  витамины,0,Estimation,3429710541,572710831,26.02.2021 01:02:02
202112,FMCG,Zoo,Фермерское хозяйство - Оборудование для птицеводства и животноводства,0,Estimation,123212364,1336725788,26.02.2021 01:35:54
202112,FMCG,Zoo,Спальное место животного,1,Estimation,2714402401,2109986004,26.01.2021 01:00:04
202112,FMCG,Zoo,Фермерское хозяйство - Содержание  уход птицы и сельскохозяйственных животных,0,Estimation,3206648169,2808129126,26.01.2021 01:35:54
202112,FMCG,Zoo,Гигиена и уход животных,0,Estimation,2580043502,3208335353,26.01.2021 01:35:54
202112,FMCG,Zoo,Фермерское хозяйство - Товары для пчеловодства,0,Estimation,2576760745,974193742,26.01.2021 00:56:14
202112,FMCG,Zoo,Спальное место животного,0,Estimation,2529483966,756650096,26.01.2021 00:56:14
202112,FMCG,Zoo,Зоокорм  витамины,0,Estimation,3679743914,1832452072,26.01.2021 00:56:14
202112,FMCG,Zoo,Товары для прогулки и дрессировки животных,0,Estimation,1943787474,3122858136,26.01.2021 01:35:54
202112,FMCG,Zoo,Зоокорм  витамины,1,Estimation,2464860542,1797197414,26.01.2021 01:00:04
202112,FMCG,Zoo,Спальное место животного,0,Estimation,3056650959,4289855774,26.01.2021 01:02:02
202112,FMCG,Zoo,Фермерское хозяйство - Корма и кормовые добавки для птицеводства и животноводства,0,Estimation,2742557265,1454554860,26.01.2021 01:35:54
202112,FMCG,Zoo,Фермерское хозяйство - Оборудование для птицеводства и животноводства,0,Estimation,474463688,1290335198,26.01.2021 00:56:14
202112,FMCG,Zoo,Зоокорм  витамины,0,Estimation,1137750050,2178820871,26.01.2021 01:35:54
202112,FMCG,Zoo,Товары для прогулки и дрессировки животных,1,Estimation,2747791251,3060234482,26.01.2021 01:00:04
202112,FMCG,Zoo,Фермерское хозяйство - Корма и кормовые добавки для птицеводства и животноводства,0,Estimation,933437358,356807566,26.01.2021 00:56:14
202112,FMCG,Zoo,Гигиена и уход животных,0,Estimation,1976570897,2071502641,26.01.2021 01:02:02
202112,FMCG,Zoo,Зоокорм  витамины,0,Estimation,1404881906,814288711,26.01.2021 01:02:02
202112,FMCG,Zoo,Фермерское хозяйство - Оборудование для птицеводства и животноводства,0,Estimation,2508556408,241620905,26.01.2021 01:35:54
202112,FMCG,Zoo,Фермерское хозяйство - Содержание  уход птицы и сельскохозяйственных животных,0,Estimation,1320739313,3092761176,26.01.2021 00:56:14
202112,FMCG,Zoo,Товары для прогулки и дрессировки животных,0,Estimation,2613008555,2422404402,26.01.2021 01:02:02
202112,FMCG,Zoo,Гигиена и уход животных,1,Estimation,87422018,2167591653,26.01.2021 01:00:04
202112,FMCG,Zoo,Товары для прогулки и дрессировки животных,0,Estimation,540723881,43281064,26.01.2021 00:56:14
202112,FMCG,Zoo,Спальное место животного,0,Estimation,1123510301,201392095,26.01.2021 01:35:54
202112,FMCG,Zoo,Фермерское хозяйство - Товары для пчеловодства,0,Estimation,688892967,2945929659,26.01.2021 01:35:54
202112,FMCG,Zoo,Гигиена и уход животных,0,Estimation,1942740028,1532925428,26.01.2021 00:56:14
